Time,Solar,WindOnShore,WindOffShore,Hydro,HydroStorage,HydroPumpedStorage,Marine,Nuclear,Geothermal,Biomass,Waste,OtherRenewable,Lignite,Coal,Gas,CoalGas,Oil,ShaleOil,Peat,Other
2019-01-01T00:00:00.0,0.0,961.0,0.0,1030.0,8772.0,0.0,0.0,0.0,0.0,0.0,0.0,0.0,0.0,0.0,337.0,0.0,0.0,0.0,0.0,308.0
2019-01-01T01:00:00.0,0.0,951.0,0.0,1030.0,9572.0,0.0,0.0,0.0,0.0,0.0,0.0,0.0,0.0,0.0,338.0,0.0,0.0,0.0,0.0,296.0
2019-01-01T02:00:00.0,0.0,965.0,0.0,1032.0,9665.0,0.0,0.0,0.0,0.0,0.0,0.0,0.0,0.0,0.0,340.0,0.0,0.0,0.0,0.0,306.0
2019-01-01T03:00:00.0,0.0,944.0,0.0,1029.0,9193.0,0.0,0.0,0.0,0.0,0.0,0.0,0.0,0.0,0.0,341.0,0.0,0.0,0.0,0.0,330.0
2019-01-01T04:00:00.0,0.0,898.0,0.0,1024.0,8967.0,0.0,0.0,0.0,0.0,0.0,0.0,0.0,0.0,0.0,339.0,0.0,0.0,0.0,0.0,264.0
2019-01-01T05:00:00.0,0.0,870.0,0.0,1023.0,9122.0,0.0,0.0,0.0,0.0,0.0,0.0,0.0,0.0,0.0,339.0,0.0,0.0,0.0,0.0,183.0
2019-01-01T06:00:00.0,0.0,878.0,0.0,1016.0,9602.0,0.0,0.0,0.0,0.0,0.0,0.0,0.0,0.0,0.0,338.0,0.0,0.0,0.0,0.0,171.0
2019-01-01T07:00:00.0,0.0,895.0,0.0,1017.0,10352.0,0.0,0.0,0.0,0.0,0.0,0.0,0.0,0.0,0.0,340.0,0.0,0.0,0.0,0.0,208.0
2019-01-01T08:00:00.0,0.0,963.0,0.0,1006.0,9759.0,0.0,0.0,0.0,0.0,0.0,0.0,0.0,0.0,0.0,341.0,0.0,0.0,0.0,0.0,381.0
2019-01-01T09:00:00.0,0.0,978.0,0.0,999.0,9967.0,0.0,0.0,0.0,0.0,0.0,0.0,0.0,0.0,0.0,339.0,0.0,0.0,0.0,0.0,361.0
2019-01-01T10:00:00.0,0.0,978.0,0.0,997.0,10716.0,0.0,0.0,0.0,0.0,0.0,0.0,0.0,0.0,0.0,340.0,0.0,0.0,0.0,0.0,376.0
2019-01-01T11:00:00.0,0.0,1038.0,0.0,1001.0,11037.0,0.0,0.0,0.0,0.0,0.0,0.0,0.0,0.0,0.0,342.0,0.0,0.0,0.0,0.0,397.0
2019-01-01T12:00:00.0,0.0,1018.0,0.0,993.0,11014.0,0.0,0.0,0.0,0.0,0.0,0.0,0.0,0.0,0.0,342.0,0.0,0.0,0.0,0.0,380.0
2019-01-01T13:00:00.0,0.0,973.0,0.0,999.0,11019.0,0.0,0.0,0.0,0.0,0.0,0.0,0.0,0.0,0.0,343.0,0.0,0.0,0.0,0.0,290.0
2019-01-01T14:00:00.0,0.0,1027.0,0.0,1003.0,10971.0,0.0,0.0,0.0,0.0,0.0,0.0,0.0,0.0,0.0,340.0,0.0,0.0,0.0,0.0,294.0
2019-01-01T15:00:00.0,0.0,1041.0,0.0,1009.0,11643.0,0.0,0.0,0.0,0.0,0.0,0.0,0.0,0.0,0.0,342.0,0.0,0.0,0.0,0.0,291.0
2019-01-01T16:00:00.0,0.0,1051.0,0.0,1010.0,12261.0,0.0,0.0,0.0,0.0,0.0,0.0,0.0,0.0,0.0,347.0,0.0,0.0,0.0,0.0,275.0
2019-01-01T17:00:00.0,0.0,1044.0,0.0,1008.0,12382.0,0.0,0.0,0.0,0.0,0.0,0.0,0.0,0.0,0.0,343.0,0.0,0.0,0.0,0.0,253.0
2019-01-01T18:00:00.0,0.0,1049.0,0.0,1003.0,11854.0,0.0,0.0,0.0,0.0,0.0,0.0,0.0,0.0,0.0,348.0,0.0,0.0,0.0,0.0,250.0
2019-01-01T19:00:00.0,0.0,1032.0,0.0,993.0,11243.0,0.0,0.0,0.0,0.0,0.0,0.0,0.0,0.0,0.0,345.0,0.0,0.0,0.0,0.0,257.0
2019-01-01T20:00:00.0,0.0,1023.0,0.0,985.0,11200.0,0.0,0.0,0.0,0.0,0.0,0.0,0.0,0.0,0.0,321.0,0.0,0.0,0.0,0.0,262.0
2019-01-01T21:00:00.0,0.0,987.0,0.0,985.0,11045.0,0.0,0.0,0.0,0.0,0.0,0.0,0.0,0.0,0.0,245.0,0.0,0.0,0.0,0.0,259.0
2019-01-01T22:00:00.0,0.0,942.0,0.0,982.0,10998.0,0.0,0.0,0.0,0.0,0.0,0.0,0.0,0.0,0.0,244.0,0.0,0.0,0.0,0.0,225.0
2019-01-01T23:00:00.0,0.0,914.0,0.0,978.0,10633.0,0.0,0.0,0.0,0.0,0.0,0.0,0.0,0.0,0.0,246.0,0.0,0.0,0.0,0.0,234.0
2019-01-02T00:00:00.0,0.0,894.0,0.0,1012.0,10644.0,0.0,0.0,0.0,0.0,0.0,0.0,0.0,0.0,0.0,250.0,0.0,0.0,0.0,0.0,208.0
2019-01-02T01:00:00.0,0.0,848.0,0.0,1006.0,10019.0,0.0,0.0,0.0,0.0,0.0,0.0,0.0,0.0,0.0,249.0,0.0,0.0,0.0,0.0,211.0
2019-01-02T02:00:00.0,0.0,775.0,0.0,1008.0,9891.0,0.0,0.0,0.0,0.0,0.0,0.0,0.0,0.0,0.0,249.0,0.0,0.0,0.0,0.0,178.0
2019-01-02T03:00:00.0,0.0,746.0,0.0,1007.0,9641.0,0.0,0.0,0.0,0.0,0.0,0.0,0.0,0.0,0.0,251.0,0.0,0.0,0.0,0.0,213.0
2019-01-02T04:00:00.0,0.0,640.0,0.0,1006.0,10050.0,0.0,0.0,0.0,0.0,0.0,0.0,0.0,0.0,0.0,252.0,0.0,0.0,0.0,0.0,200.0
2019-01-02T05:00:00.0,0.0,614.0,0.0,1003.0,10491.0,0.0,0.0,0.0,0.0,0.0,0.0,0.0,0.0,0.0,251.0,0.0,0.0,0.0,0.0,191.0
2019-01-02T06:00:00.0,0.0,648.0,0.0,1003.0,11498.0,0.0,0.0,0.0,0.0,0.0,0.0,0.0,0.0,0.0,249.0,0.0,0.0,0.0,0.0,251.0
2019-01-02T07:00:00.0,0.0,616.0,0.0,1008.0,13025.0,0.0,0.0,0.0,0.0,0.0,0.0,0.0,0.0,0.0,246.0,0.0,0.0,0.0,0.0,248.0
2019-01-02T08:00:00.0,0.0,597.0,0.0,1009.0,14153.0,0.0,0.0,0.0,0.0,0.0,0.0,0.0,0.0,0.0,262.0,0.0,0.0,0.0,0.0,245.0
2019-01-02T09:00:00.0,0.0,485.0,0.0,1000.0,14550.0,0.0,0.0,0.0,0.0,0.0,0.0,0.0,0.0,0.0,262.0,0.0,0.0,0.0,0.0,166.0
2019-01-02T10:00:00.0,0.0,471.0,0.0,992.0,14739.0,0.0,0.0,0.0,0.0,0.0,0.0,0.0,0.0,0.0,263.0,0.0,0.0,0.0,0.0,144.0
2019-01-02T11:00:00.0,0.0,465.0,0.0,990.0,14218.0,0.0,0.0,0.0,0.0,0.0,0.0,0.0,0.0,0.0,257.0,0.0,0.0,0.0,0.0,182.0
2019-01-02T12:00:00.0,0.0,484.0,0.0,1016.0,13450.0,0.0,0.0,0.0,0.0,0.0,0.0,0.0,0.0,0.0,271.0,0.0,0.0,0.0,0.0,269.0
2019-01-02T13:00:00.0,0.0,521.0,0.0,1018.0,14008.0,0.0,0.0,0.0,0.0,0.0,0.0,0.0,0.0,0.0,254.0,0.0,0.0,0.0,0.0,267.0
2019-01-02T14:00:00.0,0.0,521.0,0.0,1011.0,15417.0,0.0,0.0,0.0,0.0,0.0,0.0,0.0,0.0,0.0,267.0,0.0,0.0,0.0,0.0,233.0
2019-01-02T15:00:00.0,0.0,540.0,0.0,1006.0,18020.0,0.0,0.0,0.0,0.0,0.0,0.0,0.0,0.0,0.0,279.0,0.0,0.0,0.0,0.0,206.0
2019-01-02T16:00:00.0,0.0,533.0,0.0,1005.0,19026.0,0.0,0.0,0.0,0.0,0.0,0.0,0.0,0.0,0.0,272.0,0.0,0.0,0.0,0.0,267.0
2019-01-02T17:00:00.0,0.0,501.0,0.0,1015.0,20345.0,0.0,0.0,0.0,0.0,0.0,0.0,0.0,0.0,0.0,279.0,0.0,0.0,0.0,0.0,155.0
2019-01-02T18:00:00.0,0.0,459.0,0.0,1014.0,20218.0,0.0,0.0,0.0,0.0,0.0,0.0,0.0,0.0,0.0,291.0,0.0,0.0,0.0,0.0,145.0
2019-01-02T19:00:00.0,0.0,460.0,0.0,1012.0,19534.0,0.0,0.0,0.0,0.0,0.0,0.0,0.0,0.0,0.0,291.0,0.0,0.0,0.0,0.0,162.0
2019-01-02T20:00:00.0,0.0,376.0,0.0,1011.0,19148.0,0.0,0.0,0.0,0.0,0.0,0.0,0.0,0.0,0.0,307.0,0.0,0.0,0.0,0.0,111.0
2019-01-02T21:00:00.0,0.0,348.0,0.0,1001.0,18382.0,0.0,0.0,0.0,0.0,0.0,0.0,0.0,0.0,0.0,306.0,0.0,0.0,0.0,0.0,102.0
2019-01-02T22:00:00.0,0.0,338.0,0.0,998.0,17334.0,0.0,0.0,0.0,0.0,0.0,0.0,0.0,0.0,0.0,305.0,0.0,0.0,0.0,0.0,101.0
2019-01-02T23:00:00.0,0.0,328.0,0.0,994.0,14533.0,0.0,0.0,0.0,0.0,0.0,0.0,0.0,0.0,0.0,304.0,0.0,0.0,0.0,0.0,84.0
2019-01-03T00:00:00.0,0.0,314.0,0.0,989.0,13525.0,0.0,0.0,0.0,0.0,0.0,0.0,0.0,0.0,0.0,307.0,0.0,0.0,0.0,0.0,116.0
2019-01-03T01:00:00.0,0.0,409.0,0.0,987.0,12143.0,0.0,0.0,0.0,0.0,0.0,0.0,0.0,0.0,0.0,310.0,0.0,0.0,0.0,0.0,142.0
2019-01-03T02:00:00.0,0.0,359.0,0.0,983.0,11335.0,0.0,0.0,0.0,0.0,0.0,0.0,0.0,0.0,0.0,307.0,0.0,0.0,0.0,0.0,107.0
2019-01-03T03:00:00.0,0.0,478.0,0.0,981.0,11486.0,0.0,0.0,0.0,0.0,0.0,0.0,0.0,0.0,0.0,307.0,0.0,0.0,0.0,0.0,120.0
2019-01-03T04:00:00.0,0.0,468.0,0.0,981.0,12079.0,0.0,0.0,0.0,0.0,0.0,0.0,0.0,0.0,0.0,300.0,0.0,0.0,0.0,0.0,197.0
2019-01-03T05:00:00.0,0.0,536.0,0.0,980.0,13288.0,0.0,0.0,0.0,0.0,0.0,0.0,0.0,0.0,0.0,313.0,0.0,0.0,0.0,0.0,307.0
2019-01-03T06:00:00.0,0.0,569.0,0.0,980.0,16202.0,0.0,0.0,0.0,0.0,0.0,0.0,0.0,0.0,0.0,307.0,0.0,0.0,0.0,0.0,309.0
2019-01-03T07:00:00.0,0.0,528.0,0.0,986.0,20121.0,0.0,0.0,0.0,0.0,0.0,0.0,0.0,0.0,0.0,309.0,0.0,0.0,0.0,0.0,306.0
2019-01-03T08:00:00.0,0.0,525.0,0.0,983.0,21926.0,0.0,0.0,0.0,0.0,0.0,0.0,0.0,0.0,0.0,309.0,0.0,0.0,0.0,0.0,214.0
2019-01-03T09:00:00.0,0.0,574.0,0.0,979.0,21836.0,0.0,0.0,0.0,0.0,0.0,0.0,0.0,0.0,0.0,301.0,0.0,0.0,0.0,0.0,228.0
2019-01-03T10:00:00.0,0.0,581.0,0.0,976.0,21446.0,0.0,0.0,0.0,0.0,0.0,0.0,0.0,0.0,0.0,304.0,0.0,0.0,0.0,0.0,229.0
2019-01-03T11:00:00.0,0.0,642.0,0.0,983.0,22013.0,0.0,0.0,0.0,0.0,0.0,0.0,0.0,0.0,0.0,311.0,0.0,0.0,0.0,0.0,225.0
2019-01-03T12:00:00.0,0.0,644.0,0.0,982.0,21939.0,0.0,0.0,0.0,0.0,0.0,0.0,0.0,0.0,0.0,317.0,0.0,0.0,0.0,0.0,219.0
2019-01-03T13:00:00.0,0.0,692.0,0.0,983.0,21613.0,0.0,0.0,0.0,0.0,0.0,0.0,0.0,0.0,0.0,318.0,0.0,0.0,0.0,0.0,226.0
2019-01-03T14:00:00.0,0.0,720.0,0.0,982.0,21318.0,0.0,0.0,0.0,0.0,0.0,0.0,0.0,0.0,0.0,319.0,0.0,0.0,0.0,0.0,283.0
2019-01-03T15:00:00.0,0.0,718.0,0.0,983.0,21360.0,0.0,0.0,0.0,0.0,0.0,0.0,0.0,0.0,0.0,318.0,0.0,0.0,0.0,0.0,251.0
2019-01-03T16:00:00.0,0.0,694.0,0.0,980.0,21622.0,0.0,0.0,0.0,0.0,0.0,0.0,0.0,0.0,0.0,313.0,0.0,0.0,0.0,0.0,251.0
2019-01-03T17:00:00.0,0.0,700.0,0.0,979.0,21693.0,0.0,0.0,0.0,0.0,0.0,0.0,0.0,0.0,0.0,311.0,0.0,0.0,0.0,0.0,304.0
2019-01-03T18:00:00.0,0.0,704.0,0.0,978.0,21592.0,0.0,0.0,0.0,0.0,0.0,0.0,0.0,0.0,0.0,317.0,0.0,0.0,0.0,0.0,305.0
2019-01-03T19:00:00.0,0.0,688.0,0.0,978.0,21393.0,0.0,0.0,0.0,0.0,0.0,0.0,0.0,0.0,0.0,316.0,0.0,0.0,0.0,0.0,306.0
2019-01-03T20:00:00.0,0.0,684.0,0.0,978.0,20515.0,0.0,0.0,0.0,0.0,0.0,0.0,0.0,0.0,0.0,316.0,0.0,0.0,0.0,0.0,264.0
2019-01-03T21:00:00.0,0.0,692.0,0.0,977.0,19315.0,0.0,0.0,0.0,0.0,0.0,0.0,0.0,0.0,0.0,315.0,0.0,0.0,0.0,0.0,257.0
2019-01-03T22:00:00.0,0.0,706.0,0.0,971.0,17402.0,0.0,0.0,0.0,0.0,0.0,0.0,0.0,0.0,0.0,331.0,0.0,0.0,0.0,0.0,244.0
2019-01-03T23:00:00.0,0.0,730.0,0.0,970.0,13929.0,0.0,0.0,0.0,0.0,0.0,0.0,0.0,0.0,0.0,332.0,0.0,0.0,0.0,0.0,267.0
2019-01-04T00:00:00.0,0.0,744.0,0.0,956.0,13102.0,0.0,0.0,0.0,0.0,0.0,0.0,0.0,0.0,0.0,329.0,0.0,0.0,0.0,0.0,305.0
2019-01-04T01:00:00.0,0.0,723.0,0.0,955.0,11395.0,0.0,0.0,0.0,0.0,0.0,0.0,0.0,0.0,0.0,326.0,0.0,0.0,0.0,0.0,242.0
2019-01-04T02:00:00.0,0.0,758.0,0.0,957.0,10432.0,0.0,0.0,0.0,0.0,0.0,0.0,0.0,0.0,0.0,329.0,0.0,0.0,0.0,0.0,331.0
2019-01-04T03:00:00.0,0.0,738.0,0.0,958.0,10498.0,0.0,0.0,0.0,0.0,0.0,0.0,0.0,0.0,0.0,327.0,0.0,0.0,0.0,0.0,309.0
2019-01-04T04:00:00.0,0.0,773.0,0.0,959.0,10365.0,0.0,0.0,0.0,0.0,0.0,0.0,0.0,0.0,0.0,325.0,0.0,0.0,0.0,0.0,320.0
2019-01-04T05:00:00.0,0.0,774.0,0.0,964.0,11213.0,0.0,0.0,0.0,0.0,0.0,0.0,0.0,0.0,0.0,326.0,0.0,0.0,0.0,0.0,322.0
2019-01-04T06:00:00.0,0.0,776.0,0.0,971.0,14765.0,0.0,0.0,0.0,0.0,0.0,0.0,0.0,0.0,0.0,328.0,0.0,0.0,0.0,0.0,322.0
2019-01-04T07:00:00.0,0.0,725.0,0.0,976.0,18057.0,0.0,0.0,0.0,0.0,0.0,0.0,0.0,0.0,0.0,317.0,0.0,0.0,0.0,0.0,293.0
2019-01-04T08:00:00.0,0.0,696.0,0.0,985.0,19924.0,0.0,0.0,0.0,0.0,0.0,0.0,0.0,0.0,0.0,327.0,0.0,0.0,0.0,0.0,280.0
2019-01-04T09:00:00.0,0.0,646.0,0.0,983.0,19751.0,0.0,0.0,0.0,0.0,0.0,0.0,0.0,0.0,0.0,327.0,0.0,0.0,0.0,0.0,187.0
2019-01-04T10:00:00.0,0.0,628.0,0.0,985.0,19557.0,0.0,0.0,0.0,0.0,0.0,0.0,0.0,0.0,0.0,326.0,0.0,0.0,0.0,0.0,153.0
2019-01-04T11:00:00.0,0.0,657.0,0.0,988.0,18623.0,0.0,0.0,0.0,0.0,0.0,0.0,0.0,0.0,0.0,314.0,0.0,0.0,0.0,0.0,209.0
2019-01-04T12:00:00.0,0.0,654.0,0.0,993.0,17304.0,0.0,0.0,0.0,0.0,0.0,0.0,0.0,0.0,0.0,322.0,0.0,0.0,0.0,0.0,199.0
2019-01-04T13:00:00.0,0.0,583.0,0.0,995.0,16642.0,0.0,0.0,0.0,0.0,0.0,0.0,0.0,0.0,0.0,301.0,0.0,0.0,0.0,0.0,157.0
2019-01-04T14:00:00.0,0.0,582.0,0.0,986.0,15558.0,0.0,0.0,0.0,0.0,0.0,0.0,0.0,0.0,0.0,296.0,0.0,0.0,0.0,0.0,157.0
2019-01-04T15:00:00.0,0.0,642.0,0.0,984.0,16579.0,0.0,0.0,0.0,0.0,0.0,0.0,0.0,0.0,0.0,215.0,0.0,0.0,0.0,0.0,194.0
2019-01-04T16:00:00.0,0.0,612.0,0.0,992.0,17977.0,0.0,0.0,0.0,0.0,0.0,0.0,0.0,0.0,0.0,217.0,0.0,0.0,0.0,0.0,132.0
2019-01-04T17:00:00.0,0.0,617.0,0.0,1000.0,18340.0,0.0,0.0,0.0,0.0,0.0,0.0,0.0,0.0,0.0,214.0,0.0,0.0,0.0,0.0,160.0
2019-01-04T18:00:00.0,0.0,587.0,0.0,1004.0,18071.0,0.0,0.0,0.0,0.0,0.0,0.0,0.0,0.0,0.0,214.0,0.0,0.0,0.0,0.0,144.0
2019-01-04T19:00:00.0,0.0,576.0,0.0,1009.0,16757.0,0.0,0.0,0.0,0.0,0.0,0.0,0.0,0.0,0.0,217.0,0.0,0.0,0.0,0.0,131.0
2019-01-04T20:00:00.0,0.0,596.0,0.0,1011.0,14481.0,0.0,0.0,0.0,0.0,0.0,0.0,0.0,0.0,0.0,217.0,0.0,0.0,0.0,0.0,97.0
2019-01-04T21:00:00.0,0.0,546.0,0.0,1010.0,13303.0,0.0,0.0,0.0,0.0,0.0,0.0,0.0,0.0,0.0,216.0,0.0,0.0,0.0,0.0,78.0
2019-01-04T22:00:00.0,0.0,612.0,0.0,1012.0,12798.0,0.0,0.0,0.0,0.0,0.0,0.0,0.0,0.0,0.0,215.0,0.0,0.0,0.0,0.0,98.0
2019-01-04T23:00:00.0,0.0,517.0,0.0,1010.0,11478.0,0.0,0.0,0.0,0.0,0.0,0.0,0.0,0.0,0.0,218.0,0.0,0.0,0.0,0.0,64.0
2019-01-05T00:00:00.0,0.0,536.0,0.0,1011.0,11347.0,0.0,0.0,0.0,0.0,0.0,0.0,0.0,0.0,0.0,225.0,0.0,0.0,0.0,0.0,93.0
2019-01-05T01:00:00.0,0.0,520.0,0.0,1008.0,10303.0,0.0,0.0,0.0,0.0,0.0,0.0,0.0,0.0,0.0,222.0,0.0,0.0,0.0,0.0,95.0
2019-01-05T02:00:00.0,0.0,499.0,0.0,1007.0,9620.0,0.0,0.0,0.0,0.0,0.0,0.0,0.0,0.0,0.0,231.0,0.0,0.0,0.0,0.0,95.0
2019-01-05T03:00:00.0,0.0,478.0,0.0,1003.0,9400.0,0.0,0.0,0.0,0.0,0.0,0.0,0.0,0.0,0.0,232.0,0.0,0.0,0.0,0.0,97.0
2019-01-05T04:00:00.0,0.0,461.0,0.0,1008.0,9654.0,0.0,0.0,0.0,0.0,0.0,0.0,0.0,0.0,0.0,223.0,0.0,0.0,0.0,0.0,101.0
2019-01-05T05:00:00.0,0.0,436.0,0.0,1013.0,10321.0,0.0,0.0,0.0,0.0,0.0,0.0,0.0,0.0,0.0,222.0,0.0,0.0,0.0,0.0,103.0
2019-01-05T06:00:00.0,0.0,424.0,0.0,1013.0,11099.0,0.0,0.0,0.0,0.0,0.0,0.0,0.0,0.0,0.0,224.0,0.0,0.0,0.0,0.0,104.0
2019-01-05T07:00:00.0,0.0,401.0,0.0,1011.0,11972.0,0.0,0.0,0.0,0.0,0.0,0.0,0.0,0.0,0.0,219.0,0.0,0.0,0.0,0.0,102.0
2019-01-05T08:00:00.0,0.0,364.0,0.0,1008.0,14096.0,0.0,0.0,0.0,0.0,0.0,0.0,0.0,0.0,0.0,221.0,0.0,0.0,0.0,0.0,103.0
2019-01-05T09:00:00.0,0.0,322.0,0.0,1009.0,15997.0,0.0,0.0,0.0,0.0,0.0,0.0,0.0,0.0,0.0,220.0,0.0,0.0,0.0,0.0,105.0
2019-01-05T10:00:00.0,0.0,276.0,0.0,1007.0,16712.0,0.0,0.0,0.0,0.0,0.0,0.0,0.0,0.0,0.0,221.0,0.0,0.0,0.0,0.0,100.0
2019-01-05T11:00:00.0,0.0,253.0,0.0,1010.0,17483.0,0.0,0.0,0.0,0.0,0.0,0.0,0.0,0.0,0.0,222.0,0.0,0.0,0.0,0.0,92.0
2019-01-05T12:00:00.0,0.0,253.0,0.0,1010.0,18285.0,0.0,0.0,0.0,0.0,0.0,0.0,0.0,0.0,0.0,223.0,0.0,0.0,0.0,0.0,86.0
2019-01-05T13:00:00.0,0.0,252.0,0.0,1008.0,18089.0,0.0,0.0,0.0,0.0,0.0,0.0,0.0,0.0,0.0,220.0,0.0,0.0,0.0,0.0,82.0
2019-01-05T14:00:00.0,0.0,218.0,0.0,1007.0,18457.0,0.0,0.0,0.0,0.0,0.0,0.0,0.0,0.0,0.0,225.0,0.0,0.0,0.0,0.0,72.0
2019-01-05T15:00:00.0,0.0,243.0,0.0,1006.0,19844.0,0.0,0.0,0.0,0.0,0.0,0.0,0.0,0.0,0.0,228.0,0.0,0.0,0.0,0.0,69.0
2019-01-05T16:00:00.0,0.0,243.0,0.0,1004.0,21439.0,0.0,0.0,0.0,0.0,0.0,0.0,0.0,0.0,0.0,235.0,0.0,0.0,0.0,0.0,72.0
2019-01-05T17:00:00.0,0.0,247.0,0.0,1003.0,21916.0,0.0,0.0,0.0,0.0,0.0,0.0,0.0,0.0,0.0,232.0,0.0,0.0,0.0,0.0,61.0
2019-01-05T18:00:00.0,0.0,293.0,0.0,999.0,21636.0,0.0,0.0,0.0,0.0,0.0,0.0,0.0,0.0,0.0,233.0,0.0,0.0,0.0,0.0,59.0
2019-01-05T19:00:00.0,0.0,320.0,0.0,998.0,20745.0,0.0,0.0,0.0,0.0,0.0,0.0,0.0,0.0,0.0,229.0,0.0,0.0,0.0,0.0,58.0
2019-01-05T20:00:00.0,0.0,265.0,0.0,995.0,19112.0,0.0,0.0,0.0,0.0,0.0,0.0,0.0,0.0,0.0,221.0,0.0,0.0,0.0,0.0,78.0
2019-01-05T21:00:00.0,0.0,295.0,0.0,993.0,17998.0,0.0,0.0,0.0,0.0,0.0,0.0,0.0,0.0,0.0,223.0,0.0,0.0,0.0,0.0,83.0
2019-01-05T22:00:00.0,0.0,312.0,0.0,993.0,16114.0,0.0,0.0,0.0,0.0,0.0,0.0,0.0,0.0,0.0,228.0,0.0,0.0,0.0,0.0,83.0
2019-01-05T23:00:00.0,0.0,340.0,0.0,993.0,14477.0,0.0,0.0,0.0,0.0,0.0,0.0,0.0,0.0,0.0,226.0,0.0,0.0,0.0,0.0,101.0
2019-01-06T00:00:00.0,0.0,376.0,0.0,1002.0,13430.0,0.0,0.0,0.0,0.0,0.0,0.0,0.0,0.0,0.0,227.0,0.0,0.0,0.0,0.0,117.0
2019-01-06T01:00:00.0,0.0,427.0,0.0,998.0,12342.0,0.0,0.0,0.0,0.0,0.0,0.0,0.0,0.0,0.0,230.0,0.0,0.0,0.0,0.0,152.0
2019-01-06T02:00:00.0,0.0,405.0,0.0,998.0,11919.0,0.0,0.0,0.0,0.0,0.0,0.0,0.0,0.0,0.0,220.0,0.0,0.0,0.0,0.0,114.0
2019-01-06T03:00:00.0,0.0,398.0,0.0,996.0,11645.0,0.0,0.0,0.0,0.0,0.0,0.0,0.0,0.0,0.0,226.0,0.0,0.0,0.0,0.0,106.0
2019-01-06T04:00:00.0,0.0,409.0,0.0,995.0,11140.0,0.0,0.0,0.0,0.0,0.0,0.0,0.0,0.0,0.0,227.0,0.0,0.0,0.0,0.0,100.0
2019-01-06T05:00:00.0,0.0,505.0,0.0,998.0,11533.0,0.0,0.0,0.0,0.0,0.0,0.0,0.0,0.0,0.0,227.0,0.0,0.0,0.0,0.0,127.0
2019-01-06T06:00:00.0,0.0,492.0,0.0,999.0,12047.0,0.0,0.0,0.0,0.0,0.0,0.0,0.0,0.0,0.0,225.0,0.0,0.0,0.0,0.0,115.0
2019-01-06T07:00:00.0,0.0,492.0,0.0,1000.0,12921.0,0.0,0.0,0.0,0.0,0.0,0.0,0.0,0.0,0.0,225.0,0.0,0.0,0.0,0.0,116.0
2019-01-06T08:00:00.0,0.0,531.0,0.0,1001.0,14705.0,0.0,0.0,0.0,0.0,0.0,0.0,0.0,0.0,0.0,227.0,0.0,0.0,0.0,0.0,115.0
2019-01-06T09:00:00.0,0.0,562.0,0.0,1003.0,17960.0,0.0,0.0,0.0,0.0,0.0,0.0,0.0,0.0,0.0,225.0,0.0,0.0,0.0,0.0,140.0
2019-01-06T10:00:00.0,0.0,593.0,0.0,1004.0,18885.0,0.0,0.0,0.0,0.0,0.0,0.0,0.0,0.0,0.0,226.0,0.0,0.0,0.0,0.0,157.0
2019-01-06T11:00:00.0,0.0,622.0,0.0,1005.0,19054.0,0.0,0.0,0.0,0.0,0.0,0.0,0.0,0.0,0.0,227.0,0.0,0.0,0.0,0.0,187.0
2019-01-06T12:00:00.0,0.0,613.0,0.0,1005.0,18738.0,0.0,0.0,0.0,0.0,0.0,0.0,0.0,0.0,0.0,226.0,0.0,0.0,0.0,0.0,200.0
2019-01-06T13:00:00.0,0.0,615.0,0.0,1003.0,18711.0,0.0,0.0,0.0,0.0,0.0,0.0,0.0,0.0,0.0,223.0,0.0,0.0,0.0,0.0,192.0
2019-01-06T14:00:00.0,0.0,569.0,0.0,1001.0,18209.0,0.0,0.0,0.0,0.0,0.0,0.0,0.0,0.0,0.0,216.0,0.0,0.0,0.0,0.0,152.0
2019-01-06T15:00:00.0,0.0,522.0,0.0,1000.0,18525.0,0.0,0.0,0.0,0.0,0.0,0.0,0.0,0.0,0.0,210.0,0.0,0.0,0.0,0.0,119.0
2019-01-06T16:00:00.0,0.0,477.0,0.0,999.0,19929.0,0.0,0.0,0.0,0.0,0.0,0.0,0.0,0.0,0.0,204.0,0.0,0.0,0.0,0.0,112.0
2019-01-06T17:00:00.0,0.0,465.0,0.0,979.0,20457.0,0.0,0.0,0.0,0.0,0.0,0.0,0.0,0.0,0.0,199.0,0.0,0.0,0.0,0.0,146.0
2019-01-06T18:00:00.0,0.0,474.0,0.0,979.0,20313.0,0.0,0.0,0.0,0.0,0.0,0.0,0.0,0.0,0.0,206.0,0.0,0.0,0.0,0.0,119.0
2019-01-06T19:00:00.0,0.0,474.0,0.0,997.0,19611.0,0.0,0.0,0.0,0.0,0.0,0.0,0.0,0.0,0.0,200.0,0.0,0.0,0.0,0.0,122.0
2019-01-06T20:00:00.0,0.0,414.0,0.0,999.0,18805.0,0.0,0.0,0.0,0.0,0.0,0.0,0.0,0.0,0.0,197.0,0.0,0.0,0.0,0.0,123.0
2019-01-06T21:00:00.0,0.0,428.0,0.0,998.0,17681.0,0.0,0.0,0.0,0.0,0.0,0.0,0.0,0.0,0.0,199.0,0.0,0.0,0.0,0.0,127.0
2019-01-06T22:00:00.0,0.0,444.0,0.0,999.0,15734.0,0.0,0.0,0.0,0.0,0.0,0.0,0.0,0.0,0.0,196.0,0.0,0.0,0.0,0.0,127.0
2019-01-06T23:00:00.0,0.0,461.0,0.0,996.0,14190.0,0.0,0.0,0.0,0.0,0.0,0.0,0.0,0.0,0.0,197.0,0.0,0.0,0.0,0.0,133.0
2019-01-07T00:00:00.0,0.0,543.0,0.0,1008.0,12141.0,0.0,0.0,0.0,0.0,0.0,0.0,0.0,0.0,0.0,197.0,0.0,0.0,0.0,0.0,193.0
2019-01-07T01:00:00.0,0.0,572.0,0.0,1002.0,11277.0,0.0,0.0,0.0,0.0,0.0,0.0,0.0,0.0,0.0,195.0,0.0,0.0,0.0,0.0,226.0
2019-01-07T02:00:00.0,0.0,433.0,0.0,990.0,10893.0,0.0,0.0,0.0,0.0,0.0,0.0,0.0,0.0,0.0,197.0,0.0,0.0,0.0,0.0,160.0
2019-01-07T03:00:00.0,0.0,500.0,0.0,1004.0,10145.0,0.0,0.0,0.0,0.0,0.0,0.0,0.0,0.0,0.0,195.0,0.0,0.0,0.0,0.0,245.0
2019-01-07T04:00:00.0,0.0,488.0,0.0,987.0,11161.0,0.0,0.0,0.0,0.0,0.0,0.0,0.0,0.0,0.0,194.0,0.0,0.0,0.0,0.0,188.0
2019-01-07T05:00:00.0,0.0,542.0,0.0,987.0,14211.0,0.0,0.0,0.0,0.0,0.0,0.0,0.0,0.0,0.0,193.0,0.0,0.0,0.0,0.0,267.0
2019-01-07T06:00:00.0,0.0,419.0,0.0,993.0,19368.0,0.0,0.0,0.0,0.0,0.0,0.0,0.0,0.0,0.0,194.0,0.0,0.0,0.0,0.0,190.0
2019-01-07T07:00:00.0,0.0,407.0,0.0,1002.0,21652.0,0.0,0.0,0.0,0.0,0.0,0.0,0.0,0.0,0.0,197.0,0.0,0.0,0.0,0.0,188.0
2019-01-07T08:00:00.0,0.0,416.0,0.0,1022.0,22397.0,0.0,0.0,0.0,0.0,0.0,0.0,0.0,0.0,0.0,197.0,0.0,0.0,0.0,0.0,179.0
2019-01-07T09:00:00.0,0.0,394.0,0.0,1025.0,22420.0,0.0,0.0,0.0,0.0,0.0,0.0,0.0,0.0,0.0,197.0,0.0,0.0,0.0,0.0,171.0
2019-01-07T10:00:00.0,0.0,406.0,0.0,1014.0,22324.0,0.0,0.0,0.0,0.0,0.0,0.0,0.0,0.0,0.0,192.0,0.0,0.0,0.0,0.0,107.0
2019-01-07T11:00:00.0,0.0,475.0,0.0,1022.0,21613.0,0.0,0.0,0.0,0.0,0.0,0.0,0.0,0.0,0.0,190.0,0.0,0.0,0.0,0.0,112.0
2019-01-07T12:00:00.0,0.0,588.0,0.0,1021.0,21356.0,0.0,0.0,0.0,0.0,0.0,0.0,0.0,0.0,0.0,191.0,0.0,0.0,0.0,0.0,108.0
2019-01-07T13:00:00.0,0.0,652.0,0.0,1020.0,20819.0,0.0,0.0,0.0,0.0,0.0,0.0,0.0,0.0,0.0,190.0,0.0,0.0,0.0,0.0,99.0
2019-01-07T14:00:00.0,0.0,678.0,0.0,1021.0,20744.0,0.0,0.0,0.0,0.0,0.0,0.0,0.0,0.0,0.0,192.0,0.0,0.0,0.0,0.0,110.0
2019-01-07T15:00:00.0,0.0,730.0,0.0,1022.0,20428.0,0.0,0.0,0.0,0.0,0.0,0.0,0.0,0.0,0.0,156.0,0.0,0.0,0.0,0.0,127.0
2019-01-07T16:00:00.0,0.0,709.0,0.0,1021.0,20253.0,0.0,0.0,0.0,0.0,0.0,0.0,0.0,0.0,0.0,158.0,0.0,0.0,0.0,0.0,122.0
2019-01-07T17:00:00.0,0.0,689.0,0.0,1023.0,19797.0,0.0,0.0,0.0,0.0,0.0,0.0,0.0,0.0,0.0,156.0,0.0,0.0,0.0,0.0,217.0
2019-01-07T18:00:00.0,0.0,695.0,0.0,1022.0,18147.0,0.0,0.0,0.0,0.0,0.0,0.0,0.0,0.0,0.0,157.0,0.0,0.0,0.0,0.0,236.0
2019-01-07T19:00:00.0,0.0,613.0,0.0,1040.0,16996.0,0.0,0.0,0.0,0.0,0.0,0.0,0.0,0.0,0.0,156.0,0.0,0.0,0.0,0.0,203.0
2019-01-07T20:00:00.0,0.0,546.0,0.0,1026.0,15656.0,0.0,0.0,0.0,0.0,0.0,0.0,0.0,0.0,0.0,158.0,0.0,0.0,0.0,0.0,173.0
2019-01-07T21:00:00.0,0.0,477.0,0.0,1024.0,14477.0,0.0,0.0,0.0,0.0,0.0,0.0,0.0,0.0,0.0,157.0,0.0,0.0,0.0,0.0,176.0
2019-01-07T22:00:00.0,0.0,460.0,0.0,1025.0,13098.0,0.0,0.0,0.0,0.0,0.0,0.0,0.0,0.0,0.0,159.0,0.0,0.0,0.0,0.0,153.0
2019-01-07T23:00:00.0,0.0,521.0,0.0,1028.0,11161.0,0.0,0.0,0.0,0.0,0.0,0.0,0.0,0.0,0.0,158.0,0.0,0.0,0.0,0.0,201.0
2019-01-08T00:00:00.0,0.0,518.0,0.0,1074.0,10520.0,0.0,0.0,0.0,0.0,0.0,0.0,0.0,0.0,0.0,158.0,0.0,0.0,0.0,0.0,171.0
2019-01-08T01:00:00.0,0.0,581.0,0.0,1069.0,9959.0,0.0,0.0,0.0,0.0,0.0,0.0,0.0,0.0,0.0,163.0,0.0,0.0,0.0,0.0,127.0
2019-01-08T02:00:00.0,0.0,707.0,0.0,1070.0,9436.0,0.0,0.0,0.0,0.0,0.0,0.0,0.0,0.0,0.0,161.0,0.0,0.0,0.0,0.0,159.0
2019-01-08T03:00:00.0,0.0,763.0,0.0,1066.0,9663.0,0.0,0.0,0.0,0.0,0.0,0.0,0.0,0.0,0.0,158.0,0.0,0.0,0.0,0.0,180.0
2019-01-08T04:00:00.0,0.0,805.0,0.0,1064.0,10315.0,0.0,0.0,0.0,0.0,0.0,0.0,0.0,0.0,0.0,160.0,0.0,0.0,0.0,0.0,283.0
2019-01-08T05:00:00.0,0.0,809.0,0.0,1062.0,11760.0,0.0,0.0,0.0,0.0,0.0,0.0,0.0,0.0,0.0,162.0,0.0,0.0,0.0,0.0,208.0
2019-01-08T06:00:00.0,0.0,747.0,0.0,1062.0,15142.0,0.0,0.0,0.0,0.0,0.0,0.0,0.0,0.0,0.0,158.0,0.0,0.0,0.0,0.0,228.0
2019-01-08T07:00:00.0,0.0,738.0,0.0,1060.0,17071.0,0.0,0.0,0.0,0.0,0.0,0.0,0.0,0.0,0.0,163.0,0.0,0.0,0.0,0.0,172.0
2019-01-08T08:00:00.0,0.0,734.0,0.0,1048.0,17913.0,0.0,0.0,0.0,0.0,0.0,0.0,0.0,0.0,0.0,160.0,0.0,0.0,0.0,0.0,257.0
2019-01-08T09:00:00.0,0.0,654.0,0.0,1045.0,17723.0,0.0,0.0,0.0,0.0,0.0,0.0,0.0,0.0,0.0,159.0,0.0,0.0,0.0,0.0,198.0
2019-01-08T10:00:00.0,0.0,605.0,0.0,1040.0,17561.0,0.0,0.0,0.0,0.0,0.0,0.0,0.0,0.0,0.0,161.0,0.0,0.0,0.0,0.0,184.0
2019-01-08T11:00:00.0,0.0,594.0,0.0,1041.0,16763.0,0.0,0.0,0.0,0.0,0.0,0.0,0.0,0.0,0.0,160.0,0.0,0.0,0.0,0.0,182.0
2019-01-08T12:00:00.0,0.0,611.0,0.0,1045.0,15339.0,0.0,0.0,0.0,0.0,0.0,0.0,0.0,0.0,0.0,163.0,0.0,0.0,0.0,0.0,204.0
2019-01-08T13:00:00.0,0.0,630.0,0.0,1043.0,15306.0,0.0,0.0,0.0,0.0,0.0,0.0,0.0,0.0,0.0,193.0,0.0,0.0,0.0,0.0,204.0
2019-01-08T14:00:00.0,0.0,607.0,0.0,1042.0,15797.0,0.0,0.0,0.0,0.0,0.0,0.0,0.0,0.0,0.0,192.0,0.0,0.0,0.0,0.0,173.0
2019-01-08T15:00:00.0,0.0,661.0,0.0,1038.0,15668.0,0.0,0.0,0.0,0.0,0.0,0.0,0.0,0.0,0.0,192.0,0.0,0.0,0.0,0.0,231.0
2019-01-08T16:00:00.0,0.0,722.0,0.0,1041.0,16739.0,0.0,0.0,0.0,0.0,0.0,0.0,0.0,0.0,0.0,174.0,0.0,0.0,0.0,0.0,190.0
2019-01-08T17:00:00.0,0.0,706.0,0.0,1040.0,16749.0,0.0,0.0,0.0,0.0,0.0,0.0,0.0,0.0,0.0,194.0,0.0,0.0,0.0,0.0,194.0
2019-01-08T18:00:00.0,0.0,636.0,0.0,1037.0,15889.0,0.0,0.0,0.0,0.0,0.0,0.0,0.0,0.0,0.0,194.0,0.0,0.0,0.0,0.0,176.0
2019-01-08T19:00:00.0,0.0,662.0,0.0,1038.0,15026.0,0.0,0.0,0.0,0.0,0.0,0.0,0.0,0.0,0.0,189.0,0.0,0.0,0.0,0.0,189.0
2019-01-08T20:00:00.0,0.0,617.0,0.0,1033.0,14412.0,0.0,0.0,0.0,0.0,0.0,0.0,0.0,0.0,0.0,192.0,0.0,0.0,0.0,0.0,209.0
2019-01-08T21:00:00.0,0.0,608.0,0.0,1027.0,14151.0,0.0,0.0,0.0,0.0,0.0,0.0,0.0,0.0,0.0,194.0,0.0,0.0,0.0,0.0,205.0
2019-01-08T22:00:00.0,0.0,609.0,0.0,1022.0,12787.0,0.0,0.0,0.0,0.0,0.0,0.0,0.0,0.0,0.0,195.0,0.0,0.0,0.0,0.0,201.0
2019-01-08T23:00:00.0,0.0,575.0,0.0,1021.0,11372.0,0.0,0.0,0.0,0.0,0.0,0.0,0.0,0.0,0.0,186.0,0.0,0.0,0.0,0.0,243.0
2019-01-09T00:00:00.0,0.0,682.0,0.0,999.0,9996.0,0.0,0.0,0.0,0.0,0.0,0.0,0.0,0.0,0.0,194.0,0.0,0.0,0.0,0.0,339.0
2019-01-09T01:00:00.0,0.0,607.0,0.0,998.0,9403.0,0.0,0.0,0.0,0.0,0.0,0.0,0.0,0.0,0.0,193.0,0.0,0.0,0.0,0.0,367.0
2019-01-09T02:00:00.0,0.0,581.0,0.0,996.0,9171.0,0.0,0.0,0.0,0.0,0.0,0.0,0.0,0.0,0.0,193.0,0.0,0.0,0.0,0.0,353.0
2019-01-09T03:00:00.0,0.0,468.0,0.0,995.0,9114.0,0.0,0.0,0.0,0.0,0.0,0.0,0.0,0.0,0.0,190.0,0.0,0.0,0.0,0.0,204.0
2019-01-09T04:00:00.0,0.0,479.0,0.0,993.0,9446.0,0.0,0.0,0.0,0.0,0.0,0.0,0.0,0.0,0.0,196.0,0.0,0.0,0.0,0.0,239.0
2019-01-09T05:00:00.0,0.0,451.0,0.0,992.0,11614.0,0.0,0.0,0.0,0.0,0.0,0.0,0.0,0.0,0.0,196.0,0.0,0.0,0.0,0.0,178.0
2019-01-09T06:00:00.0,0.0,418.0,0.0,990.0,14338.0,0.0,0.0,0.0,0.0,0.0,0.0,0.0,0.0,0.0,195.0,0.0,0.0,0.0,0.0,193.0
2019-01-09T07:00:00.0,0.0,325.0,0.0,993.0,16693.0,0.0,0.0,0.0,0.0,0.0,0.0,0.0,0.0,0.0,194.0,0.0,0.0,0.0,0.0,230.0
2019-01-09T08:00:00.0,0.0,278.0,0.0,991.0,17416.0,0.0,0.0,0.0,0.0,0.0,0.0,0.0,0.0,0.0,195.0,0.0,0.0,0.0,0.0,229.0
2019-01-09T09:00:00.0,0.0,276.0,0.0,981.0,17058.0,0.0,0.0,0.0,0.0,0.0,0.0,0.0,0.0,0.0,194.0,0.0,0.0,0.0,0.0,191.0
2019-01-09T10:00:00.0,0.0,258.0,0.0,982.0,17330.0,0.0,0.0,0.0,0.0,0.0,0.0,0.0,0.0,0.0,195.0,0.0,0.0,0.0,0.0,190.0
2019-01-09T11:00:00.0,0.0,162.0,0.0,980.0,17076.0,0.0,0.0,0.0,0.0,0.0,0.0,0.0,0.0,0.0,193.0,0.0,0.0,0.0,0.0,126.0
2019-01-09T12:00:00.0,0.0,172.0,0.0,980.0,16471.0,0.0,0.0,0.0,0.0,0.0,0.0,0.0,0.0,0.0,192.0,0.0,0.0,0.0,0.0,108.0
2019-01-09T13:00:00.0,0.0,255.0,0.0,983.0,16723.0,0.0,0.0,0.0,0.0,0.0,0.0,0.0,0.0,0.0,190.0,0.0,0.0,0.0,0.0,134.0
2019-01-09T14:00:00.0,0.0,238.0,0.0,984.0,17278.0,0.0,0.0,0.0,0.0,0.0,0.0,0.0,0.0,0.0,191.0,0.0,0.0,0.0,0.0,115.0
2019-01-09T15:00:00.0,0.0,214.0,0.0,984.0,18651.0,0.0,0.0,0.0,0.0,0.0,0.0,0.0,0.0,0.0,191.0,0.0,0.0,0.0,0.0,112.0
2019-01-09T16:00:00.0,0.0,269.0,0.0,982.0,20121.0,0.0,0.0,0.0,0.0,0.0,0.0,0.0,0.0,0.0,189.0,0.0,0.0,0.0,0.0,129.0
2019-01-09T17:00:00.0,0.0,248.0,0.0,979.0,20796.0,0.0,0.0,0.0,0.0,0.0,0.0,0.0,0.0,0.0,194.0,0.0,0.0,0.0,0.0,144.0
2019-01-09T18:00:00.0,0.0,253.0,0.0,977.0,20482.0,0.0,0.0,0.0,0.0,0.0,0.0,0.0,0.0,0.0,191.0,0.0,0.0,0.0,0.0,125.0
2019-01-09T19:00:00.0,0.0,243.0,0.0,978.0,20011.0,0.0,0.0,0.0,0.0,0.0,0.0,0.0,0.0,0.0,193.0,0.0,0.0,0.0,0.0,137.0
2019-01-09T20:00:00.0,0.0,205.0,0.0,977.0,19112.0,0.0,0.0,0.0,0.0,0.0,0.0,0.0,0.0,0.0,194.0,0.0,0.0,0.0,0.0,114.0
2019-01-09T21:00:00.0,0.0,306.0,0.0,976.0,18853.0,0.0,0.0,0.0,0.0,0.0,0.0,0.0,0.0,0.0,193.0,0.0,0.0,0.0,0.0,141.0
2019-01-09T22:00:00.0,0.0,341.0,0.0,974.0,17853.0,0.0,0.0,0.0,0.0,0.0,0.0,0.0,0.0,0.0,190.0,0.0,0.0,0.0,0.0,158.0
2019-01-09T23:00:00.0,0.0,362.0,0.0,970.0,15789.0,0.0,0.0,0.0,0.0,0.0,0.0,0.0,0.0,0.0,168.0,0.0,0.0,0.0,0.0,206.0
2019-01-10T00:00:00.0,0.0,386.0,0.0,943.0,15150.0,0.0,0.0,0.0,0.0,0.0,0.0,0.0,0.0,0.0,192.0,0.0,0.0,0.0,0.0,229.0
2019-01-10T01:00:00.0,0.0,390.0,0.0,942.0,14864.0,0.0,0.0,0.0,0.0,0.0,0.0,0.0,0.0,0.0,185.0,0.0,0.0,0.0,0.0,254.0
2019-01-10T02:00:00.0,0.0,418.0,0.0,941.0,14277.0,0.0,0.0,0.0,0.0,0.0,0.0,0.0,0.0,0.0,189.0,0.0,0.0,0.0,0.0,256.0
2019-01-10T03:00:00.0,0.0,430.0,0.0,939.0,14560.0,0.0,0.0,0.0,0.0,0.0,0.0,0.0,0.0,0.0,192.0,0.0,0.0,0.0,0.0,279.0
2019-01-10T04:00:00.0,0.0,475.0,0.0,938.0,14710.0,0.0,0.0,0.0,0.0,0.0,0.0,0.0,0.0,0.0,186.0,0.0,0.0,0.0,0.0,275.0
2019-01-10T05:00:00.0,0.0,537.0,0.0,938.0,16764.0,0.0,0.0,0.0,0.0,0.0,0.0,0.0,0.0,0.0,188.0,0.0,0.0,0.0,0.0,293.0
2019-01-10T06:00:00.0,0.0,539.0,0.0,938.0,20950.0,0.0,0.0,0.0,0.0,0.0,0.0,0.0,0.0,0.0,189.0,0.0,0.0,0.0,0.0,326.0
2019-01-10T07:00:00.0,0.0,560.0,0.0,939.0,22424.0,0.0,0.0,0.0,0.0,0.0,0.0,0.0,0.0,0.0,195.0,0.0,0.0,0.0,0.0,308.0
2019-01-10T08:00:00.0,0.0,555.0,0.0,941.0,22264.0,0.0,0.0,0.0,0.0,0.0,0.0,0.0,0.0,0.0,191.0,0.0,0.0,0.0,0.0,320.0
2019-01-10T09:00:00.0,0.0,526.0,0.0,936.0,22345.0,0.0,0.0,0.0,0.0,0.0,0.0,0.0,0.0,0.0,186.0,0.0,0.0,0.0,0.0,327.0
2019-01-10T10:00:00.0,0.0,545.0,0.0,932.0,22459.0,0.0,0.0,0.0,0.0,0.0,0.0,0.0,0.0,0.0,193.0,0.0,0.0,0.0,0.0,324.0
2019-01-10T11:00:00.0,0.0,563.0,0.0,938.0,22611.0,0.0,0.0,0.0,0.0,0.0,0.0,0.0,0.0,0.0,190.0,0.0,0.0,0.0,0.0,313.0
2019-01-10T12:00:00.0,0.0,523.0,0.0,938.0,22628.0,0.0,0.0,0.0,0.0,0.0,0.0,0.0,0.0,0.0,190.0,0.0,0.0,0.0,0.0,314.0
2019-01-10T13:00:00.0,0.0,557.0,0.0,935.0,22192.0,0.0,0.0,0.0,0.0,0.0,0.0,0.0,0.0,0.0,189.0,0.0,0.0,0.0,0.0,317.0
2019-01-10T14:00:00.0,0.0,621.0,0.0,932.0,21891.0,0.0,0.0,0.0,0.0,0.0,0.0,0.0,0.0,0.0,187.0,0.0,0.0,0.0,0.0,332.0
2019-01-10T15:00:00.0,0.0,644.0,0.0,935.0,21962.0,0.0,0.0,0.0,0.0,0.0,0.0,0.0,0.0,0.0,194.0,0.0,0.0,0.0,0.0,333.0
2019-01-10T16:00:00.0,0.0,696.0,0.0,937.0,22072.0,0.0,0.0,0.0,0.0,0.0,0.0,0.0,0.0,0.0,200.0,0.0,0.0,0.0,0.0,341.0
2019-01-10T17:00:00.0,0.0,747.0,0.0,939.0,22177.0,0.0,0.0,0.0,0.0,0.0,0.0,0.0,0.0,0.0,199.0,0.0,0.0,0.0,0.0,362.0
2019-01-10T18:00:00.0,0.0,787.0,0.0,941.0,21285.0,0.0,0.0,0.0,0.0,0.0,0.0,0.0,0.0,0.0,232.0,0.0,0.0,0.0,0.0,334.0
2019-01-10T19:00:00.0,0.0,825.0,0.0,943.0,20236.0,0.0,0.0,0.0,0.0,0.0,0.0,0.0,0.0,0.0,232.0,0.0,0.0,0.0,0.0,347.0
2019-01-10T20:00:00.0,0.0,841.0,0.0,948.0,18619.0,0.0,0.0,0.0,0.0,0.0,0.0,0.0,0.0,0.0,261.0,0.0,0.0,0.0,0.0,342.0
2019-01-10T21:00:00.0,0.0,849.0,0.0,951.0,16980.0,0.0,0.0,0.0,0.0,0.0,0.0,0.0,0.0,0.0,265.0,0.0,0.0,0.0,0.0,332.0
2019-01-10T22:00:00.0,0.0,870.0,0.0,951.0,14917.0,0.0,0.0,0.0,0.0,0.0,0.0,0.0,0.0,0.0,271.0,0.0,0.0,0.0,0.0,326.0
2019-01-10T23:00:00.0,0.0,886.0,0.0,953.0,12786.0,0.0,0.0,0.0,0.0,0.0,0.0,0.0,0.0,0.0,263.0,0.0,0.0,0.0,0.0,299.0
2019-01-11T00:00:00.0,0.0,917.0,0.0,938.0,11527.0,0.0,0.0,0.0,0.0,0.0,0.0,0.0,0.0,0.0,272.0,0.0,0.0,0.0,0.0,345.0
2019-01-11T01:00:00.0,0.0,966.0,0.0,937.0,9908.0,0.0,0.0,0.0,0.0,0.0,0.0,0.0,0.0,0.0,272.0,0.0,0.0,0.0,0.0,333.0
2019-01-11T02:00:00.0,0.0,987.0,0.0,941.0,9583.0,0.0,0.0,0.0,0.0,0.0,0.0,0.0,0.0,0.0,271.0,0.0,0.0,0.0,0.0,343.0
2019-01-11T03:00:00.0,0.0,938.0,0.0,942.0,9977.0,0.0,0.0,0.0,0.0,0.0,0.0,0.0,0.0,0.0,272.0,0.0,0.0,0.0,0.0,347.0
2019-01-11T04:00:00.0,0.0,972.0,0.0,940.0,9815.0,0.0,0.0,0.0,0.0,0.0,0.0,0.0,0.0,0.0,267.0,0.0,0.0,0.0,0.0,314.0
2019-01-11T05:00:00.0,0.0,864.0,0.0,942.0,11046.0,0.0,0.0,0.0,0.0,0.0,0.0,0.0,0.0,0.0,266.0,0.0,0.0,0.0,0.0,307.0
2019-01-11T06:00:00.0,0.0,923.0,0.0,942.0,14650.0,0.0,0.0,0.0,0.0,0.0,0.0,0.0,0.0,0.0,270.0,0.0,0.0,0.0,0.0,298.0
2019-01-11T07:00:00.0,0.0,853.0,0.0,942.0,17998.0,0.0,0.0,0.0,0.0,0.0,0.0,0.0,0.0,0.0,269.0,0.0,0.0,0.0,0.0,286.0
2019-01-11T08:00:00.0,0.0,861.0,0.0,943.0,19259.0,0.0,0.0,0.0,0.0,0.0,0.0,0.0,0.0,0.0,270.0,0.0,0.0,0.0,0.0,330.0
2019-01-11T09:00:00.0,0.0,843.0,0.0,934.0,18880.0,0.0,0.0,0.0,0.0,0.0,0.0,0.0,0.0,0.0,269.0,0.0,0.0,0.0,0.0,366.0
2019-01-11T10:00:00.0,0.0,835.0,0.0,934.0,18939.0,0.0,0.0,0.0,0.0,0.0,0.0,0.0,0.0,0.0,280.0,0.0,0.0,0.0,0.0,379.0
2019-01-11T11:00:00.0,0.0,866.0,0.0,928.0,18403.0,0.0,0.0,0.0,0.0,0.0,0.0,0.0,0.0,0.0,293.0,0.0,0.0,0.0,0.0,379.0
2019-01-11T12:00:00.0,0.0,872.0,0.0,925.0,17555.0,0.0,0.0,0.0,0.0,0.0,0.0,0.0,0.0,0.0,292.0,0.0,0.0,0.0,0.0,382.0
2019-01-11T13:00:00.0,0.0,842.0,0.0,927.0,15752.0,0.0,0.0,0.0,0.0,0.0,0.0,0.0,0.0,0.0,292.0,0.0,0.0,0.0,0.0,360.0
2019-01-11T14:00:00.0,0.0,833.0,0.0,918.0,15180.0,0.0,0.0,0.0,0.0,0.0,0.0,0.0,0.0,0.0,292.0,0.0,0.0,0.0,0.0,354.0
2019-01-11T15:00:00.0,0.0,846.0,0.0,917.0,15254.0,0.0,0.0,0.0,0.0,0.0,0.0,0.0,0.0,0.0,295.0,0.0,0.0,0.0,0.0,343.0
2019-01-11T16:00:00.0,0.0,788.0,0.0,912.0,15636.0,0.0,0.0,0.0,0.0,0.0,0.0,0.0,0.0,0.0,292.0,0.0,0.0,0.0,0.0,332.0
2019-01-11T17:00:00.0,0.0,754.0,0.0,908.0,17057.0,0.0,0.0,0.0,0.0,0.0,0.0,0.0,0.0,0.0,294.0,0.0,0.0,0.0,0.0,386.0
2019-01-11T18:00:00.0,0.0,686.0,0.0,911.0,16036.0,0.0,0.0,0.0,0.0,0.0,0.0,0.0,0.0,0.0,301.0,0.0,0.0,0.0,0.0,373.0
2019-01-11T19:00:00.0,0.0,646.0,0.0,908.0,15250.0,0.0,0.0,0.0,0.0,0.0,0.0,0.0,0.0,0.0,296.0,0.0,0.0,0.0,0.0,358.0
2019-01-11T20:00:00.0,0.0,560.0,0.0,906.0,14225.0,0.0,0.0,0.0,0.0,0.0,0.0,0.0,0.0,0.0,295.0,0.0,0.0,0.0,0.0,306.0
2019-01-11T21:00:00.0,0.0,570.0,0.0,903.0,13342.0,0.0,0.0,0.0,0.0,0.0,0.0,0.0,0.0,0.0,304.0,0.0,0.0,0.0,0.0,378.0
2019-01-11T22:00:00.0,0.0,475.0,0.0,896.0,12084.0,0.0,0.0,0.0,0.0,0.0,0.0,0.0,0.0,0.0,287.0,0.0,0.0,0.0,0.0,228.0
2019-01-11T23:00:00.0,0.0,549.0,0.0,891.0,10717.0,0.0,0.0,0.0,0.0,0.0,0.0,0.0,0.0,0.0,280.0,0.0,0.0,0.0,0.0,362.0
2019-01-12T00:00:00.0,0.0,478.0,0.0,938.0,11374.0,0.0,0.0,0.0,0.0,0.0,0.0,0.0,0.0,0.0,280.0,0.0,0.0,0.0,0.0,333.0
2019-01-12T01:00:00.0,0.0,426.0,0.0,935.0,11107.0,0.0,0.0,0.0,0.0,0.0,0.0,0.0,0.0,0.0,282.0,0.0,0.0,0.0,0.0,332.0
2019-01-12T02:00:00.0,0.0,361.0,0.0,932.0,10929.0,0.0,0.0,0.0,0.0,0.0,0.0,0.0,0.0,0.0,284.0,0.0,0.0,0.0,0.0,262.0
2019-01-12T03:00:00.0,0.0,409.0,0.0,928.0,10183.0,0.0,0.0,0.0,0.0,0.0,0.0,0.0,0.0,0.0,285.0,0.0,0.0,0.0,0.0,313.0
2019-01-12T04:00:00.0,0.0,354.0,0.0,928.0,10561.0,0.0,0.0,0.0,0.0,0.0,0.0,0.0,0.0,0.0,287.0,0.0,0.0,0.0,0.0,225.0
2019-01-12T05:00:00.0,0.0,367.0,0.0,926.0,10456.0,0.0,0.0,0.0,0.0,0.0,0.0,0.0,0.0,0.0,286.0,0.0,0.0,0.0,0.0,222.0
2019-01-12T06:00:00.0,0.0,355.0,0.0,925.0,10683.0,0.0,0.0,0.0,0.0,0.0,0.0,0.0,0.0,0.0,289.0,0.0,0.0,0.0,0.0,213.0
2019-01-12T07:00:00.0,0.0,335.0,0.0,926.0,11996.0,0.0,0.0,0.0,0.0,0.0,0.0,0.0,0.0,0.0,294.0,0.0,0.0,0.0,0.0,240.0
2019-01-12T08:00:00.0,0.0,317.0,0.0,923.0,13364.0,0.0,0.0,0.0,0.0,0.0,0.0,0.0,0.0,0.0,289.0,0.0,0.0,0.0,0.0,115.0
2019-01-12T09:00:00.0,0.0,332.0,0.0,919.0,15087.0,0.0,0.0,0.0,0.0,0.0,0.0,0.0,0.0,0.0,287.0,0.0,0.0,0.0,0.0,102.0
2019-01-12T10:00:00.0,0.0,309.0,0.0,915.0,15524.0,0.0,0.0,0.0,0.0,0.0,0.0,0.0,0.0,0.0,287.0,0.0,0.0,0.0,0.0,51.0
2019-01-12T11:00:00.0,0.0,306.0,0.0,909.0,15458.0,0.0,0.0,0.0,0.0,0.0,0.0,0.0,0.0,0.0,285.0,0.0,0.0,0.0,0.0,33.0
2019-01-12T12:00:00.0,0.0,290.0,0.0,911.0,15268.0,0.0,0.0,0.0,0.0,0.0,0.0,0.0,0.0,0.0,288.0,0.0,0.0,0.0,0.0,33.0
2019-01-12T13:00:00.0,0.0,316.0,0.0,909.0,14859.0,0.0,0.0,0.0,0.0,0.0,0.0,0.0,0.0,0.0,287.0,0.0,0.0,0.0,0.0,36.0
2019-01-12T14:00:00.0,0.0,304.0,0.0,917.0,14931.0,0.0,0.0,0.0,0.0,0.0,0.0,0.0,0.0,0.0,285.0,0.0,0.0,0.0,0.0,40.0
2019-01-12T15:00:00.0,0.0,323.0,0.0,917.0,15808.0,0.0,0.0,0.0,0.0,0.0,0.0,0.0,0.0,0.0,289.0,0.0,0.0,0.0,0.0,34.0
2019-01-12T16:00:00.0,0.0,306.0,0.0,917.0,17121.0,0.0,0.0,0.0,0.0,0.0,0.0,0.0,0.0,0.0,287.0,0.0,0.0,0.0,0.0,29.0
2019-01-12T17:00:00.0,0.0,249.0,0.0,918.0,18327.0,0.0,0.0,0.0,0.0,0.0,0.0,0.0,0.0,0.0,285.0,0.0,0.0,0.0,0.0,33.0
2019-01-12T18:00:00.0,0.0,229.0,0.0,916.0,17225.0,0.0,0.0,0.0,0.0,0.0,0.0,0.0,0.0,0.0,282.0,0.0,0.0,0.0,0.0,30.0
2019-01-12T19:00:00.0,0.0,205.0,0.0,915.0,15957.0,0.0,0.0,0.0,0.0,0.0,0.0,0.0,0.0,0.0,284.0,0.0,0.0,0.0,0.0,31.0
2019-01-12T20:00:00.0,0.0,176.0,0.0,913.0,14632.0,0.0,0.0,0.0,0.0,0.0,0.0,0.0,0.0,0.0,287.0,0.0,0.0,0.0,0.0,32.0
2019-01-12T21:00:00.0,0.0,183.0,0.0,910.0,14361.0,0.0,0.0,0.0,0.0,0.0,0.0,0.0,0.0,0.0,288.0,0.0,0.0,0.0,0.0,34.0
2019-01-12T22:00:00.0,0.0,174.0,0.0,908.0,13293.0,0.0,0.0,0.0,0.0,0.0,0.0,0.0,0.0,0.0,292.0,0.0,0.0,0.0,0.0,35.0
2019-01-12T23:00:00.0,0.0,204.0,0.0,907.0,12421.0,0.0,0.0,0.0,0.0,0.0,0.0,0.0,0.0,0.0,294.0,0.0,0.0,0.0,0.0,45.0
2019-01-13T00:00:00.0,0.0,338.0,0.0,889.0,12918.0,0.0,0.0,0.0,0.0,0.0,0.0,0.0,0.0,0.0,285.0,0.0,0.0,0.0,0.0,87.0
2019-01-13T01:00:00.0,0.0,427.0,0.0,888.0,12259.0,0.0,0.0,0.0,0.0,0.0,0.0,0.0,0.0,0.0,293.0,0.0,0.0,0.0,0.0,124.0
2019-01-13T02:00:00.0,0.0,459.0,0.0,890.0,11500.0,0.0,0.0,0.0,0.0,0.0,0.0,0.0,0.0,0.0,295.0,0.0,0.0,0.0,0.0,146.0
2019-01-13T03:00:00.0,0.0,537.0,0.0,892.0,11249.0,0.0,0.0,0.0,0.0,0.0,0.0,0.0,0.0,0.0,290.0,0.0,0.0,0.0,0.0,170.0
2019-01-13T04:00:00.0,0.0,628.0,0.0,892.0,10842.0,0.0,0.0,0.0,0.0,0.0,0.0,0.0,0.0,0.0,290.0,0.0,0.0,0.0,0.0,177.0
2019-01-13T05:00:00.0,0.0,607.0,0.0,894.0,10771.0,0.0,0.0,0.0,0.0,0.0,0.0,0.0,0.0,0.0,287.0,0.0,0.0,0.0,0.0,167.0
2019-01-13T06:00:00.0,0.0,605.0,0.0,899.0,10683.0,0.0,0.0,0.0,0.0,0.0,0.0,0.0,0.0,0.0,288.0,0.0,0.0,0.0,0.0,230.0
2019-01-13T07:00:00.0,0.0,623.0,0.0,903.0,11078.0,0.0,0.0,0.0,0.0,0.0,0.0,0.0,0.0,0.0,290.0,0.0,0.0,0.0,0.0,140.0
2019-01-13T08:00:00.0,0.0,689.0,0.0,905.0,11618.0,0.0,0.0,0.0,0.0,0.0,0.0,0.0,0.0,0.0,290.0,0.0,0.0,0.0,0.0,106.0
2019-01-13T09:00:00.0,0.0,746.0,0.0,907.0,11868.0,0.0,0.0,0.0,0.0,0.0,0.0,0.0,0.0,0.0,287.0,0.0,0.0,0.0,0.0,121.0
2019-01-13T10:00:00.0,0.0,740.0,0.0,909.0,12874.0,0.0,0.0,0.0,0.0,0.0,0.0,0.0,0.0,0.0,289.0,0.0,0.0,0.0,0.0,128.0
2019-01-13T11:00:00.0,0.0,841.0,0.0,904.0,13608.0,0.0,0.0,0.0,0.0,0.0,0.0,0.0,0.0,0.0,291.0,0.0,0.0,0.0,0.0,222.0
2019-01-13T12:00:00.0,0.0,824.0,0.0,907.0,13500.0,0.0,0.0,0.0,0.0,0.0,0.0,0.0,0.0,0.0,290.0,0.0,0.0,0.0,0.0,234.0
2019-01-13T13:00:00.0,0.0,818.0,0.0,908.0,13007.0,0.0,0.0,0.0,0.0,0.0,0.0,0.0,0.0,0.0,296.0,0.0,0.0,0.0,0.0,263.0
2019-01-13T14:00:00.0,0.0,802.0,0.0,906.0,12456.0,0.0,0.0,0.0,0.0,0.0,0.0,0.0,0.0,0.0,291.0,0.0,0.0,0.0,0.0,272.0
2019-01-13T15:00:00.0,0.0,825.0,0.0,904.0,13323.0,0.0,0.0,0.0,0.0,0.0,0.0,0.0,0.0,0.0,304.0,0.0,0.0,0.0,0.0,297.0
2019-01-13T16:00:00.0,0.0,790.0,0.0,906.0,14904.0,0.0,0.0,0.0,0.0,0.0,0.0,0.0,0.0,0.0,307.0,0.0,0.0,0.0,0.0,284.0
2019-01-13T17:00:00.0,0.0,809.0,0.0,902.0,14792.0,0.0,0.0,0.0,0.0,0.0,0.0,0.0,0.0,0.0,317.0,0.0,0.0,0.0,0.0,239.0
2019-01-13T18:00:00.0,0.0,821.0,0.0,898.0,14278.0,0.0,0.0,0.0,0.0,0.0,0.0,0.0,0.0,0.0,315.0,0.0,0.0,0.0,0.0,117.0
2019-01-13T19:00:00.0,0.0,882.0,0.0,895.0,14002.0,0.0,0.0,0.0,0.0,0.0,0.0,0.0,0.0,0.0,315.0,0.0,0.0,0.0,0.0,104.0
2019-01-13T20:00:00.0,0.0,863.0,0.0,893.0,12875.0,0.0,0.0,0.0,0.0,0.0,0.0,0.0,0.0,0.0,316.0,0.0,0.0,0.0,0.0,136.0
2019-01-13T21:00:00.0,0.0,870.0,0.0,890.0,12082.0,0.0,0.0,0.0,0.0,0.0,0.0,0.0,0.0,0.0,317.0,0.0,0.0,0.0,0.0,189.0
2019-01-13T22:00:00.0,0.0,852.0,0.0,887.0,11734.0,0.0,0.0,0.0,0.0,0.0,0.0,0.0,0.0,0.0,327.0,0.0,0.0,0.0,0.0,340.0
2019-01-13T23:00:00.0,0.0,866.0,0.0,881.0,11863.0,0.0,0.0,0.0,0.0,0.0,0.0,0.0,0.0,0.0,324.0,0.0,0.0,0.0,0.0,288.0
2019-01-14T00:00:00.0,0.0,873.0,0.0,878.0,11174.0,0.0,0.0,0.0,0.0,0.0,0.0,0.0,0.0,0.0,343.0,0.0,0.0,0.0,0.0,346.0
2019-01-14T01:00:00.0,0.0,868.0,0.0,874.0,11159.0,0.0,0.0,0.0,0.0,0.0,0.0,0.0,0.0,0.0,339.0,0.0,0.0,0.0,0.0,355.0
2019-01-14T02:00:00.0,0.0,854.0,0.0,876.0,11202.0,0.0,0.0,0.0,0.0,0.0,0.0,0.0,0.0,0.0,341.0,0.0,0.0,0.0,0.0,246.0
2019-01-14T03:00:00.0,0.0,762.0,0.0,877.0,10869.0,0.0,0.0,0.0,0.0,0.0,0.0,0.0,0.0,0.0,340.0,0.0,0.0,0.0,0.0,273.0
2019-01-14T04:00:00.0,0.0,692.0,0.0,880.0,10805.0,0.0,0.0,0.0,0.0,0.0,0.0,0.0,0.0,0.0,341.0,0.0,0.0,0.0,0.0,242.0
2019-01-14T05:00:00.0,0.0,661.0,0.0,878.0,11982.0,0.0,0.0,0.0,0.0,0.0,0.0,0.0,0.0,0.0,340.0,0.0,0.0,0.0,0.0,273.0
2019-01-14T06:00:00.0,0.0,778.0,0.0,881.0,13891.0,0.0,0.0,0.0,0.0,0.0,0.0,0.0,0.0,0.0,343.0,0.0,0.0,0.0,0.0,260.0
2019-01-14T07:00:00.0,0.0,785.0,0.0,890.0,17761.0,0.0,0.0,0.0,0.0,0.0,0.0,0.0,0.0,0.0,342.0,0.0,0.0,0.0,0.0,328.0
2019-01-14T08:00:00.0,0.0,789.0,0.0,894.0,18403.0,0.0,0.0,0.0,0.0,0.0,0.0,0.0,0.0,0.0,345.0,0.0,0.0,0.0,0.0,342.0
2019-01-14T09:00:00.0,0.0,801.0,0.0,902.0,17489.0,0.0,0.0,0.0,0.0,0.0,0.0,0.0,0.0,0.0,341.0,0.0,0.0,0.0,0.0,253.0
2019-01-14T10:00:00.0,0.0,807.0,0.0,907.0,17109.0,0.0,0.0,0.0,0.0,0.0,0.0,0.0,0.0,0.0,341.0,0.0,0.0,0.0,0.0,321.0
2019-01-14T11:00:00.0,0.0,793.0,0.0,911.0,16397.0,0.0,0.0,0.0,0.0,0.0,0.0,0.0,0.0,0.0,336.0,0.0,0.0,0.0,0.0,351.0
2019-01-14T12:00:00.0,0.0,810.0,0.0,907.0,15523.0,0.0,0.0,0.0,0.0,0.0,0.0,0.0,0.0,0.0,338.0,0.0,0.0,0.0,0.0,354.0
2019-01-14T13:00:00.0,0.0,796.0,0.0,905.0,14870.0,0.0,0.0,0.0,0.0,0.0,0.0,0.0,0.0,0.0,333.0,0.0,0.0,0.0,0.0,302.0
2019-01-14T14:00:00.0,0.0,777.0,0.0,905.0,14482.0,0.0,0.0,0.0,0.0,0.0,0.0,0.0,0.0,0.0,335.0,0.0,0.0,0.0,0.0,306.0
2019-01-14T15:00:00.0,0.0,794.0,0.0,905.0,15342.0,0.0,0.0,0.0,0.0,0.0,0.0,0.0,0.0,0.0,324.0,0.0,0.0,0.0,0.0,307.0
2019-01-14T16:00:00.0,0.0,761.0,0.0,909.0,17282.0,0.0,0.0,0.0,0.0,0.0,0.0,0.0,0.0,0.0,335.0,0.0,0.0,0.0,0.0,249.0
2019-01-14T17:00:00.0,0.0,732.0,0.0,908.0,17896.0,0.0,0.0,0.0,0.0,0.0,0.0,0.0,0.0,0.0,333.0,0.0,0.0,0.0,0.0,253.0
2019-01-14T18:00:00.0,0.0,721.0,0.0,906.0,17559.0,0.0,0.0,0.0,0.0,0.0,0.0,0.0,0.0,0.0,328.0,0.0,0.0,0.0,0.0,312.0
2019-01-14T19:00:00.0,0.0,693.0,0.0,905.0,16712.0,0.0,0.0,0.0,0.0,0.0,0.0,0.0,0.0,0.0,332.0,0.0,0.0,0.0,0.0,213.0
2019-01-14T20:00:00.0,0.0,606.0,0.0,903.0,15921.0,0.0,0.0,0.0,0.0,0.0,0.0,0.0,0.0,0.0,335.0,0.0,0.0,0.0,0.0,345.0
2019-01-14T21:00:00.0,0.0,511.0,0.0,902.0,14862.0,0.0,0.0,0.0,0.0,0.0,0.0,0.0,0.0,0.0,342.0,0.0,0.0,0.0,0.0,227.0
2019-01-14T22:00:00.0,0.0,531.0,0.0,901.0,13988.0,0.0,0.0,0.0,0.0,0.0,0.0,0.0,0.0,0.0,350.0,0.0,0.0,0.0,0.0,371.0
2019-01-14T23:00:00.0,0.0,377.0,0.0,900.0,12739.0,0.0,0.0,0.0,0.0,0.0,0.0,0.0,0.0,0.0,353.0,0.0,0.0,0.0,0.0,338.0
2019-01-15T00:00:00.0,0.0,463.0,0.0,866.0,12288.0,0.0,0.0,0.0,0.0,0.0,0.0,0.0,0.0,0.0,351.0,0.0,0.0,0.0,0.0,307.0
2019-01-15T01:00:00.0,0.0,400.0,0.0,864.0,11463.0,0.0,0.0,0.0,0.0,0.0,0.0,0.0,0.0,0.0,354.0,0.0,0.0,0.0,0.0,233.0
2019-01-15T02:00:00.0,0.0,310.0,0.0,865.0,11282.0,0.0,0.0,0.0,0.0,0.0,0.0,0.0,0.0,0.0,354.0,0.0,0.0,0.0,0.0,263.0
2019-01-15T03:00:00.0,0.0,165.0,0.0,864.0,10966.0,0.0,0.0,0.0,0.0,0.0,0.0,0.0,0.0,0.0,357.0,0.0,0.0,0.0,0.0,229.0
2019-01-15T04:00:00.0,0.0,155.0,0.0,863.0,11169.0,0.0,0.0,0.0,0.0,0.0,0.0,0.0,0.0,0.0,356.0,0.0,0.0,0.0,0.0,170.0
2019-01-15T05:00:00.0,0.0,241.0,0.0,863.0,12682.0,0.0,0.0,0.0,0.0,0.0,0.0,0.0,0.0,0.0,352.0,0.0,0.0,0.0,0.0,192.0
2019-01-15T06:00:00.0,0.0,227.0,0.0,866.0,16255.0,0.0,0.0,0.0,0.0,0.0,0.0,0.0,0.0,0.0,352.0,0.0,0.0,0.0,0.0,237.0
2019-01-15T07:00:00.0,0.0,228.0,0.0,872.0,20392.0,0.0,0.0,0.0,0.0,0.0,0.0,0.0,0.0,0.0,356.0,0.0,0.0,0.0,0.0,103.0
2019-01-15T08:00:00.0,0.0,226.0,0.0,898.0,22310.0,0.0,0.0,0.0,0.0,0.0,0.0,0.0,0.0,0.0,355.0,0.0,0.0,0.0,0.0,77.0
2019-01-15T09:00:00.0,0.0,171.0,0.0,895.0,22536.0,0.0,0.0,0.0,0.0,0.0,0.0,0.0,0.0,0.0,352.0,0.0,0.0,0.0,0.0,44.0
2019-01-15T10:00:00.0,0.0,180.0,0.0,895.0,22294.0,0.0,0.0,0.0,0.0,0.0,0.0,0.0,0.0,0.0,356.0,0.0,0.0,0.0,0.0,44.0
2019-01-15T11:00:00.0,0.0,302.0,0.0,895.0,21895.0,0.0,0.0,0.0,0.0,0.0,0.0,0.0,0.0,0.0,353.0,0.0,0.0,0.0,0.0,43.0
2019-01-15T12:00:00.0,0.0,384.0,0.0,898.0,20455.0,0.0,0.0,0.0,0.0,0.0,0.0,0.0,0.0,0.0,352.0,0.0,0.0,0.0,0.0,39.0
2019-01-15T13:00:00.0,0.0,405.0,0.0,898.0,19682.0,0.0,0.0,0.0,0.0,0.0,0.0,0.0,0.0,0.0,352.0,0.0,0.0,0.0,0.0,52.0
2019-01-15T14:00:00.0,0.0,393.0,0.0,901.0,19298.0,0.0,0.0,0.0,0.0,0.0,0.0,0.0,0.0,0.0,350.0,0.0,0.0,0.0,0.0,57.0
2019-01-15T15:00:00.0,0.0,419.0,0.0,901.0,19121.0,0.0,0.0,0.0,0.0,0.0,0.0,0.0,0.0,0.0,347.0,0.0,0.0,0.0,0.0,60.0
2019-01-15T16:00:00.0,0.0,380.0,0.0,901.0,20068.0,0.0,0.0,0.0,0.0,0.0,0.0,0.0,0.0,0.0,339.0,0.0,0.0,0.0,0.0,54.0
2019-01-15T17:00:00.0,0.0,332.0,0.0,904.0,20645.0,0.0,0.0,0.0,0.0,0.0,0.0,0.0,0.0,0.0,337.0,0.0,0.0,0.0,0.0,50.0
2019-01-15T18:00:00.0,0.0,287.0,0.0,905.0,20395.0,0.0,0.0,0.0,0.0,0.0,0.0,0.0,0.0,0.0,349.0,0.0,0.0,0.0,0.0,33.0
2019-01-15T19:00:00.0,0.0,253.0,0.0,905.0,19860.0,0.0,0.0,0.0,0.0,0.0,0.0,0.0,0.0,0.0,348.0,0.0,0.0,0.0,0.0,31.0
2019-01-15T20:00:00.0,0.0,224.0,0.0,904.0,18716.0,0.0,0.0,0.0,0.0,0.0,0.0,0.0,0.0,0.0,349.0,0.0,0.0,0.0,0.0,28.0
2019-01-15T21:00:00.0,0.0,172.0,0.0,903.0,17316.0,0.0,0.0,0.0,0.0,0.0,0.0,0.0,0.0,0.0,349.0,0.0,0.0,0.0,0.0,23.0
2019-01-15T22:00:00.0,0.0,134.0,0.0,898.0,15572.0,0.0,0.0,0.0,0.0,0.0,0.0,0.0,0.0,0.0,349.0,0.0,0.0,0.0,0.0,32.0
2019-01-15T23:00:00.0,0.0,81.0,0.0,895.0,13491.0,0.0,0.0,0.0,0.0,0.0,0.0,0.0,0.0,0.0,341.0,0.0,0.0,0.0,0.0,21.0
2019-01-16T00:00:00.0,0.0,44.0,0.0,885.0,13500.0,0.0,0.0,0.0,0.0,0.0,0.0,0.0,0.0,0.0,370.0,0.0,0.0,0.0,0.0,23.0
2019-01-16T01:00:00.0,0.0,65.0,0.0,887.0,13264.0,0.0,0.0,0.0,0.0,0.0,0.0,0.0,0.0,0.0,372.0,0.0,0.0,0.0,0.0,25.0
2019-01-16T02:00:00.0,0.0,98.0,0.0,886.0,13041.0,0.0,0.0,0.0,0.0,0.0,0.0,0.0,0.0,0.0,369.0,0.0,0.0,0.0,0.0,26.0
2019-01-16T03:00:00.0,0.0,194.0,0.0,886.0,13290.0,0.0,0.0,0.0,0.0,0.0,0.0,0.0,0.0,0.0,365.0,0.0,0.0,0.0,0.0,30.0
2019-01-16T04:00:00.0,0.0,305.0,0.0,885.0,13517.0,0.0,0.0,0.0,0.0,0.0,0.0,0.0,0.0,0.0,371.0,0.0,0.0,0.0,0.0,73.0
2019-01-16T05:00:00.0,0.0,388.0,0.0,887.0,15625.0,0.0,0.0,0.0,0.0,0.0,0.0,0.0,0.0,0.0,367.0,0.0,0.0,0.0,0.0,78.0
2019-01-16T06:00:00.0,0.0,462.0,0.0,891.0,18721.0,0.0,0.0,0.0,0.0,0.0,0.0,0.0,0.0,0.0,370.0,0.0,0.0,0.0,0.0,101.0
2019-01-16T07:00:00.0,0.0,505.0,0.0,903.0,21664.0,0.0,0.0,0.0,0.0,0.0,0.0,0.0,0.0,0.0,374.0,0.0,0.0,0.0,0.0,104.0
2019-01-16T08:00:00.0,0.0,532.0,0.0,908.0,21709.0,0.0,0.0,0.0,0.0,0.0,0.0,0.0,0.0,0.0,373.0,0.0,0.0,0.0,0.0,113.0
2019-01-16T09:00:00.0,0.0,536.0,0.0,921.0,20614.0,0.0,0.0,0.0,0.0,0.0,0.0,0.0,0.0,0.0,373.0,0.0,0.0,0.0,0.0,112.0
2019-01-16T10:00:00.0,0.0,525.0,0.0,928.0,20359.0,0.0,0.0,0.0,0.0,0.0,0.0,0.0,0.0,0.0,375.0,0.0,0.0,0.0,0.0,147.0
2019-01-16T11:00:00.0,0.0,506.0,0.0,935.0,20291.0,0.0,0.0,0.0,0.0,0.0,0.0,0.0,0.0,0.0,354.0,0.0,0.0,0.0,0.0,122.0
2019-01-16T12:00:00.0,0.0,491.0,0.0,937.0,19943.0,0.0,0.0,0.0,0.0,0.0,0.0,0.0,0.0,0.0,356.0,0.0,0.0,0.0,0.0,138.0
2019-01-16T13:00:00.0,0.0,437.0,0.0,938.0,19343.0,0.0,0.0,0.0,0.0,0.0,0.0,0.0,0.0,0.0,355.0,0.0,0.0,0.0,0.0,159.0
2019-01-16T14:00:00.0,0.0,403.0,0.0,943.0,19838.0,0.0,0.0,0.0,0.0,0.0,0.0,0.0,0.0,0.0,351.0,0.0,0.0,0.0,0.0,161.0
2019-01-16T15:00:00.0,0.0,374.0,0.0,946.0,20006.0,0.0,0.0,0.0,0.0,0.0,0.0,0.0,0.0,0.0,353.0,0.0,0.0,0.0,0.0,152.0
2019-01-16T16:00:00.0,0.0,350.0,0.0,950.0,21010.0,0.0,0.0,0.0,0.0,0.0,0.0,0.0,0.0,0.0,348.0,0.0,0.0,0.0,0.0,142.0
2019-01-16T17:00:00.0,0.0,299.0,0.0,952.0,20395.0,0.0,0.0,0.0,0.0,0.0,0.0,0.0,0.0,0.0,346.0,0.0,0.0,0.0,0.0,106.0
2019-01-16T18:00:00.0,0.0,275.0,0.0,952.0,19187.0,0.0,0.0,0.0,0.0,0.0,0.0,0.0,0.0,0.0,352.0,0.0,0.0,0.0,0.0,55.0
2019-01-16T19:00:00.0,0.0,240.0,0.0,958.0,18165.0,0.0,0.0,0.0,0.0,0.0,0.0,0.0,0.0,0.0,348.0,0.0,0.0,0.0,0.0,74.0
2019-01-16T20:00:00.0,0.0,182.0,0.0,957.0,16640.0,0.0,0.0,0.0,0.0,0.0,0.0,0.0,0.0,0.0,346.0,0.0,0.0,0.0,0.0,48.0
2019-01-16T21:00:00.0,0.0,173.0,0.0,955.0,15143.0,0.0,0.0,0.0,0.0,0.0,0.0,0.0,0.0,0.0,351.0,0.0,0.0,0.0,0.0,72.0
2019-01-16T22:00:00.0,0.0,184.0,0.0,950.0,14273.0,0.0,0.0,0.0,0.0,0.0,0.0,0.0,0.0,0.0,351.0,0.0,0.0,0.0,0.0,67.0
2019-01-16T23:00:00.0,0.0,226.0,0.0,947.0,13940.0,0.0,0.0,0.0,0.0,0.0,0.0,0.0,0.0,0.0,356.0,0.0,0.0,0.0,0.0,68.0
2019-01-17T00:00:00.0,0.0,369.0,0.0,940.0,13431.0,0.0,0.0,0.0,0.0,0.0,0.0,0.0,0.0,0.0,352.0,0.0,0.0,0.0,0.0,125.0
2019-01-17T01:00:00.0,0.0,360.0,0.0,935.0,12501.0,0.0,0.0,0.0,0.0,0.0,0.0,0.0,0.0,0.0,341.0,0.0,0.0,0.0,0.0,121.0
2019-01-17T02:00:00.0,0.0,318.0,0.0,938.0,12559.0,0.0,0.0,0.0,0.0,0.0,0.0,0.0,0.0,0.0,348.0,0.0,0.0,0.0,0.0,125.0
2019-01-17T03:00:00.0,0.0,319.0,0.0,937.0,12672.0,0.0,0.0,0.0,0.0,0.0,0.0,0.0,0.0,0.0,340.0,0.0,0.0,0.0,0.0,169.0
2019-01-17T04:00:00.0,0.0,358.0,0.0,933.0,13255.0,0.0,0.0,0.0,0.0,0.0,0.0,0.0,0.0,0.0,348.0,0.0,0.0,0.0,0.0,168.0
2019-01-17T05:00:00.0,0.0,362.0,0.0,931.0,14952.0,0.0,0.0,0.0,0.0,0.0,0.0,0.0,0.0,0.0,348.0,0.0,0.0,0.0,0.0,112.0
2019-01-17T06:00:00.0,0.0,290.0,0.0,934.0,18822.0,0.0,0.0,0.0,0.0,0.0,0.0,0.0,0.0,0.0,350.0,0.0,0.0,0.0,0.0,108.0
2019-01-17T07:00:00.0,0.0,288.0,0.0,943.0,21842.0,0.0,0.0,0.0,0.0,0.0,0.0,0.0,0.0,0.0,346.0,0.0,0.0,0.0,0.0,103.0
2019-01-17T08:00:00.0,0.0,285.0,0.0,947.0,22122.0,0.0,0.0,0.0,0.0,0.0,0.0,0.0,0.0,0.0,334.0,0.0,0.0,0.0,0.0,117.0
2019-01-17T09:00:00.0,0.0,331.0,0.0,954.0,21818.0,0.0,0.0,0.0,0.0,0.0,0.0,0.0,0.0,0.0,340.0,0.0,0.0,0.0,0.0,147.0
2019-01-17T10:00:00.0,0.0,364.0,0.0,957.0,22334.0,0.0,0.0,0.0,0.0,0.0,0.0,0.0,0.0,0.0,341.0,0.0,0.0,0.0,0.0,161.0
2019-01-17T11:00:00.0,0.0,446.0,0.0,951.0,21870.0,0.0,0.0,0.0,0.0,0.0,0.0,0.0,0.0,0.0,340.0,0.0,0.0,0.0,0.0,176.0
2019-01-17T12:00:00.0,0.0,529.0,0.0,947.0,21301.0,0.0,0.0,0.0,0.0,0.0,0.0,0.0,0.0,0.0,349.0,0.0,0.0,0.0,0.0,244.0
2019-01-17T13:00:00.0,0.0,495.0,0.0,945.0,20991.0,0.0,0.0,0.0,0.0,0.0,0.0,0.0,0.0,0.0,349.0,0.0,0.0,0.0,0.0,246.0
2019-01-17T14:00:00.0,0.0,491.0,0.0,945.0,21232.0,0.0,0.0,0.0,0.0,0.0,0.0,0.0,0.0,0.0,353.0,0.0,0.0,0.0,0.0,222.0
2019-01-17T15:00:00.0,0.0,483.0,0.0,948.0,22141.0,0.0,0.0,0.0,0.0,0.0,0.0,0.0,0.0,0.0,347.0,0.0,0.0,0.0,0.0,223.0
2019-01-17T16:00:00.0,0.0,459.0,0.0,948.0,23329.0,0.0,0.0,0.0,0.0,0.0,0.0,0.0,0.0,0.0,345.0,0.0,0.0,0.0,0.0,210.0
2019-01-17T17:00:00.0,0.0,515.0,0.0,945.0,23303.0,0.0,0.0,0.0,0.0,0.0,0.0,0.0,0.0,0.0,349.0,0.0,0.0,0.0,0.0,250.0
2019-01-17T18:00:00.0,0.0,537.0,0.0,942.0,22398.0,0.0,0.0,0.0,0.0,0.0,0.0,0.0,0.0,0.0,345.0,0.0,0.0,0.0,0.0,301.0
2019-01-17T19:00:00.0,0.0,572.0,0.0,939.0,21282.0,0.0,0.0,0.0,0.0,0.0,0.0,0.0,0.0,0.0,351.0,0.0,0.0,0.0,0.0,347.0
2019-01-17T20:00:00.0,0.0,506.0,0.0,936.0,19436.0,0.0,0.0,0.0,0.0,0.0,0.0,0.0,0.0,0.0,350.0,0.0,0.0,0.0,0.0,350.0
2019-01-17T21:00:00.0,0.0,484.0,0.0,936.0,18240.0,0.0,0.0,0.0,0.0,0.0,0.0,0.0,0.0,0.0,351.0,0.0,0.0,0.0,0.0,348.0
2019-01-17T22:00:00.0,0.0,385.0,0.0,932.0,16697.0,0.0,0.0,0.0,0.0,0.0,0.0,0.0,0.0,0.0,352.0,0.0,0.0,0.0,0.0,325.0
2019-01-17T23:00:00.0,0.0,406.0,0.0,932.0,15568.0,0.0,0.0,0.0,0.0,0.0,0.0,0.0,0.0,0.0,348.0,0.0,0.0,0.0,0.0,343.0
2019-01-18T00:00:00.0,0.0,346.0,0.0,927.0,15566.0,0.0,0.0,0.0,0.0,0.0,0.0,0.0,0.0,0.0,352.0,0.0,0.0,0.0,0.0,216.0
2019-01-18T01:00:00.0,0.0,352.0,0.0,926.0,14777.0,0.0,0.0,0.0,0.0,0.0,0.0,0.0,0.0,0.0,350.0,0.0,0.0,0.0,0.0,332.0
2019-01-18T02:00:00.0,0.0,372.0,0.0,926.0,14567.0,0.0,0.0,0.0,0.0,0.0,0.0,0.0,0.0,0.0,350.0,0.0,0.0,0.0,0.0,308.0
2019-01-18T03:00:00.0,0.0,337.0,0.0,924.0,14721.0,0.0,0.0,0.0,0.0,0.0,0.0,0.0,0.0,0.0,351.0,0.0,0.0,0.0,0.0,170.0
2019-01-18T04:00:00.0,0.0,397.0,0.0,923.0,15358.0,0.0,0.0,0.0,0.0,0.0,0.0,0.0,0.0,0.0,353.0,0.0,0.0,0.0,0.0,146.0
2019-01-18T05:00:00.0,0.0,336.0,0.0,924.0,17762.0,0.0,0.0,0.0,0.0,0.0,0.0,0.0,0.0,0.0,352.0,0.0,0.0,0.0,0.0,125.0
2019-01-18T06:00:00.0,0.0,254.0,0.0,927.0,21471.0,0.0,0.0,0.0,0.0,0.0,0.0,0.0,0.0,0.0,349.0,0.0,0.0,0.0,0.0,111.0
2019-01-18T07:00:00.0,0.0,257.0,0.0,934.0,24204.0,0.0,0.0,0.0,0.0,0.0,0.0,0.0,0.0,0.0,350.0,0.0,0.0,0.0,0.0,107.0
2019-01-18T08:00:00.0,0.0,286.0,0.0,927.0,24210.0,0.0,0.0,0.0,0.0,0.0,0.0,0.0,0.0,0.0,349.0,0.0,0.0,0.0,0.0,203.0
2019-01-18T09:00:00.0,0.0,226.0,0.0,925.0,23890.0,0.0,0.0,0.0,0.0,0.0,0.0,0.0,0.0,0.0,352.0,0.0,0.0,0.0,0.0,151.0
2019-01-18T10:00:00.0,0.0,274.0,0.0,927.0,24175.0,0.0,0.0,0.0,0.0,0.0,0.0,0.0,0.0,0.0,352.0,0.0,0.0,0.0,0.0,207.0
2019-01-18T11:00:00.0,0.0,287.0,0.0,926.0,23842.0,0.0,0.0,0.0,0.0,0.0,0.0,0.0,0.0,0.0,351.0,0.0,0.0,0.0,0.0,259.0
2019-01-18T12:00:00.0,0.0,262.0,0.0,919.0,23744.0,0.0,0.0,0.0,0.0,0.0,0.0,0.0,0.0,0.0,349.0,0.0,0.0,0.0,0.0,220.0
2019-01-18T13:00:00.0,0.0,253.0,0.0,920.0,23698.0,0.0,0.0,0.0,0.0,0.0,0.0,0.0,0.0,0.0,351.0,0.0,0.0,0.0,0.0,192.0
2019-01-18T14:00:00.0,0.0,342.0,0.0,909.0,23473.0,0.0,0.0,0.0,0.0,0.0,0.0,0.0,0.0,0.0,346.0,0.0,0.0,0.0,0.0,153.0
2019-01-18T15:00:00.0,0.0,361.0,0.0,904.0,23523.0,0.0,0.0,0.0,0.0,0.0,0.0,0.0,0.0,0.0,346.0,0.0,0.0,0.0,0.0,231.0
2019-01-18T16:00:00.0,0.0,348.0,0.0,903.0,24084.0,0.0,0.0,0.0,0.0,0.0,0.0,0.0,0.0,0.0,346.0,0.0,0.0,0.0,0.0,111.0
2019-01-18T17:00:00.0,0.0,414.0,0.0,905.0,24122.0,0.0,0.0,0.0,0.0,0.0,0.0,0.0,0.0,0.0,346.0,0.0,0.0,0.0,0.0,134.0
2019-01-18T18:00:00.0,0.0,373.0,0.0,904.0,24030.0,0.0,0.0,0.0,0.0,0.0,0.0,0.0,0.0,0.0,352.0,0.0,0.0,0.0,0.0,168.0
2019-01-18T19:00:00.0,0.0,337.0,0.0,900.0,23462.0,0.0,0.0,0.0,0.0,0.0,0.0,0.0,0.0,0.0,350.0,0.0,0.0,0.0,0.0,164.0
2019-01-18T20:00:00.0,0.0,293.0,0.0,899.0,22470.0,0.0,0.0,0.0,0.0,0.0,0.0,0.0,0.0,0.0,348.0,0.0,0.0,0.0,0.0,61.0
2019-01-18T21:00:00.0,0.0,336.0,0.0,893.0,21438.0,0.0,0.0,0.0,0.0,0.0,0.0,0.0,0.0,0.0,349.0,0.0,0.0,0.0,0.0,94.0
2019-01-18T22:00:00.0,0.0,295.0,0.0,887.0,20791.0,0.0,0.0,0.0,0.0,0.0,0.0,0.0,0.0,0.0,348.0,0.0,0.0,0.0,0.0,67.0
2019-01-18T23:00:00.0,0.0,304.0,0.0,883.0,18480.0,0.0,0.0,0.0,0.0,0.0,0.0,0.0,0.0,0.0,346.0,0.0,0.0,0.0,0.0,147.0
2019-01-19T00:00:00.0,0.0,285.0,0.0,878.0,17852.0,0.0,0.0,0.0,0.0,0.0,0.0,0.0,0.0,0.0,367.0,0.0,0.0,0.0,0.0,163.0
2019-01-19T01:00:00.0,0.0,238.0,0.0,873.0,17131.0,0.0,0.0,0.0,0.0,0.0,0.0,0.0,0.0,0.0,370.0,0.0,0.0,0.0,0.0,109.0
2019-01-19T02:00:00.0,0.0,279.0,0.0,872.0,17332.0,0.0,0.0,0.0,0.0,0.0,0.0,0.0,0.0,0.0,369.0,0.0,0.0,0.0,0.0,195.0
2019-01-19T03:00:00.0,0.0,265.0,0.0,870.0,15879.0,0.0,0.0,0.0,0.0,0.0,0.0,0.0,0.0,0.0,367.0,0.0,0.0,0.0,0.0,195.0
2019-01-19T04:00:00.0,0.0,290.0,0.0,869.0,15382.0,0.0,0.0,0.0,0.0,0.0,0.0,0.0,0.0,0.0,368.0,0.0,0.0,0.0,0.0,189.0
2019-01-19T05:00:00.0,0.0,326.0,0.0,868.0,15246.0,0.0,0.0,0.0,0.0,0.0,0.0,0.0,0.0,0.0,369.0,0.0,0.0,0.0,0.0,162.0
2019-01-19T06:00:00.0,0.0,282.0,0.0,858.0,15094.0,0.0,0.0,0.0,0.0,0.0,0.0,0.0,0.0,0.0,369.0,0.0,0.0,0.0,0.0,239.0
2019-01-19T07:00:00.0,0.0,275.0,0.0,848.0,17168.0,0.0,0.0,0.0,0.0,0.0,0.0,0.0,0.0,0.0,369.0,0.0,0.0,0.0,0.0,222.0
2019-01-19T08:00:00.0,0.0,205.0,0.0,845.0,19890.0,0.0,0.0,0.0,0.0,0.0,0.0,0.0,0.0,0.0,369.0,0.0,0.0,0.0,0.0,176.0
2019-01-19T09:00:00.0,0.0,175.0,0.0,841.0,21537.0,0.0,0.0,0.0,0.0,0.0,0.0,0.0,0.0,0.0,371.0,0.0,0.0,0.0,0.0,196.0
2019-01-19T10:00:00.0,0.0,216.0,0.0,841.0,22437.0,0.0,0.0,0.0,0.0,0.0,0.0,0.0,0.0,0.0,367.0,0.0,0.0,0.0,0.0,163.0
2019-01-19T11:00:00.0,0.0,202.0,0.0,838.0,21143.0,0.0,0.0,0.0,0.0,0.0,0.0,0.0,0.0,0.0,369.0,0.0,0.0,0.0,0.0,149.0
2019-01-19T12:00:00.0,0.0,184.0,0.0,836.0,20062.0,0.0,0.0,0.0,0.0,0.0,0.0,0.0,0.0,0.0,363.0,0.0,0.0,0.0,0.0,75.0
2019-01-19T13:00:00.0,0.0,166.0,0.0,837.0,18814.0,0.0,0.0,0.0,0.0,0.0,0.0,0.0,0.0,0.0,367.0,0.0,0.0,0.0,0.0,109.0
2019-01-19T14:00:00.0,0.0,160.0,0.0,837.0,17822.0,0.0,0.0,0.0,0.0,0.0,0.0,0.0,0.0,0.0,368.0,0.0,0.0,0.0,0.0,163.0
2019-01-19T15:00:00.0,0.0,239.0,0.0,838.0,20032.0,0.0,0.0,0.0,0.0,0.0,0.0,0.0,0.0,0.0,363.0,0.0,0.0,0.0,0.0,217.0
2019-01-19T16:00:00.0,0.0,196.0,0.0,841.0,22376.0,0.0,0.0,0.0,0.0,0.0,0.0,0.0,0.0,0.0,369.0,0.0,0.0,0.0,0.0,137.0
2019-01-19T17:00:00.0,0.0,192.0,0.0,840.0,23016.0,0.0,0.0,0.0,0.0,0.0,0.0,0.0,0.0,0.0,368.0,0.0,0.0,0.0,0.0,118.0
2019-01-19T18:00:00.0,0.0,197.0,0.0,840.0,22545.0,0.0,0.0,0.0,0.0,0.0,0.0,0.0,0.0,0.0,369.0,0.0,0.0,0.0,0.0,115.0
2019-01-19T19:00:00.0,0.0,222.0,0.0,841.0,21213.0,0.0,0.0,0.0,0.0,0.0,0.0,0.0,0.0,0.0,366.0,0.0,0.0,0.0,0.0,82.0
2019-01-19T20:00:00.0,0.0,226.0,0.0,838.0,19193.0,0.0,0.0,0.0,0.0,0.0,0.0,0.0,0.0,0.0,364.0,0.0,0.0,0.0,0.0,99.0
2019-01-19T21:00:00.0,0.0,214.0,0.0,836.0,17525.0,0.0,0.0,0.0,0.0,0.0,0.0,0.0,0.0,0.0,364.0,0.0,0.0,0.0,0.0,135.0
2019-01-19T22:00:00.0,0.0,181.0,0.0,835.0,15765.0,0.0,0.0,0.0,0.0,0.0,0.0,0.0,0.0,0.0,370.0,0.0,0.0,0.0,0.0,79.0
2019-01-19T23:00:00.0,0.0,173.0,0.0,831.0,14823.0,0.0,0.0,0.0,0.0,0.0,0.0,0.0,0.0,0.0,374.0,0.0,0.0,0.0,0.0,106.0
2019-01-20T00:00:00.0,0.0,161.0,0.0,825.0,14622.0,0.0,0.0,0.0,0.0,0.0,0.0,0.0,0.0,0.0,373.0,0.0,0.0,0.0,0.0,103.0
2019-01-20T01:00:00.0,0.0,161.0,0.0,824.0,13952.0,0.0,0.0,0.0,0.0,0.0,0.0,0.0,0.0,0.0,373.0,0.0,0.0,0.0,0.0,83.0
2019-01-20T02:00:00.0,0.0,141.0,0.0,824.0,13894.0,0.0,0.0,0.0,0.0,0.0,0.0,0.0,0.0,0.0,371.0,0.0,0.0,0.0,0.0,97.0
2019-01-20T03:00:00.0,0.0,181.0,0.0,824.0,13426.0,0.0,0.0,0.0,0.0,0.0,0.0,0.0,0.0,0.0,374.0,0.0,0.0,0.0,0.0,181.0
2019-01-20T04:00:00.0,0.0,149.0,0.0,824.0,13693.0,0.0,0.0,0.0,0.0,0.0,0.0,0.0,0.0,0.0,375.0,0.0,0.0,0.0,0.0,93.0
2019-01-20T05:00:00.0,0.0,131.0,0.0,824.0,13698.0,0.0,0.0,0.0,0.0,0.0,0.0,0.0,0.0,0.0,375.0,0.0,0.0,0.0,0.0,107.0
2019-01-20T06:00:00.0,0.0,155.0,0.0,823.0,13978.0,0.0,0.0,0.0,0.0,0.0,0.0,0.0,0.0,0.0,369.0,0.0,0.0,0.0,0.0,105.0
2019-01-20T07:00:00.0,0.0,199.0,0.0,823.0,15108.0,0.0,0.0,0.0,0.0,0.0,0.0,0.0,0.0,0.0,369.0,0.0,0.0,0.0,0.0,98.0
2019-01-20T08:00:00.0,0.0,241.0,0.0,825.0,16154.0,0.0,0.0,0.0,0.0,0.0,0.0,0.0,0.0,0.0,371.0,0.0,0.0,0.0,0.0,108.0
2019-01-20T09:00:00.0,0.0,268.0,0.0,829.0,17859.0,0.0,0.0,0.0,0.0,0.0,0.0,0.0,0.0,0.0,372.0,0.0,0.0,0.0,0.0,168.0
2019-01-20T10:00:00.0,0.0,298.0,0.0,827.0,18881.0,0.0,0.0,0.0,0.0,0.0,0.0,0.0,0.0,0.0,352.0,0.0,0.0,0.0,0.0,100.0
2019-01-20T11:00:00.0,0.0,301.0,0.0,828.0,19259.0,0.0,0.0,0.0,0.0,0.0,0.0,0.0,0.0,0.0,364.0,0.0,0.0,0.0,0.0,59.0
2019-01-20T12:00:00.0,0.0,268.0,0.0,832.0,18514.0,0.0,0.0,0.0,0.0,0.0,0.0,0.0,0.0,0.0,365.0,0.0,0.0,0.0,0.0,51.0
2019-01-20T13:00:00.0,0.0,277.0,0.0,833.0,18114.0,0.0,0.0,0.0,0.0,0.0,0.0,0.0,0.0,0.0,365.0,0.0,0.0,0.0,0.0,40.0
2019-01-20T14:00:00.0,0.0,289.0,0.0,833.0,18215.0,0.0,0.0,0.0,0.0,0.0,0.0,0.0,0.0,0.0,362.0,0.0,0.0,0.0,0.0,61.0
2019-01-20T15:00:00.0,0.0,283.0,0.0,834.0,19991.0,0.0,0.0,0.0,0.0,0.0,0.0,0.0,0.0,0.0,362.0,0.0,0.0,0.0,0.0,30.0
2019-01-20T16:00:00.0,0.0,346.0,0.0,836.0,22549.0,0.0,0.0,0.0,0.0,0.0,0.0,0.0,0.0,0.0,362.0,0.0,0.0,0.0,0.0,34.0
2019-01-20T17:00:00.0,0.0,382.0,0.0,836.0,23643.0,0.0,0.0,0.0,0.0,0.0,0.0,0.0,0.0,0.0,360.0,0.0,0.0,0.0,0.0,27.0
2019-01-20T18:00:00.0,0.0,412.0,0.0,835.0,23529.0,0.0,0.0,0.0,0.0,0.0,0.0,0.0,0.0,0.0,360.0,0.0,0.0,0.0,0.0,30.0
2019-01-20T19:00:00.0,0.0,429.0,0.0,835.0,23693.0,0.0,0.0,0.0,0.0,0.0,0.0,0.0,0.0,0.0,358.0,0.0,0.0,0.0,0.0,40.0
2019-01-20T20:00:00.0,0.0,419.0,0.0,835.0,23018.0,0.0,0.0,0.0,0.0,0.0,0.0,0.0,0.0,0.0,359.0,0.0,0.0,0.0,0.0,46.0
2019-01-20T21:00:00.0,0.0,360.0,0.0,833.0,21918.0,0.0,0.0,0.0,0.0,0.0,0.0,0.0,0.0,0.0,361.0,0.0,0.0,0.0,0.0,38.0
2019-01-20T22:00:00.0,0.0,318.0,0.0,834.0,21061.0,0.0,0.0,0.0,0.0,0.0,0.0,0.0,0.0,0.0,362.0,0.0,0.0,0.0,0.0,43.0
2019-01-20T23:00:00.0,0.0,345.0,0.0,828.0,18314.0,0.0,0.0,0.0,0.0,0.0,0.0,0.0,0.0,0.0,363.0,0.0,0.0,0.0,0.0,136.0
2019-01-21T00:00:00.0,0.0,329.0,0.0,823.0,18271.0,0.0,0.0,0.0,0.0,0.0,0.0,0.0,0.0,0.0,366.0,0.0,0.0,0.0,0.0,142.0
2019-01-21T01:00:00.0,0.0,369.0,0.0,822.0,16440.0,0.0,0.0,0.0,0.0,0.0,0.0,0.0,0.0,0.0,363.0,0.0,0.0,0.0,0.0,175.0
2019-01-21T02:00:00.0,0.0,421.0,0.0,822.0,15630.0,0.0,0.0,0.0,0.0,0.0,0.0,0.0,0.0,0.0,367.0,0.0,0.0,0.0,0.0,178.0
2019-01-21T03:00:00.0,0.0,479.0,0.0,824.0,15765.0,0.0,0.0,0.0,0.0,0.0,0.0,0.0,0.0,0.0,368.0,0.0,0.0,0.0,0.0,270.0
2019-01-21T04:00:00.0,0.0,444.0,0.0,825.0,16969.0,0.0,0.0,0.0,0.0,0.0,0.0,0.0,0.0,0.0,369.0,0.0,0.0,0.0,0.0,164.0
2019-01-21T05:00:00.0,0.0,490.0,0.0,831.0,19418.0,0.0,0.0,0.0,0.0,0.0,0.0,0.0,0.0,0.0,370.0,0.0,0.0,0.0,0.0,224.0
2019-01-21T06:00:00.0,0.0,463.0,0.0,838.0,22629.0,0.0,0.0,0.0,0.0,0.0,0.0,0.0,0.0,0.0,366.0,0.0,0.0,0.0,0.0,211.0
2019-01-21T07:00:00.0,0.0,423.0,0.0,856.0,24249.0,0.0,0.0,0.0,0.0,0.0,0.0,0.0,0.0,0.0,365.0,0.0,0.0,0.0,0.0,175.0
2019-01-21T08:00:00.0,0.0,384.0,0.0,886.0,24542.0,0.0,0.0,0.0,0.0,0.0,0.0,0.0,0.0,0.0,364.0,0.0,0.0,0.0,0.0,129.0
2019-01-21T09:00:00.0,0.0,405.0,0.0,894.0,24495.0,0.0,0.0,0.0,0.0,0.0,0.0,0.0,0.0,0.0,362.0,0.0,0.0,0.0,0.0,96.0
2019-01-21T10:00:00.0,0.0,403.0,0.0,900.0,24610.0,0.0,0.0,0.0,0.0,0.0,0.0,0.0,0.0,0.0,363.0,0.0,0.0,0.0,0.0,88.0
2019-01-21T11:00:00.0,0.0,310.0,0.0,902.0,23930.0,0.0,0.0,0.0,0.0,0.0,0.0,0.0,0.0,0.0,364.0,0.0,0.0,0.0,0.0,89.0
2019-01-21T12:00:00.0,0.0,317.0,0.0,903.0,23510.0,0.0,0.0,0.0,0.0,0.0,0.0,0.0,0.0,0.0,363.0,0.0,0.0,0.0,0.0,82.0
2019-01-21T13:00:00.0,0.0,333.0,0.0,903.0,23379.0,0.0,0.0,0.0,0.0,0.0,0.0,0.0,0.0,0.0,363.0,0.0,0.0,0.0,0.0,79.0
2019-01-21T14:00:00.0,0.0,325.0,0.0,902.0,23337.0,0.0,0.0,0.0,0.0,0.0,0.0,0.0,0.0,0.0,350.0,0.0,0.0,0.0,0.0,100.0
2019-01-21T15:00:00.0,0.0,362.0,0.0,903.0,23378.0,0.0,0.0,0.0,0.0,0.0,0.0,0.0,0.0,0.0,346.0,0.0,0.0,0.0,0.0,101.0
2019-01-21T16:00:00.0,0.0,276.0,0.0,908.0,23595.0,0.0,0.0,0.0,0.0,0.0,0.0,0.0,0.0,0.0,345.0,0.0,0.0,0.0,0.0,97.0
2019-01-21T17:00:00.0,0.0,189.0,0.0,908.0,24059.0,0.0,0.0,0.0,0.0,0.0,0.0,0.0,0.0,0.0,347.0,0.0,0.0,0.0,0.0,69.0
2019-01-21T18:00:00.0,0.0,270.0,0.0,908.0,24277.0,0.0,0.0,0.0,0.0,0.0,0.0,0.0,0.0,0.0,349.0,0.0,0.0,0.0,0.0,93.0
2019-01-21T19:00:00.0,0.0,235.0,0.0,905.0,24091.0,0.0,0.0,0.0,0.0,0.0,0.0,0.0,0.0,0.0,349.0,0.0,0.0,0.0,0.0,122.0
2019-01-21T20:00:00.0,0.0,197.0,0.0,905.0,23889.0,0.0,0.0,0.0,0.0,0.0,0.0,0.0,0.0,0.0,350.0,0.0,0.0,0.0,0.0,82.0
2019-01-21T21:00:00.0,0.0,267.0,0.0,905.0,22976.0,0.0,0.0,0.0,0.0,0.0,0.0,0.0,0.0,0.0,348.0,0.0,0.0,0.0,0.0,76.0
2019-01-21T22:00:00.0,0.0,316.0,0.0,907.0,21939.0,0.0,0.0,0.0,0.0,0.0,0.0,0.0,0.0,0.0,367.0,0.0,0.0,0.0,0.0,62.0
2019-01-21T23:00:00.0,0.0,383.0,0.0,902.0,19886.0,0.0,0.0,0.0,0.0,0.0,0.0,0.0,0.0,0.0,365.0,0.0,0.0,0.0,0.0,90.0
2019-01-22T00:00:00.0,0.0,468.0,0.0,899.0,19044.0,0.0,0.0,0.0,0.0,0.0,0.0,0.0,0.0,0.0,368.0,0.0,0.0,0.0,0.0,69.0
2019-01-22T01:00:00.0,0.0,523.0,0.0,902.0,18326.0,0.0,0.0,0.0,0.0,0.0,0.0,0.0,0.0,0.0,368.0,0.0,0.0,0.0,0.0,39.0
2019-01-22T02:00:00.0,0.0,551.0,0.0,901.0,17610.0,0.0,0.0,0.0,0.0,0.0,0.0,0.0,0.0,0.0,368.0,0.0,0.0,0.0,0.0,37.0
2019-01-22T03:00:00.0,0.0,568.0,0.0,902.0,16860.0,0.0,0.0,0.0,0.0,0.0,0.0,0.0,0.0,0.0,366.0,0.0,0.0,0.0,0.0,71.0
2019-01-22T04:00:00.0,0.0,598.0,0.0,902.0,17695.0,0.0,0.0,0.0,0.0,0.0,0.0,0.0,0.0,0.0,366.0,0.0,0.0,0.0,0.0,155.0
2019-01-22T05:00:00.0,0.0,635.0,0.0,904.0,19828.0,0.0,0.0,0.0,0.0,0.0,0.0,0.0,0.0,0.0,368.0,0.0,0.0,0.0,0.0,119.0
2019-01-22T06:00:00.0,0.0,696.0,0.0,903.0,22358.0,0.0,0.0,0.0,0.0,0.0,0.0,0.0,0.0,0.0,369.0,0.0,0.0,0.0,0.0,150.0
2019-01-22T07:00:00.0,0.0,710.0,0.0,909.0,23708.0,0.0,0.0,0.0,0.0,0.0,0.0,0.0,0.0,0.0,365.0,0.0,0.0,0.0,0.0,176.0
2019-01-22T08:00:00.0,0.0,685.0,0.0,917.0,24081.0,0.0,0.0,0.0,0.0,0.0,0.0,0.0,0.0,0.0,358.0,0.0,0.0,0.0,0.0,178.0
2019-01-22T09:00:00.0,0.0,685.0,0.0,914.0,23997.0,0.0,0.0,0.0,0.0,0.0,0.0,0.0,0.0,0.0,357.0,0.0,0.0,0.0,0.0,193.0
2019-01-22T10:00:00.0,0.0,661.0,0.0,917.0,23983.0,0.0,0.0,0.0,0.0,0.0,0.0,0.0,0.0,0.0,360.0,0.0,0.0,0.0,0.0,226.0
2019-01-22T11:00:00.0,0.0,661.0,0.0,923.0,23924.0,0.0,0.0,0.0,0.0,0.0,0.0,0.0,0.0,0.0,367.0,0.0,0.0,0.0,0.0,200.0
2019-01-22T12:00:00.0,0.0,672.0,0.0,924.0,23901.0,0.0,0.0,0.0,0.0,0.0,0.0,0.0,0.0,0.0,368.0,0.0,0.0,0.0,0.0,184.0
2019-01-22T13:00:00.0,0.0,660.0,0.0,923.0,23638.0,0.0,0.0,0.0,0.0,0.0,0.0,0.0,0.0,0.0,370.0,0.0,0.0,0.0,0.0,193.0
2019-01-22T14:00:00.0,0.0,636.0,0.0,925.0,23922.0,0.0,0.0,0.0,0.0,0.0,0.0,0.0,0.0,0.0,369.0,0.0,0.0,0.0,0.0,169.0
2019-01-22T15:00:00.0,0.0,626.0,0.0,924.0,24208.0,0.0,0.0,0.0,0.0,0.0,0.0,0.0,0.0,0.0,365.0,0.0,0.0,0.0,0.0,140.0
2019-01-22T16:00:00.0,0.0,617.0,0.0,928.0,24355.0,0.0,0.0,0.0,0.0,0.0,0.0,0.0,0.0,0.0,350.0,0.0,0.0,0.0,0.0,143.0
2019-01-22T17:00:00.0,0.0,618.0,0.0,928.0,24277.0,0.0,0.0,0.0,0.0,0.0,0.0,0.0,0.0,0.0,337.0,0.0,0.0,0.0,0.0,133.0
2019-01-22T18:00:00.0,0.0,623.0,0.0,929.0,23638.0,0.0,0.0,0.0,0.0,0.0,0.0,0.0,0.0,0.0,348.0,0.0,0.0,0.0,0.0,145.0
2019-01-22T19:00:00.0,0.0,608.0,0.0,928.0,23170.0,0.0,0.0,0.0,0.0,0.0,0.0,0.0,0.0,0.0,353.0,0.0,0.0,0.0,0.0,153.0
2019-01-22T20:00:00.0,0.0,596.0,0.0,928.0,22402.0,0.0,0.0,0.0,0.0,0.0,0.0,0.0,0.0,0.0,352.0,0.0,0.0,0.0,0.0,168.0
2019-01-22T21:00:00.0,0.0,587.0,0.0,927.0,21305.0,0.0,0.0,0.0,0.0,0.0,0.0,0.0,0.0,0.0,352.0,0.0,0.0,0.0,0.0,176.0
2019-01-22T22:00:00.0,0.0,592.0,0.0,924.0,20565.0,0.0,0.0,0.0,0.0,0.0,0.0,0.0,0.0,0.0,355.0,0.0,0.0,0.0,0.0,220.0
2019-01-22T23:00:00.0,0.0,594.0,0.0,916.0,18127.0,0.0,0.0,0.0,0.0,0.0,0.0,0.0,0.0,0.0,351.0,0.0,0.0,0.0,0.0,148.0
2019-01-23T00:00:00.0,0.0,628.0,0.0,906.0,17965.0,0.0,0.0,0.0,0.0,0.0,0.0,0.0,0.0,0.0,366.0,0.0,0.0,0.0,0.0,162.0
2019-01-23T01:00:00.0,0.0,630.0,0.0,906.0,17333.0,0.0,0.0,0.0,0.0,0.0,0.0,0.0,0.0,0.0,365.0,0.0,0.0,0.0,0.0,148.0
2019-01-23T02:00:00.0,0.0,600.0,0.0,906.0,16896.0,0.0,0.0,0.0,0.0,0.0,0.0,0.0,0.0,0.0,366.0,0.0,0.0,0.0,0.0,107.0
2019-01-23T03:00:00.0,0.0,607.0,0.0,906.0,16532.0,0.0,0.0,0.0,0.0,0.0,0.0,0.0,0.0,0.0,365.0,0.0,0.0,0.0,0.0,113.0
2019-01-23T04:00:00.0,0.0,603.0,0.0,906.0,17391.0,0.0,0.0,0.0,0.0,0.0,0.0,0.0,0.0,0.0,365.0,0.0,0.0,0.0,0.0,109.0
2019-01-23T05:00:00.0,0.0,623.0,0.0,910.0,20043.0,0.0,0.0,0.0,0.0,0.0,0.0,0.0,0.0,0.0,366.0,0.0,0.0,0.0,0.0,127.0
2019-01-23T06:00:00.0,0.0,566.0,0.0,911.0,22508.0,0.0,0.0,0.0,0.0,0.0,0.0,0.0,0.0,0.0,368.0,0.0,0.0,0.0,0.0,118.0
2019-01-23T07:00:00.0,0.0,603.0,0.0,918.0,24001.0,0.0,0.0,0.0,0.0,0.0,0.0,0.0,0.0,0.0,361.0,0.0,0.0,0.0,0.0,112.0
2019-01-23T08:00:00.0,0.0,576.0,0.0,912.0,23975.0,0.0,0.0,0.0,0.0,0.0,0.0,0.0,0.0,0.0,354.0,0.0,0.0,0.0,0.0,109.0
2019-01-23T09:00:00.0,0.0,562.0,0.0,911.0,24094.0,0.0,0.0,0.0,0.0,0.0,0.0,0.0,0.0,0.0,334.0,0.0,0.0,0.0,0.0,100.0
2019-01-23T10:00:00.0,0.0,491.0,0.0,909.0,24265.0,0.0,0.0,0.0,0.0,0.0,0.0,0.0,0.0,0.0,333.0,0.0,0.0,0.0,0.0,83.0
2019-01-23T11:00:00.0,0.0,462.0,0.0,910.0,24276.0,0.0,0.0,0.0,0.0,0.0,0.0,0.0,0.0,0.0,331.0,0.0,0.0,0.0,0.0,75.0
2019-01-23T12:00:00.0,0.0,424.0,0.0,910.0,24126.0,0.0,0.0,0.0,0.0,0.0,0.0,0.0,0.0,0.0,335.0,0.0,0.0,0.0,0.0,55.0
2019-01-23T13:00:00.0,0.0,430.0,0.0,912.0,24275.0,0.0,0.0,0.0,0.0,0.0,0.0,0.0,0.0,0.0,333.0,0.0,0.0,0.0,0.0,67.0
2019-01-23T14:00:00.0,0.0,371.0,0.0,911.0,24449.0,0.0,0.0,0.0,0.0,0.0,0.0,0.0,0.0,0.0,332.0,0.0,0.0,0.0,0.0,70.0
2019-01-23T15:00:00.0,0.0,334.0,0.0,914.0,24609.0,0.0,0.0,0.0,0.0,0.0,0.0,0.0,0.0,0.0,334.0,0.0,0.0,0.0,0.0,80.0
2019-01-23T16:00:00.0,0.0,332.0,0.0,915.0,25344.0,0.0,0.0,0.0,0.0,0.0,0.0,0.0,0.0,0.0,334.0,0.0,0.0,0.0,0.0,106.0
2019-01-23T17:00:00.0,0.0,378.0,0.0,913.0,24803.0,0.0,0.0,0.0,0.0,0.0,0.0,0.0,0.0,0.0,335.0,0.0,0.0,0.0,0.0,124.0
2019-01-23T18:00:00.0,0.0,398.0,0.0,913.0,24114.0,0.0,0.0,0.0,0.0,0.0,0.0,0.0,0.0,0.0,332.0,0.0,0.0,0.0,0.0,137.0
2019-01-23T19:00:00.0,0.0,432.0,0.0,912.0,23683.0,0.0,0.0,0.0,0.0,0.0,0.0,0.0,0.0,0.0,332.0,0.0,0.0,0.0,0.0,145.0
2019-01-23T20:00:00.0,0.0,456.0,0.0,912.0,23329.0,0.0,0.0,0.0,0.0,0.0,0.0,0.0,0.0,0.0,335.0,0.0,0.0,0.0,0.0,228.0
2019-01-23T21:00:00.0,0.0,449.0,0.0,911.0,22915.0,0.0,0.0,0.0,0.0,0.0,0.0,0.0,0.0,0.0,334.0,0.0,0.0,0.0,0.0,272.0
2019-01-23T22:00:00.0,0.0,455.0,0.0,907.0,21985.0,0.0,0.0,0.0,0.0,0.0,0.0,0.0,0.0,0.0,361.0,0.0,0.0,0.0,0.0,274.0
2019-01-23T23:00:00.0,0.0,421.0,0.0,904.0,20563.0,0.0,0.0,0.0,0.0,0.0,0.0,0.0,0.0,0.0,361.0,0.0,0.0,0.0,0.0,214.0
2019-01-24T00:00:00.0,0.0,488.0,0.0,906.0,20074.0,0.0,0.0,0.0,0.0,0.0,0.0,0.0,0.0,0.0,370.0,0.0,0.0,0.0,0.0,298.0
2019-01-24T01:00:00.0,0.0,526.0,0.0,905.0,19520.0,0.0,0.0,0.0,0.0,0.0,0.0,0.0,0.0,0.0,369.0,0.0,0.0,0.0,0.0,294.0
2019-01-24T02:00:00.0,0.0,462.0,0.0,905.0,19226.0,0.0,0.0,0.0,0.0,0.0,0.0,0.0,0.0,0.0,364.0,0.0,0.0,0.0,0.0,147.0
2019-01-24T03:00:00.0,0.0,461.0,0.0,905.0,18718.0,0.0,0.0,0.0,0.0,0.0,0.0,0.0,0.0,0.0,367.0,0.0,0.0,0.0,0.0,151.0
2019-01-24T04:00:00.0,0.0,462.0,0.0,904.0,19743.0,0.0,0.0,0.0,0.0,0.0,0.0,0.0,0.0,0.0,368.0,0.0,0.0,0.0,0.0,155.0
2019-01-24T05:00:00.0,0.0,510.0,0.0,903.0,21309.0,0.0,0.0,0.0,0.0,0.0,0.0,0.0,0.0,0.0,363.0,0.0,0.0,0.0,0.0,186.0
2019-01-24T06:00:00.0,0.0,479.0,0.0,902.0,23214.0,0.0,0.0,0.0,0.0,0.0,0.0,0.0,0.0,0.0,363.0,0.0,0.0,0.0,0.0,176.0
2019-01-24T07:00:00.0,0.0,534.0,0.0,911.0,24221.0,0.0,0.0,0.0,0.0,0.0,0.0,0.0,0.0,0.0,366.0,0.0,0.0,0.0,0.0,192.0
2019-01-24T08:00:00.0,0.0,523.0,0.0,920.0,24672.0,0.0,0.0,0.0,0.0,0.0,0.0,0.0,0.0,0.0,365.0,0.0,0.0,0.0,0.0,162.0
2019-01-24T09:00:00.0,0.0,492.0,0.0,916.0,24773.0,0.0,0.0,0.0,0.0,0.0,0.0,0.0,0.0,0.0,333.0,0.0,0.0,0.0,0.0,164.0
2019-01-24T10:00:00.0,0.0,490.0,0.0,916.0,24914.0,0.0,0.0,0.0,0.0,0.0,0.0,0.0,0.0,0.0,342.0,0.0,0.0,0.0,0.0,147.0
2019-01-24T11:00:00.0,0.0,494.0,0.0,920.0,24370.0,0.0,0.0,0.0,0.0,0.0,0.0,0.0,0.0,0.0,336.0,0.0,0.0,0.0,0.0,142.0
2019-01-24T12:00:00.0,0.0,405.0,0.0,920.0,24237.0,0.0,0.0,0.0,0.0,0.0,0.0,0.0,0.0,0.0,339.0,0.0,0.0,0.0,0.0,125.0
2019-01-24T13:00:00.0,0.0,431.0,0.0,922.0,24250.0,0.0,0.0,0.0,0.0,0.0,0.0,0.0,0.0,0.0,336.0,0.0,0.0,0.0,0.0,125.0
2019-01-24T14:00:00.0,0.0,430.0,0.0,922.0,24312.0,0.0,0.0,0.0,0.0,0.0,0.0,0.0,0.0,0.0,337.0,0.0,0.0,0.0,0.0,139.0
2019-01-24T15:00:00.0,0.0,403.0,0.0,922.0,24527.0,0.0,0.0,0.0,0.0,0.0,0.0,0.0,0.0,0.0,338.0,0.0,0.0,0.0,0.0,174.0
2019-01-24T16:00:00.0,0.0,386.0,0.0,922.0,24752.0,0.0,0.0,0.0,0.0,0.0,0.0,0.0,0.0,0.0,333.0,0.0,0.0,0.0,0.0,161.0
2019-01-24T17:00:00.0,0.0,431.0,0.0,922.0,24603.0,0.0,0.0,0.0,0.0,0.0,0.0,0.0,0.0,0.0,341.0,0.0,0.0,0.0,0.0,139.0
2019-01-24T18:00:00.0,0.0,403.0,0.0,920.0,24274.0,0.0,0.0,0.0,0.0,0.0,0.0,0.0,0.0,0.0,363.0,0.0,0.0,0.0,0.0,151.0
2019-01-24T19:00:00.0,0.0,439.0,0.0,919.0,24340.0,0.0,0.0,0.0,0.0,0.0,0.0,0.0,0.0,0.0,364.0,0.0,0.0,0.0,0.0,147.0
2019-01-24T20:00:00.0,0.0,476.0,0.0,920.0,23844.0,0.0,0.0,0.0,0.0,0.0,0.0,0.0,0.0,0.0,367.0,0.0,0.0,0.0,0.0,182.0
2019-01-24T21:00:00.0,0.0,505.0,0.0,918.0,23401.0,0.0,0.0,0.0,0.0,0.0,0.0,0.0,0.0,0.0,366.0,0.0,0.0,0.0,0.0,185.0
2019-01-24T22:00:00.0,0.0,516.0,0.0,916.0,22335.0,0.0,0.0,0.0,0.0,0.0,0.0,0.0,0.0,0.0,367.0,0.0,0.0,0.0,0.0,195.0
2019-01-24T23:00:00.0,0.0,487.0,0.0,916.0,21456.0,0.0,0.0,0.0,0.0,0.0,0.0,0.0,0.0,0.0,371.0,0.0,0.0,0.0,0.0,152.0
2019-01-25T00:00:00.0,0.0,458.0,0.0,923.0,20964.0,0.0,0.0,0.0,0.0,0.0,0.0,0.0,0.0,0.0,370.0,0.0,0.0,0.0,0.0,126.0
2019-01-25T01:00:00.0,0.0,467.0,0.0,921.0,19768.0,0.0,0.0,0.0,0.0,0.0,0.0,0.0,0.0,0.0,370.0,0.0,0.0,0.0,0.0,129.0
2019-01-25T02:00:00.0,0.0,511.0,0.0,922.0,19114.0,0.0,0.0,0.0,0.0,0.0,0.0,0.0,0.0,0.0,376.0,0.0,0.0,0.0,0.0,152.0
2019-01-25T03:00:00.0,0.0,521.0,0.0,921.0,18389.0,0.0,0.0,0.0,0.0,0.0,0.0,0.0,0.0,0.0,376.0,0.0,0.0,0.0,0.0,149.0
2019-01-25T04:00:00.0,0.0,525.0,0.0,922.0,18551.0,0.0,0.0,0.0,0.0,0.0,0.0,0.0,0.0,0.0,375.0,0.0,0.0,0.0,0.0,154.0
2019-01-25T05:00:00.0,0.0,549.0,0.0,922.0,20812.0,0.0,0.0,0.0,0.0,0.0,0.0,0.0,0.0,0.0,372.0,0.0,0.0,0.0,0.0,157.0
2019-01-25T06:00:00.0,0.0,599.0,0.0,920.0,22677.0,0.0,0.0,0.0,0.0,0.0,0.0,0.0,0.0,0.0,376.0,0.0,0.0,0.0,0.0,130.0
2019-01-25T07:00:00.0,0.0,611.0,0.0,925.0,23683.0,0.0,0.0,0.0,0.0,0.0,0.0,0.0,0.0,0.0,360.0,0.0,0.0,0.0,0.0,140.0
2019-01-25T08:00:00.0,0.0,656.0,0.0,926.0,24149.0,0.0,0.0,0.0,0.0,0.0,0.0,0.0,0.0,0.0,362.0,0.0,0.0,0.0,0.0,202.0
2019-01-25T09:00:00.0,0.0,640.0,0.0,926.0,24313.0,0.0,0.0,0.0,0.0,0.0,0.0,0.0,0.0,0.0,346.0,0.0,0.0,0.0,0.0,211.0
2019-01-25T10:00:00.0,0.0,688.0,0.0,926.0,24658.0,0.0,0.0,0.0,0.0,0.0,0.0,0.0,0.0,0.0,344.0,0.0,0.0,0.0,0.0,215.0
2019-01-25T11:00:00.0,0.0,706.0,0.0,923.0,24348.0,0.0,0.0,0.0,0.0,0.0,0.0,0.0,0.0,0.0,341.0,0.0,0.0,0.0,0.0,207.0
2019-01-25T12:00:00.0,0.0,703.0,0.0,923.0,24079.0,0.0,0.0,0.0,0.0,0.0,0.0,0.0,0.0,0.0,345.0,0.0,0.0,0.0,0.0,207.0
2019-01-25T13:00:00.0,0.0,720.0,0.0,922.0,23829.0,0.0,0.0,0.0,0.0,0.0,0.0,0.0,0.0,0.0,349.0,0.0,0.0,0.0,0.0,240.0
2019-01-25T14:00:00.0,0.0,746.0,0.0,912.0,23688.0,0.0,0.0,0.0,0.0,0.0,0.0,0.0,0.0,0.0,349.0,0.0,0.0,0.0,0.0,255.0
2019-01-25T15:00:00.0,0.0,760.0,0.0,905.0,23458.0,0.0,0.0,0.0,0.0,0.0,0.0,0.0,0.0,0.0,344.0,0.0,0.0,0.0,0.0,277.0
2019-01-25T16:00:00.0,0.0,771.0,0.0,904.0,23901.0,0.0,0.0,0.0,0.0,0.0,0.0,0.0,0.0,0.0,334.0,0.0,0.0,0.0,0.0,275.0
2019-01-25T17:00:00.0,0.0,778.0,0.0,903.0,23883.0,0.0,0.0,0.0,0.0,0.0,0.0,0.0,0.0,0.0,361.0,0.0,0.0,0.0,0.0,291.0
2019-01-25T18:00:00.0,0.0,780.0,0.0,894.0,23199.0,0.0,0.0,0.0,0.0,0.0,0.0,0.0,0.0,0.0,370.0,0.0,0.0,0.0,0.0,316.0
2019-01-25T19:00:00.0,0.0,748.0,0.0,883.0,21483.0,0.0,0.0,0.0,0.0,0.0,0.0,0.0,0.0,0.0,361.0,0.0,0.0,0.0,0.0,296.0
2019-01-25T20:00:00.0,0.0,721.0,0.0,876.0,19135.0,0.0,0.0,0.0,0.0,0.0,0.0,0.0,0.0,0.0,363.0,0.0,0.0,0.0,0.0,288.0
2019-01-25T21:00:00.0,0.0,722.0,0.0,861.0,17750.0,0.0,0.0,0.0,0.0,0.0,0.0,0.0,0.0,0.0,361.0,0.0,0.0,0.0,0.0,317.0
2019-01-25T22:00:00.0,0.0,720.0,0.0,851.0,17193.0,0.0,0.0,0.0,0.0,0.0,0.0,0.0,0.0,0.0,358.0,0.0,0.0,0.0,0.0,313.0
2019-01-25T23:00:00.0,0.0,731.0,0.0,851.0,15657.0,0.0,0.0,0.0,0.0,0.0,0.0,0.0,0.0,0.0,363.0,0.0,0.0,0.0,0.0,310.0
2019-01-26T00:00:00.0,0.0,690.0,0.0,843.0,14818.0,0.0,0.0,0.0,0.0,0.0,0.0,0.0,0.0,0.0,360.0,0.0,0.0,0.0,0.0,297.0
2019-01-26T01:00:00.0,0.0,688.0,0.0,842.0,14504.0,0.0,0.0,0.0,0.0,0.0,0.0,0.0,0.0,0.0,357.0,0.0,0.0,0.0,0.0,307.0
2019-01-26T02:00:00.0,0.0,690.0,0.0,842.0,13941.0,0.0,0.0,0.0,0.0,0.0,0.0,0.0,0.0,0.0,357.0,0.0,0.0,0.0,0.0,309.0
2019-01-26T03:00:00.0,0.0,666.0,0.0,843.0,14076.0,0.0,0.0,0.0,0.0,0.0,0.0,0.0,0.0,0.0,357.0,0.0,0.0,0.0,0.0,308.0
2019-01-26T04:00:00.0,0.0,662.0,0.0,841.0,14561.0,0.0,0.0,0.0,0.0,0.0,0.0,0.0,0.0,0.0,358.0,0.0,0.0,0.0,0.0,307.0
2019-01-26T05:00:00.0,0.0,681.0,0.0,841.0,14943.0,0.0,0.0,0.0,0.0,0.0,0.0,0.0,0.0,0.0,362.0,0.0,0.0,0.0,0.0,303.0
2019-01-26T06:00:00.0,0.0,674.0,0.0,840.0,15622.0,0.0,0.0,0.0,0.0,0.0,0.0,0.0,0.0,0.0,358.0,0.0,0.0,0.0,0.0,302.0
2019-01-26T07:00:00.0,0.0,651.0,0.0,839.0,16788.0,0.0,0.0,0.0,0.0,0.0,0.0,0.0,0.0,0.0,363.0,0.0,0.0,0.0,0.0,294.0
2019-01-26T08:00:00.0,0.0,629.0,0.0,839.0,18029.0,0.0,0.0,0.0,0.0,0.0,0.0,0.0,0.0,0.0,371.0,0.0,0.0,0.0,0.0,277.0
2019-01-26T09:00:00.0,0.0,605.0,0.0,840.0,20406.0,0.0,0.0,0.0,0.0,0.0,0.0,0.0,0.0,0.0,366.0,0.0,0.0,0.0,0.0,203.0
2019-01-26T10:00:00.0,0.0,635.0,0.0,840.0,21897.0,0.0,0.0,0.0,0.0,0.0,0.0,0.0,0.0,0.0,362.0,0.0,0.0,0.0,0.0,201.0
2019-01-26T11:00:00.0,0.0,692.0,0.0,842.0,22018.0,0.0,0.0,0.0,0.0,0.0,0.0,0.0,0.0,0.0,363.0,0.0,0.0,0.0,0.0,272.0
2019-01-26T12:00:00.0,0.0,705.0,0.0,840.0,21225.0,0.0,0.0,0.0,0.0,0.0,0.0,0.0,0.0,0.0,363.0,0.0,0.0,0.0,0.0,203.0
2019-01-26T13:00:00.0,0.0,692.0,0.0,841.0,20430.0,0.0,0.0,0.0,0.0,0.0,0.0,0.0,0.0,0.0,365.0,0.0,0.0,0.0,0.0,208.0
2019-01-26T14:00:00.0,0.0,692.0,0.0,840.0,19254.0,0.0,0.0,0.0,0.0,0.0,0.0,0.0,0.0,0.0,365.0,0.0,0.0,0.0,0.0,208.0
2019-01-26T15:00:00.0,0.0,737.0,0.0,843.0,19239.0,0.0,0.0,0.0,0.0,0.0,0.0,0.0,0.0,0.0,363.0,0.0,0.0,0.0,0.0,277.0
2019-01-26T16:00:00.0,0.0,747.0,0.0,841.0,20090.0,0.0,0.0,0.0,0.0,0.0,0.0,0.0,0.0,0.0,370.0,0.0,0.0,0.0,0.0,281.0
2019-01-26T17:00:00.0,0.0,731.0,0.0,841.0,21429.0,0.0,0.0,0.0,0.0,0.0,0.0,0.0,0.0,0.0,352.0,0.0,0.0,0.0,0.0,216.0
2019-01-26T18:00:00.0,0.0,735.0,0.0,842.0,21143.0,0.0,0.0,0.0,0.0,0.0,0.0,0.0,0.0,0.0,346.0,0.0,0.0,0.0,0.0,220.0
2019-01-26T19:00:00.0,0.0,753.0,0.0,841.0,18845.0,0.0,0.0,0.0,0.0,0.0,0.0,0.0,0.0,0.0,340.0,0.0,0.0,0.0,0.0,225.0
2019-01-26T20:00:00.0,0.0,748.0,0.0,841.0,17400.0,0.0,0.0,0.0,0.0,0.0,0.0,0.0,0.0,0.0,340.0,0.0,0.0,0.0,0.0,222.0
2019-01-26T21:00:00.0,0.0,761.0,0.0,840.0,16105.0,0.0,0.0,0.0,0.0,0.0,0.0,0.0,0.0,0.0,340.0,0.0,0.0,0.0,0.0,218.0
2019-01-26T22:00:00.0,0.0,755.0,0.0,840.0,15273.0,0.0,0.0,0.0,0.0,0.0,0.0,0.0,0.0,0.0,341.0,0.0,0.0,0.0,0.0,221.0
2019-01-26T23:00:00.0,0.0,802.0,0.0,839.0,14140.0,0.0,0.0,0.0,0.0,0.0,0.0,0.0,0.0,0.0,344.0,0.0,0.0,0.0,0.0,276.0
2019-01-27T00:00:00.0,0.0,767.0,0.0,836.0,13871.0,0.0,0.0,0.0,0.0,0.0,0.0,0.0,0.0,0.0,333.0,0.0,0.0,0.0,0.0,250.0
2019-01-27T01:00:00.0,0.0,793.0,0.0,836.0,13632.0,0.0,0.0,0.0,0.0,0.0,0.0,0.0,0.0,0.0,335.0,0.0,0.0,0.0,0.0,248.0
2019-01-27T02:00:00.0,0.0,824.0,0.0,837.0,13322.0,0.0,0.0,0.0,0.0,0.0,0.0,0.0,0.0,0.0,347.0,0.0,0.0,0.0,0.0,307.0
2019-01-27T03:00:00.0,0.0,792.0,0.0,837.0,13307.0,0.0,0.0,0.0,0.0,0.0,0.0,0.0,0.0,0.0,350.0,0.0,0.0,0.0,0.0,237.0
2019-01-27T04:00:00.0,0.0,776.0,0.0,836.0,13458.0,0.0,0.0,0.0,0.0,0.0,0.0,0.0,0.0,0.0,348.0,0.0,0.0,0.0,0.0,240.0
2019-01-27T05:00:00.0,0.0,791.0,0.0,836.0,13464.0,0.0,0.0,0.0,0.0,0.0,0.0,0.0,0.0,0.0,350.0,0.0,0.0,0.0,0.0,244.0
2019-01-27T06:00:00.0,0.0,830.0,0.0,836.0,14077.0,0.0,0.0,0.0,0.0,0.0,0.0,0.0,0.0,0.0,345.0,0.0,0.0,0.0,0.0,238.0
2019-01-27T07:00:00.0,0.0,822.0,0.0,835.0,14417.0,0.0,0.0,0.0,0.0,0.0,0.0,0.0,0.0,0.0,350.0,0.0,0.0,0.0,0.0,243.0
2019-01-27T08:00:00.0,0.0,793.0,0.0,835.0,14912.0,0.0,0.0,0.0,0.0,0.0,0.0,0.0,0.0,0.0,350.0,0.0,0.0,0.0,0.0,245.0
2019-01-27T09:00:00.0,0.0,801.0,0.0,835.0,15620.0,0.0,0.0,0.0,0.0,0.0,0.0,0.0,0.0,0.0,352.0,0.0,0.0,0.0,0.0,317.0
2019-01-27T10:00:00.0,0.0,781.0,0.0,835.0,16631.0,0.0,0.0,0.0,0.0,0.0,0.0,0.0,0.0,0.0,351.0,0.0,0.0,0.0,0.0,319.0
2019-01-27T11:00:00.0,0.0,749.0,0.0,835.0,16454.0,0.0,0.0,0.0,0.0,0.0,0.0,0.0,0.0,0.0,350.0,0.0,0.0,0.0,0.0,296.0
2019-01-27T12:00:00.0,0.0,711.0,0.0,836.0,16148.0,0.0,0.0,0.0,0.0,0.0,0.0,0.0,0.0,0.0,348.0,0.0,0.0,0.0,0.0,279.0
2019-01-27T13:00:00.0,0.0,669.0,0.0,836.0,15933.0,0.0,0.0,0.0,0.0,0.0,0.0,0.0,0.0,0.0,348.0,0.0,0.0,0.0,0.0,260.0
2019-01-27T14:00:00.0,0.0,645.0,0.0,836.0,15843.0,0.0,0.0,0.0,0.0,0.0,0.0,0.0,0.0,0.0,347.0,0.0,0.0,0.0,0.0,249.0
2019-01-27T15:00:00.0,0.0,616.0,0.0,836.0,16009.0,0.0,0.0,0.0,0.0,0.0,0.0,0.0,0.0,0.0,351.0,0.0,0.0,0.0,0.0,247.0
2019-01-27T16:00:00.0,0.0,596.0,0.0,836.0,17561.0,0.0,0.0,0.0,0.0,0.0,0.0,0.0,0.0,0.0,356.0,0.0,0.0,0.0,0.0,245.0
2019-01-27T17:00:00.0,0.0,574.0,0.0,836.0,18712.0,0.0,0.0,0.0,0.0,0.0,0.0,0.0,0.0,0.0,353.0,0.0,0.0,0.0,0.0,270.0
2019-01-27T18:00:00.0,0.0,523.0,0.0,836.0,18565.0,0.0,0.0,0.0,0.0,0.0,0.0,0.0,0.0,0.0,353.0,0.0,0.0,0.0,0.0,289.0
2019-01-27T19:00:00.0,0.0,487.0,0.0,836.0,18106.0,0.0,0.0,0.0,0.0,0.0,0.0,0.0,0.0,0.0,353.0,0.0,0.0,0.0,0.0,288.0
2019-01-27T20:00:00.0,0.0,435.0,0.0,836.0,16988.0,0.0,0.0,0.0,0.0,0.0,0.0,0.0,0.0,0.0,353.0,0.0,0.0,0.0,0.0,212.0
2019-01-27T21:00:00.0,0.0,397.0,0.0,835.0,15965.0,0.0,0.0,0.0,0.0,0.0,0.0,0.0,0.0,0.0,356.0,0.0,0.0,0.0,0.0,212.0
2019-01-27T22:00:00.0,0.0,373.0,0.0,840.0,15232.0,0.0,0.0,0.0,0.0,0.0,0.0,0.0,0.0,0.0,359.0,0.0,0.0,0.0,0.0,215.0
2019-01-27T23:00:00.0,0.0,359.0,0.0,842.0,14287.0,0.0,0.0,0.0,0.0,0.0,0.0,0.0,0.0,0.0,356.0,0.0,0.0,0.0,0.0,206.0
2019-01-28T00:00:00.0,0.0,416.0,0.0,841.0,14019.0,0.0,0.0,0.0,0.0,0.0,0.0,0.0,0.0,0.0,357.0,0.0,0.0,0.0,0.0,269.0
2019-01-28T01:00:00.0,0.0,378.0,0.0,844.0,13485.0,0.0,0.0,0.0,0.0,0.0,0.0,0.0,0.0,0.0,353.0,0.0,0.0,0.0,0.0,252.0
2019-01-28T02:00:00.0,0.0,290.0,0.0,845.0,13347.0,0.0,0.0,0.0,0.0,0.0,0.0,0.0,0.0,0.0,352.0,0.0,0.0,0.0,0.0,204.0
2019-01-28T03:00:00.0,0.0,269.0,0.0,846.0,13391.0,0.0,0.0,0.0,0.0,0.0,0.0,0.0,0.0,0.0,354.0,0.0,0.0,0.0,0.0,211.0
2019-01-28T04:00:00.0,0.0,303.0,0.0,847.0,14102.0,0.0,0.0,0.0,0.0,0.0,0.0,0.0,0.0,0.0,356.0,0.0,0.0,0.0,0.0,227.0
2019-01-28T05:00:00.0,0.0,254.0,0.0,851.0,16305.0,0.0,0.0,0.0,0.0,0.0,0.0,0.0,0.0,0.0,355.0,0.0,0.0,0.0,0.0,177.0
2019-01-28T06:00:00.0,0.0,284.0,0.0,853.0,18750.0,0.0,0.0,0.0,0.0,0.0,0.0,0.0,0.0,0.0,355.0,0.0,0.0,0.0,0.0,198.0
2019-01-28T07:00:00.0,0.0,285.0,0.0,863.0,22747.0,0.0,0.0,0.0,0.0,0.0,0.0,0.0,0.0,0.0,354.0,0.0,0.0,0.0,0.0,185.0
2019-01-28T08:00:00.0,0.0,321.0,0.0,888.0,23252.0,0.0,0.0,0.0,0.0,0.0,0.0,0.0,0.0,0.0,354.0,0.0,0.0,0.0,0.0,226.0
2019-01-28T09:00:00.0,0.0,319.0,0.0,902.0,22683.0,0.0,0.0,0.0,0.0,0.0,0.0,0.0,0.0,0.0,350.0,0.0,0.0,0.0,0.0,157.0
2019-01-28T10:00:00.0,0.0,368.0,0.0,905.0,22152.0,0.0,0.0,0.0,0.0,0.0,0.0,0.0,0.0,0.0,352.0,0.0,0.0,0.0,0.0,180.0
2019-01-28T11:00:00.0,0.0,341.0,0.0,913.0,21982.0,0.0,0.0,0.0,0.0,0.0,0.0,0.0,0.0,0.0,352.0,0.0,0.0,0.0,0.0,118.0
2019-01-28T12:00:00.0,0.0,338.0,0.0,916.0,21554.0,0.0,0.0,0.0,0.0,0.0,0.0,0.0,0.0,0.0,345.0,0.0,0.0,0.0,0.0,107.0
2019-01-28T13:00:00.0,0.0,337.0,0.0,915.0,21560.0,0.0,0.0,0.0,0.0,0.0,0.0,0.0,0.0,0.0,346.0,0.0,0.0,0.0,0.0,112.0
2019-01-28T14:00:00.0,0.0,365.0,0.0,915.0,21909.0,0.0,0.0,0.0,0.0,0.0,0.0,0.0,0.0,0.0,350.0,0.0,0.0,0.0,0.0,109.0
2019-01-28T15:00:00.0,0.0,411.0,0.0,915.0,21924.0,0.0,0.0,0.0,0.0,0.0,0.0,0.0,0.0,0.0,351.0,0.0,0.0,0.0,0.0,168.0
2019-01-28T16:00:00.0,0.0,365.0,0.0,915.0,22531.0,0.0,0.0,0.0,0.0,0.0,0.0,0.0,0.0,0.0,350.0,0.0,0.0,0.0,0.0,142.0
2019-01-28T17:00:00.0,0.0,400.0,0.0,915.0,23452.0,0.0,0.0,0.0,0.0,0.0,0.0,0.0,0.0,0.0,349.0,0.0,0.0,0.0,0.0,85.0
2019-01-28T18:00:00.0,0.0,375.0,0.0,915.0,23253.0,0.0,0.0,0.0,0.0,0.0,0.0,0.0,0.0,0.0,351.0,0.0,0.0,0.0,0.0,110.0
2019-01-28T19:00:00.0,0.0,329.0,0.0,914.0,21832.0,0.0,0.0,0.0,0.0,0.0,0.0,0.0,0.0,0.0,347.0,0.0,0.0,0.0,0.0,120.0
2019-01-28T20:00:00.0,0.0,329.0,0.0,913.0,20332.0,0.0,0.0,0.0,0.0,0.0,0.0,0.0,0.0,0.0,347.0,0.0,0.0,0.0,0.0,170.0
2019-01-28T21:00:00.0,0.0,310.0,0.0,912.0,19463.0,0.0,0.0,0.0,0.0,0.0,0.0,0.0,0.0,0.0,348.0,0.0,0.0,0.0,0.0,109.0
2019-01-28T22:00:00.0,0.0,344.0,0.0,905.0,17805.0,0.0,0.0,0.0,0.0,0.0,0.0,0.0,0.0,0.0,348.0,0.0,0.0,0.0,0.0,126.0
2019-01-28T23:00:00.0,0.0,402.0,0.0,904.0,16355.0,0.0,0.0,0.0,0.0,0.0,0.0,0.0,0.0,0.0,348.0,0.0,0.0,0.0,0.0,214.0
2019-01-29T00:00:00.0,0.0,441.0,0.0,896.0,14845.0,0.0,0.0,0.0,0.0,0.0,0.0,0.0,0.0,0.0,358.0,0.0,0.0,0.0,0.0,253.0
2019-01-29T01:00:00.0,0.0,436.0,0.0,897.0,14057.0,0.0,0.0,0.0,0.0,0.0,0.0,0.0,0.0,0.0,361.0,0.0,0.0,0.0,0.0,246.0
2019-01-29T02:00:00.0,0.0,488.0,0.0,898.0,13989.0,0.0,0.0,0.0,0.0,0.0,0.0,0.0,0.0,0.0,363.0,0.0,0.0,0.0,0.0,228.0
2019-01-29T03:00:00.0,0.0,487.0,0.0,899.0,14228.0,0.0,0.0,0.0,0.0,0.0,0.0,0.0,0.0,0.0,359.0,0.0,0.0,0.0,0.0,231.0
2019-01-29T04:00:00.0,0.0,540.0,0.0,903.0,15221.0,0.0,0.0,0.0,0.0,0.0,0.0,0.0,0.0,0.0,360.0,0.0,0.0,0.0,0.0,254.0
2019-01-29T05:00:00.0,0.0,504.0,0.0,904.0,18284.0,0.0,0.0,0.0,0.0,0.0,0.0,0.0,0.0,0.0,363.0,0.0,0.0,0.0,0.0,185.0
2019-01-29T06:00:00.0,0.0,562.0,0.0,904.0,21167.0,0.0,0.0,0.0,0.0,0.0,0.0,0.0,0.0,0.0,358.0,0.0,0.0,0.0,0.0,187.0
2019-01-29T07:00:00.0,0.0,542.0,0.0,911.0,23604.0,0.0,0.0,0.0,0.0,0.0,0.0,0.0,0.0,0.0,358.0,0.0,0.0,0.0,0.0,161.0
2019-01-29T08:00:00.0,0.0,582.0,0.0,913.0,23618.0,0.0,0.0,0.0,0.0,0.0,0.0,0.0,0.0,0.0,371.0,0.0,0.0,0.0,0.0,161.0
2019-01-29T09:00:00.0,0.0,600.0,0.0,914.0,23933.0,0.0,0.0,0.0,0.0,0.0,0.0,0.0,0.0,0.0,365.0,0.0,0.0,0.0,0.0,189.0
2019-01-29T10:00:00.0,0.0,578.0,0.0,914.0,23908.0,0.0,0.0,0.0,0.0,0.0,0.0,0.0,0.0,0.0,369.0,0.0,0.0,0.0,0.0,208.0
2019-01-29T11:00:00.0,0.0,616.0,0.0,913.0,23896.0,0.0,0.0,0.0,0.0,0.0,0.0,0.0,0.0,0.0,364.0,0.0,0.0,0.0,0.0,193.0
2019-01-29T12:00:00.0,0.0,635.0,0.0,914.0,24115.0,0.0,0.0,0.0,0.0,0.0,0.0,0.0,0.0,0.0,364.0,0.0,0.0,0.0,0.0,187.0
2019-01-29T13:00:00.0,0.0,609.0,0.0,913.0,23659.0,0.0,0.0,0.0,0.0,0.0,0.0,0.0,0.0,0.0,358.0,0.0,0.0,0.0,0.0,190.0
2019-01-29T14:00:00.0,0.0,585.0,0.0,913.0,23885.0,0.0,0.0,0.0,0.0,0.0,0.0,0.0,0.0,0.0,357.0,0.0,0.0,0.0,0.0,216.0
2019-01-29T15:00:00.0,0.0,571.0,0.0,913.0,24262.0,0.0,0.0,0.0,0.0,0.0,0.0,0.0,0.0,0.0,362.0,0.0,0.0,0.0,0.0,164.0
2019-01-29T16:00:00.0,0.0,568.0,0.0,915.0,24422.0,0.0,0.0,0.0,0.0,0.0,0.0,0.0,0.0,0.0,363.0,0.0,0.0,0.0,0.0,181.0
2019-01-29T17:00:00.0,0.0,597.0,0.0,917.0,24327.0,0.0,0.0,0.0,0.0,0.0,0.0,0.0,0.0,0.0,360.0,0.0,0.0,0.0,0.0,207.0
2019-01-29T18:00:00.0,0.0,570.0,0.0,914.0,24058.0,0.0,0.0,0.0,0.0,0.0,0.0,0.0,0.0,0.0,364.0,0.0,0.0,0.0,0.0,232.0
2019-01-29T19:00:00.0,0.0,543.0,0.0,911.0,23859.0,0.0,0.0,0.0,0.0,0.0,0.0,0.0,0.0,0.0,358.0,0.0,0.0,0.0,0.0,204.0
2019-01-29T20:00:00.0,0.0,576.0,0.0,909.0,23094.0,0.0,0.0,0.0,0.0,0.0,0.0,0.0,0.0,0.0,360.0,0.0,0.0,0.0,0.0,206.0
2019-01-29T21:00:00.0,0.0,597.0,0.0,909.0,21444.0,0.0,0.0,0.0,0.0,0.0,0.0,0.0,0.0,0.0,359.0,0.0,0.0,0.0,0.0,217.0
2019-01-29T22:00:00.0,0.0,636.0,0.0,905.0,19058.0,0.0,0.0,0.0,0.0,0.0,0.0,0.0,0.0,0.0,362.0,0.0,0.0,0.0,0.0,237.0
2019-01-29T23:00:00.0,0.0,695.0,0.0,903.0,17020.0,0.0,0.0,0.0,0.0,0.0,0.0,0.0,0.0,0.0,359.0,0.0,0.0,0.0,0.0,219.0
2019-01-30T00:00:00.0,0.0,781.0,0.0,896.0,16251.0,0.0,0.0,0.0,0.0,0.0,0.0,0.0,0.0,0.0,359.0,0.0,0.0,0.0,0.0,204.0
2019-01-30T01:00:00.0,0.0,783.0,0.0,893.0,15802.0,0.0,0.0,0.0,0.0,0.0,0.0,0.0,0.0,0.0,353.0,0.0,0.0,0.0,0.0,214.0
2019-01-30T02:00:00.0,0.0,802.0,0.0,893.0,15671.0,0.0,0.0,0.0,0.0,0.0,0.0,0.0,0.0,0.0,355.0,0.0,0.0,0.0,0.0,219.0
2019-01-30T03:00:00.0,0.0,829.0,0.0,894.0,15700.0,0.0,0.0,0.0,0.0,0.0,0.0,0.0,0.0,0.0,358.0,0.0,0.0,0.0,0.0,216.0
2019-01-30T04:00:00.0,0.0,816.0,0.0,896.0,16697.0,0.0,0.0,0.0,0.0,0.0,0.0,0.0,0.0,0.0,360.0,0.0,0.0,0.0,0.0,208.0
2019-01-30T05:00:00.0,0.0,827.0,0.0,898.0,19434.0,0.0,0.0,0.0,0.0,0.0,0.0,0.0,0.0,0.0,351.0,0.0,0.0,0.0,0.0,196.0
2019-01-30T06:00:00.0,0.0,818.0,0.0,899.0,22254.0,0.0,0.0,0.0,0.0,0.0,0.0,0.0,0.0,0.0,352.0,0.0,0.0,0.0,0.0,180.0
2019-01-30T07:00:00.0,0.0,808.0,0.0,906.0,24684.0,0.0,0.0,0.0,0.0,0.0,0.0,0.0,0.0,0.0,363.0,0.0,0.0,0.0,0.0,133.0
2019-01-30T08:00:00.0,0.0,795.0,0.0,888.0,24625.0,0.0,0.0,0.0,0.0,0.0,0.0,0.0,0.0,0.0,365.0,0.0,0.0,0.0,0.0,182.0
2019-01-30T09:00:00.0,0.0,804.0,0.0,879.0,24258.0,0.0,0.0,0.0,0.0,0.0,0.0,0.0,0.0,0.0,351.0,0.0,0.0,0.0,0.0,177.0
2019-01-30T10:00:00.0,0.0,826.0,0.0,854.0,24386.0,0.0,0.0,0.0,0.0,0.0,0.0,0.0,0.0,0.0,351.0,0.0,0.0,0.0,0.0,161.0
2019-01-30T11:00:00.0,0.0,874.0,0.0,869.0,23502.0,0.0,0.0,0.0,0.0,0.0,0.0,0.0,0.0,0.0,347.0,0.0,0.0,0.0,0.0,186.0
2019-01-30T12:00:00.0,0.0,854.0,0.0,889.0,22931.0,0.0,0.0,0.0,0.0,0.0,0.0,0.0,0.0,0.0,348.0,0.0,0.0,0.0,0.0,241.0
2019-01-30T13:00:00.0,0.0,830.0,0.0,892.0,22816.0,0.0,0.0,0.0,0.0,0.0,0.0,0.0,0.0,0.0,352.0,0.0,0.0,0.0,0.0,207.0
2019-01-30T14:00:00.0,0.0,805.0,0.0,892.0,22678.0,0.0,0.0,0.0,0.0,0.0,0.0,0.0,0.0,0.0,345.0,0.0,0.0,0.0,0.0,203.0
2019-01-30T15:00:00.0,0.0,813.0,0.0,893.0,22404.0,0.0,0.0,0.0,0.0,0.0,0.0,0.0,0.0,0.0,347.0,0.0,0.0,0.0,0.0,185.0
2019-01-30T16:00:00.0,0.0,857.0,0.0,893.0,23300.0,0.0,0.0,0.0,0.0,0.0,0.0,0.0,0.0,0.0,349.0,0.0,0.0,0.0,0.0,186.0
2019-01-30T17:00:00.0,0.0,839.0,0.0,895.0,24142.0,0.0,0.0,0.0,0.0,0.0,0.0,0.0,0.0,0.0,346.0,0.0,0.0,0.0,0.0,149.0
2019-01-30T18:00:00.0,0.0,826.0,0.0,894.0,23930.0,0.0,0.0,0.0,0.0,0.0,0.0,0.0,0.0,0.0,348.0,0.0,0.0,0.0,0.0,156.0
2019-01-30T19:00:00.0,0.0,850.0,0.0,892.0,22934.0,0.0,0.0,0.0,0.0,0.0,0.0,0.0,0.0,0.0,346.0,0.0,0.0,0.0,0.0,229.0
2019-01-30T20:00:00.0,0.0,844.0,0.0,892.0,20777.0,0.0,0.0,0.0,0.0,0.0,0.0,0.0,0.0,0.0,345.0,0.0,0.0,0.0,0.0,266.0
2019-01-30T21:00:00.0,0.0,907.0,0.0,892.0,19377.0,0.0,0.0,0.0,0.0,0.0,0.0,0.0,0.0,0.0,344.0,0.0,0.0,0.0,0.0,228.0
2019-01-30T22:00:00.0,0.0,895.0,0.0,884.0,17500.0,0.0,0.0,0.0,0.0,0.0,0.0,0.0,0.0,0.0,344.0,0.0,0.0,0.0,0.0,250.0
2019-01-30T23:00:00.0,0.0,876.0,0.0,881.0,15651.0,0.0,0.0,0.0,0.0,0.0,0.0,0.0,0.0,0.0,347.0,0.0,0.0,0.0,0.0,287.0
2019-01-31T00:00:00.0,0.0,1167.0,0.0,879.0,15004.0,0.0,0.0,0.0,0.0,0.0,0.0,0.0,0.0,0.0,349.0,0.0,0.0,0.0,0.0,15.0
2019-01-31T01:00:00.0,0.0,1046.0,0.0,878.0,14297.0,0.0,0.0,0.0,0.0,0.0,0.0,0.0,0.0,0.0,347.0,0.0,0.0,0.0,0.0,15.0
2019-01-31T02:00:00.0,0.0,1081.0,0.0,879.0,14169.0,0.0,0.0,0.0,0.0,0.0,0.0,0.0,0.0,0.0,350.0,0.0,0.0,0.0,0.0,16.0
2019-01-31T03:00:00.0,0.0,1035.0,0.0,879.0,14320.0,0.0,0.0,0.0,0.0,0.0,0.0,0.0,0.0,0.0,349.0,0.0,0.0,0.0,0.0,16.0
2019-01-31T04:00:00.0,0.0,881.0,0.0,879.0,15163.0,0.0,0.0,0.0,0.0,0.0,0.0,0.0,0.0,0.0,347.0,0.0,0.0,0.0,0.0,18.0
2019-01-31T05:00:00.0,0.0,1106.0,0.0,885.0,18295.0,0.0,0.0,0.0,0.0,0.0,0.0,0.0,0.0,0.0,348.0,0.0,0.0,0.0,0.0,19.0
2019-01-31T06:00:00.0,0.0,1011.0,0.0,885.0,22286.0,0.0,0.0,0.0,0.0,0.0,0.0,0.0,0.0,0.0,351.0,0.0,0.0,0.0,0.0,20.0
2019-01-31T07:00:00.0,0.0,1027.0,0.0,889.0,23777.0,0.0,0.0,0.0,0.0,0.0,0.0,0.0,0.0,0.0,352.0,0.0,0.0,0.0,0.0,21.0
2019-01-31T08:00:00.0,0.0,1027.0,0.0,890.0,23851.0,0.0,0.0,0.0,0.0,0.0,0.0,0.0,0.0,0.0,350.0,0.0,0.0,0.0,0.0,23.0
2019-01-31T09:00:00.0,0.0,973.0,0.0,889.0,23977.0,0.0,0.0,0.0,0.0,0.0,0.0,0.0,0.0,0.0,344.0,0.0,0.0,0.0,0.0,23.0
2019-01-31T10:00:00.0,0.0,890.0,0.0,900.0,24069.0,0.0,0.0,0.0,0.0,0.0,0.0,0.0,0.0,0.0,348.0,0.0,0.0,0.0,0.0,23.0
2019-01-31T11:00:00.0,0.0,828.0,0.0,904.0,23862.0,0.0,0.0,0.0,0.0,0.0,0.0,0.0,0.0,0.0,342.0,0.0,0.0,0.0,0.0,22.0
2019-01-31T12:00:00.0,0.0,883.0,0.0,904.0,23809.0,0.0,0.0,0.0,0.0,0.0,0.0,0.0,0.0,0.0,345.0,0.0,0.0,0.0,0.0,22.0
2019-01-31T13:00:00.0,0.0,959.0,0.0,903.0,23559.0,0.0,0.0,0.0,0.0,0.0,0.0,0.0,0.0,0.0,347.0,0.0,0.0,0.0,0.0,22.0
2019-01-31T14:00:00.0,0.0,1069.0,0.0,903.0,23704.0,0.0,0.0,0.0,0.0,0.0,0.0,0.0,0.0,0.0,351.0,0.0,0.0,0.0,0.0,24.0
2019-01-31T15:00:00.0,0.0,1049.0,0.0,903.0,23734.0,0.0,0.0,0.0,0.0,0.0,0.0,0.0,0.0,0.0,350.0,0.0,0.0,0.0,0.0,29.0
2019-01-31T16:00:00.0,0.0,1014.0,0.0,904.0,24170.0,0.0,0.0,0.0,0.0,0.0,0.0,0.0,0.0,0.0,349.0,0.0,0.0,0.0,0.0,34.0
2019-01-31T17:00:00.0,0.0,1016.0,0.0,902.0,24781.0,0.0,0.0,0.0,0.0,0.0,0.0,0.0,0.0,0.0,349.0,0.0,0.0,0.0,0.0,39.0
2019-01-31T18:00:00.0,0.0,1010.0,0.0,901.0,24294.0,0.0,0.0,0.0,0.0,0.0,0.0,0.0,0.0,0.0,347.0,0.0,0.0,0.0,0.0,46.0
2019-01-31T19:00:00.0,0.0,1062.0,0.0,900.0,23535.0,0.0,0.0,0.0,0.0,0.0,0.0,0.0,0.0,0.0,347.0,0.0,0.0,0.0,0.0,55.0
2019-01-31T20:00:00.0,0.0,901.0,0.0,899.0,22193.0,0.0,0.0,0.0,0.0,0.0,0.0,0.0,0.0,0.0,344.0,0.0,0.0,0.0,0.0,60.0
2019-01-31T21:00:00.0,0.0,906.0,0.0,898.0,20140.0,0.0,0.0,0.0,0.0,0.0,0.0,0.0,0.0,0.0,342.0,0.0,0.0,0.0,0.0,61.0
2019-01-31T22:00:00.0,0.0,902.0,0.0,889.0,17895.0,0.0,0.0,0.0,0.0,0.0,0.0,0.0,0.0,0.0,343.0,0.0,0.0,0.0,0.0,62.0
2019-01-31T23:00:00.0,0.0,1112.0,0.0,887.0,15936.0,0.0,0.0,0.0,0.0,0.0,0.0,0.0,0.0,0.0,340.0,0.0,0.0,0.0,0.0,63.0
2019-02-01T00:00:00.0,0.0,965.0,0.0,884.0,15216.0,0.0,0.0,0.0,0.0,0.0,0.0,0.0,0.0,0.0,340.0,0.0,0.0,0.0,0.0,3.0
2019-02-01T01:00:00.0,0.0,989.0,0.0,881.0,14309.0,0.0,0.0,0.0,0.0,0.0,0.0,0.0,0.0,0.0,336.0,0.0,0.0,0.0,0.0,3.0
2019-02-01T02:00:00.0,0.0,1110.0,0.0,878.0,13803.0,0.0,0.0,0.0,0.0,0.0,0.0,0.0,0.0,0.0,345.0,0.0,0.0,0.0,0.0,3.0
2019-02-01T03:00:00.0,0.0,987.0,0.0,876.0,13866.0,0.0,0.0,0.0,0.0,0.0,0.0,0.0,0.0,0.0,343.0,0.0,0.0,0.0,0.0,3.0
2019-02-01T04:00:00.0,0.0,971.0,0.0,876.0,14857.0,0.0,0.0,0.0,0.0,0.0,0.0,0.0,0.0,0.0,346.0,0.0,0.0,0.0,0.0,3.0
2019-02-01T05:00:00.0,0.0,973.0,0.0,880.0,16978.0,0.0,0.0,0.0,0.0,0.0,0.0,0.0,0.0,0.0,350.0,0.0,0.0,0.0,0.0,3.0
2019-02-01T06:00:00.0,0.0,962.0,0.0,882.0,19431.0,0.0,0.0,0.0,0.0,0.0,0.0,0.0,0.0,0.0,347.0,0.0,0.0,0.0,0.0,3.0
2019-02-01T07:00:00.0,0.0,1130.0,0.0,888.0,21966.0,0.0,0.0,0.0,0.0,0.0,0.0,0.0,0.0,0.0,349.0,0.0,0.0,0.0,0.0,3.0
2019-02-01T08:00:00.0,0.0,1086.0,0.0,888.0,23219.0,0.0,0.0,0.0,0.0,0.0,0.0,0.0,0.0,0.0,345.0,0.0,0.0,0.0,0.0,3.0
2019-02-01T09:00:00.0,0.0,1084.0,0.0,890.0,23380.0,0.0,0.0,0.0,0.0,0.0,0.0,0.0,0.0,0.0,344.0,0.0,0.0,0.0,0.0,3.0
2019-02-01T10:00:00.0,0.0,1095.0,0.0,893.0,23205.0,0.0,0.0,0.0,0.0,0.0,0.0,0.0,0.0,0.0,347.0,0.0,0.0,0.0,0.0,3.0
2019-02-01T11:00:00.0,0.0,989.0,0.0,890.0,23324.0,0.0,0.0,0.0,0.0,0.0,0.0,0.0,0.0,0.0,347.0,0.0,0.0,0.0,0.0,3.0
2019-02-01T12:00:00.0,0.0,1073.0,0.0,888.0,22974.0,0.0,0.0,0.0,0.0,0.0,0.0,0.0,0.0,0.0,344.0,0.0,0.0,0.0,0.0,3.0
2019-02-01T13:00:00.0,0.0,1071.0,0.0,874.0,22632.0,0.0,0.0,0.0,0.0,0.0,0.0,0.0,0.0,0.0,344.0,0.0,0.0,0.0,0.0,3.0
2019-02-01T14:00:00.0,0.0,1082.0,0.0,871.0,22819.0,0.0,0.0,0.0,0.0,0.0,0.0,0.0,0.0,0.0,344.0,0.0,0.0,0.0,0.0,3.0
2019-02-01T15:00:00.0,0.0,1081.0,0.0,862.0,22856.0,0.0,0.0,0.0,0.0,0.0,0.0,0.0,0.0,0.0,348.0,0.0,0.0,0.0,0.0,3.0
2019-02-01T16:00:00.0,0.0,1094.0,0.0,861.0,23402.0,0.0,0.0,0.0,0.0,0.0,0.0,0.0,0.0,0.0,347.0,0.0,0.0,0.0,0.0,3.0
2019-02-01T17:00:00.0,0.0,1087.0,0.0,860.0,24019.0,0.0,0.0,0.0,0.0,0.0,0.0,0.0,0.0,0.0,356.0,0.0,0.0,0.0,0.0,3.0
2019-02-01T18:00:00.0,0.0,1084.0,0.0,858.0,23557.0,0.0,0.0,0.0,0.0,0.0,0.0,0.0,0.0,0.0,357.0,0.0,0.0,0.0,0.0,3.0
2019-02-01T19:00:00.0,0.0,1076.0,0.0,857.0,22665.0,0.0,0.0,0.0,0.0,0.0,0.0,0.0,0.0,0.0,358.0,0.0,0.0,0.0,0.0,3.0
2019-02-01T20:00:00.0,0.0,1098.0,0.0,858.0,20860.0,0.0,0.0,0.0,0.0,0.0,0.0,0.0,0.0,0.0,357.0,0.0,0.0,0.0,0.0,3.0
2019-02-01T21:00:00.0,0.0,1085.0,0.0,853.0,19418.0,0.0,0.0,0.0,0.0,0.0,0.0,0.0,0.0,0.0,356.0,0.0,0.0,0.0,0.0,3.0
2019-02-01T22:00:00.0,0.0,1096.0,0.0,844.0,17612.0,0.0,0.0,0.0,0.0,0.0,0.0,0.0,0.0,0.0,354.0,0.0,0.0,0.0,0.0,3.0
2019-02-01T23:00:00.0,0.0,1078.0,0.0,841.0,15375.0,0.0,0.0,0.0,0.0,0.0,0.0,0.0,0.0,0.0,351.0,0.0,0.0,0.0,0.0,3.0
2019-02-02T00:00:00.0,0.0,1050.0,0.0,829.0,14601.0,0.0,0.0,0.0,0.0,0.0,0.0,0.0,0.0,0.0,355.0,0.0,0.0,0.0,0.0,3.0
2019-02-02T01:00:00.0,0.0,1071.0,0.0,829.0,13180.0,0.0,0.0,0.0,0.0,0.0,0.0,0.0,0.0,0.0,357.0,0.0,0.0,0.0,0.0,3.0
2019-02-02T02:00:00.0,0.0,988.0,0.0,828.0,12692.0,0.0,0.0,0.0,0.0,0.0,0.0,0.0,0.0,0.0,357.0,0.0,0.0,0.0,0.0,3.0
2019-02-02T03:00:00.0,0.0,949.0,0.0,829.0,12633.0,0.0,0.0,0.0,0.0,0.0,0.0,0.0,0.0,0.0,355.0,0.0,0.0,0.0,0.0,3.0
2019-02-02T04:00:00.0,0.0,882.0,0.0,829.0,12908.0,0.0,0.0,0.0,0.0,0.0,0.0,0.0,0.0,0.0,360.0,0.0,0.0,0.0,0.0,3.0
2019-02-02T05:00:00.0,0.0,864.0,0.0,829.0,13360.0,0.0,0.0,0.0,0.0,0.0,0.0,0.0,0.0,0.0,362.0,0.0,0.0,0.0,0.0,3.0
2019-02-02T06:00:00.0,0.0,807.0,0.0,829.0,13882.0,0.0,0.0,0.0,0.0,0.0,0.0,0.0,0.0,0.0,360.0,0.0,0.0,0.0,0.0,3.0
2019-02-02T07:00:00.0,0.0,788.0,0.0,832.0,14969.0,0.0,0.0,0.0,0.0,0.0,0.0,0.0,0.0,0.0,359.0,0.0,0.0,0.0,0.0,3.0
2019-02-02T08:00:00.0,0.0,770.0,0.0,830.0,17442.0,0.0,0.0,0.0,0.0,0.0,0.0,0.0,0.0,0.0,360.0,0.0,0.0,0.0,0.0,3.0
2019-02-02T09:00:00.0,0.0,820.0,0.0,831.0,20693.0,0.0,0.0,0.0,0.0,0.0,0.0,0.0,0.0,0.0,358.0,0.0,0.0,0.0,0.0,3.0
2019-02-02T10:00:00.0,0.0,747.0,0.0,830.0,22123.0,0.0,0.0,0.0,0.0,0.0,0.0,0.0,0.0,0.0,357.0,0.0,0.0,0.0,0.0,3.0
2019-02-02T11:00:00.0,0.0,755.0,0.0,831.0,21942.0,0.0,0.0,0.0,0.0,0.0,0.0,0.0,0.0,0.0,356.0,0.0,0.0,0.0,0.0,3.0
2019-02-02T12:00:00.0,0.0,733.0,0.0,834.0,21143.0,0.0,0.0,0.0,0.0,0.0,0.0,0.0,0.0,0.0,358.0,0.0,0.0,0.0,0.0,3.0
2019-02-02T13:00:00.0,0.0,658.0,0.0,835.0,18775.0,0.0,0.0,0.0,0.0,0.0,0.0,0.0,0.0,0.0,359.0,0.0,0.0,0.0,0.0,3.0
2019-02-02T14:00:00.0,0.0,701.0,0.0,831.0,16934.0,0.0,0.0,0.0,0.0,0.0,0.0,0.0,0.0,0.0,354.0,0.0,0.0,0.0,0.0,3.0
2019-02-02T15:00:00.0,0.0,717.0,0.0,831.0,16985.0,0.0,0.0,0.0,0.0,0.0,0.0,0.0,0.0,0.0,359.0,0.0,0.0,0.0,0.0,3.0
2019-02-02T16:00:00.0,0.0,715.0,0.0,837.0,19265.0,0.0,0.0,0.0,0.0,0.0,0.0,0.0,0.0,0.0,360.0,0.0,0.0,0.0,0.0,3.0
2019-02-02T17:00:00.0,0.0,696.0,0.0,838.0,22144.0,0.0,0.0,0.0,0.0,0.0,0.0,0.0,0.0,0.0,360.0,0.0,0.0,0.0,0.0,3.0
2019-02-02T18:00:00.0,0.0,690.0,0.0,838.0,22555.0,0.0,0.0,0.0,0.0,0.0,0.0,0.0,0.0,0.0,362.0,0.0,0.0,0.0,0.0,3.0
2019-02-02T19:00:00.0,0.0,660.0,0.0,833.0,20609.0,0.0,0.0,0.0,0.0,0.0,0.0,0.0,0.0,0.0,357.0,0.0,0.0,0.0,0.0,3.0
2019-02-02T20:00:00.0,0.0,688.0,0.0,829.0,17735.0,0.0,0.0,0.0,0.0,0.0,0.0,0.0,0.0,0.0,356.0,0.0,0.0,0.0,0.0,3.0
2019-02-02T21:00:00.0,0.0,639.0,0.0,828.0,15671.0,0.0,0.0,0.0,0.0,0.0,0.0,0.0,0.0,0.0,350.0,0.0,0.0,0.0,0.0,3.0
2019-02-02T22:00:00.0,0.0,648.0,0.0,829.0,14631.0,0.0,0.0,0.0,0.0,0.0,0.0,0.0,0.0,0.0,353.0,0.0,0.0,0.0,0.0,3.0
2019-02-02T23:00:00.0,0.0,639.0,0.0,828.0,13322.0,0.0,0.0,0.0,0.0,0.0,0.0,0.0,0.0,0.0,356.0,0.0,0.0,0.0,0.0,3.0
2019-02-03T00:00:00.0,0.0,539.0,0.0,821.0,13011.0,0.0,0.0,0.0,0.0,0.0,0.0,0.0,0.0,0.0,357.0,0.0,0.0,0.0,0.0,3.0
2019-02-03T01:00:00.0,0.0,541.0,0.0,821.0,12465.0,0.0,0.0,0.0,0.0,0.0,0.0,0.0,0.0,0.0,361.0,0.0,0.0,0.0,0.0,3.0
2019-02-03T02:00:00.0,0.0,586.0,0.0,821.0,12097.0,0.0,0.0,0.0,0.0,0.0,0.0,0.0,0.0,0.0,365.0,0.0,0.0,0.0,0.0,3.0
2019-02-03T03:00:00.0,0.0,577.0,0.0,821.0,11985.0,0.0,0.0,0.0,0.0,0.0,0.0,0.0,0.0,0.0,362.0,0.0,0.0,0.0,0.0,3.0
2019-02-03T04:00:00.0,0.0,528.0,0.0,821.0,12073.0,0.0,0.0,0.0,0.0,0.0,0.0,0.0,0.0,0.0,361.0,0.0,0.0,0.0,0.0,3.0
2019-02-03T05:00:00.0,0.0,552.0,0.0,821.0,12256.0,0.0,0.0,0.0,0.0,0.0,0.0,0.0,0.0,0.0,361.0,0.0,0.0,0.0,0.0,3.0
2019-02-03T06:00:00.0,0.0,563.0,0.0,821.0,12938.0,0.0,0.0,0.0,0.0,0.0,0.0,0.0,0.0,0.0,361.0,0.0,0.0,0.0,0.0,3.0
2019-02-03T07:00:00.0,0.0,590.0,0.0,823.0,13419.0,0.0,0.0,0.0,0.0,0.0,0.0,0.0,0.0,0.0,365.0,0.0,0.0,0.0,0.0,3.0
2019-02-03T08:00:00.0,0.0,567.0,0.0,824.0,14334.0,0.0,0.0,0.0,0.0,0.0,0.0,0.0,0.0,0.0,364.0,0.0,0.0,0.0,0.0,3.0
2019-02-03T09:00:00.0,0.0,547.0,0.0,823.0,15889.0,0.0,0.0,0.0,0.0,0.0,0.0,0.0,0.0,0.0,358.0,0.0,0.0,0.0,0.0,3.0
2019-02-03T10:00:00.0,0.0,477.0,0.0,824.0,16905.0,0.0,0.0,0.0,0.0,0.0,0.0,0.0,0.0,0.0,364.0,0.0,0.0,0.0,0.0,3.0
2019-02-03T11:00:00.0,0.0,484.0,0.0,823.0,17702.0,0.0,0.0,0.0,0.0,0.0,0.0,0.0,0.0,0.0,361.0,0.0,0.0,0.0,0.0,3.0
2019-02-03T12:00:00.0,0.0,540.0,0.0,823.0,17306.0,0.0,0.0,0.0,0.0,0.0,0.0,0.0,0.0,0.0,351.0,0.0,0.0,0.0,0.0,3.0
2019-02-03T13:00:00.0,0.0,570.0,0.0,823.0,16494.0,0.0,0.0,0.0,0.0,0.0,0.0,0.0,0.0,0.0,360.0,0.0,0.0,0.0,0.0,3.0
2019-02-03T14:00:00.0,0.0,509.0,0.0,823.0,16156.0,0.0,0.0,0.0,0.0,0.0,0.0,0.0,0.0,0.0,362.0,0.0,0.0,0.0,0.0,3.0
2019-02-03T15:00:00.0,0.0,401.0,0.0,822.0,16383.0,0.0,0.0,0.0,0.0,0.0,0.0,0.0,0.0,0.0,359.0,0.0,0.0,0.0,0.0,3.0
2019-02-03T16:00:00.0,0.0,487.0,0.0,823.0,18135.0,0.0,0.0,0.0,0.0,0.0,0.0,0.0,0.0,0.0,354.0,0.0,0.0,0.0,0.0,3.0
2019-02-03T17:00:00.0,0.0,563.0,0.0,823.0,21151.0,0.0,0.0,0.0,0.0,0.0,0.0,0.0,0.0,0.0,355.0,0.0,0.0,0.0,0.0,3.0
2019-02-03T18:00:00.0,0.0,582.0,0.0,823.0,22273.0,0.0,0.0,0.0,0.0,0.0,0.0,0.0,0.0,0.0,354.0,0.0,0.0,0.0,0.0,3.0
2019-02-03T19:00:00.0,0.0,450.0,0.0,822.0,22303.0,0.0,0.0,0.0,0.0,0.0,0.0,0.0,0.0,0.0,354.0,0.0,0.0,0.0,0.0,3.0
2019-02-03T20:00:00.0,0.0,390.0,0.0,817.0,21012.0,0.0,0.0,0.0,0.0,0.0,0.0,0.0,0.0,0.0,361.0,0.0,0.0,0.0,0.0,3.0
2019-02-03T21:00:00.0,0.0,389.0,0.0,817.0,18395.0,0.0,0.0,0.0,0.0,0.0,0.0,0.0,0.0,0.0,359.0,0.0,0.0,0.0,0.0,3.0
2019-02-03T22:00:00.0,0.0,420.0,0.0,817.0,16471.0,0.0,0.0,0.0,0.0,0.0,0.0,0.0,0.0,0.0,364.0,0.0,0.0,0.0,0.0,3.0
2019-02-03T23:00:00.0,0.0,471.0,0.0,816.0,14893.0,0.0,0.0,0.0,0.0,0.0,0.0,0.0,0.0,0.0,363.0,0.0,0.0,0.0,0.0,3.0
2019-02-04T00:00:00.0,0.0,599.0,0.0,817.0,14792.0,0.0,0.0,0.0,0.0,0.0,0.0,0.0,0.0,0.0,360.0,0.0,0.0,0.0,0.0,3.0
2019-02-04T01:00:00.0,0.0,592.0,0.0,818.0,14345.0,0.0,0.0,0.0,0.0,0.0,0.0,0.0,0.0,0.0,359.0,0.0,0.0,0.0,0.0,3.0
2019-02-04T02:00:00.0,0.0,563.0,0.0,819.0,14121.0,0.0,0.0,0.0,0.0,0.0,0.0,0.0,0.0,0.0,358.0,0.0,0.0,0.0,0.0,3.0
2019-02-04T03:00:00.0,0.0,560.0,0.0,818.0,14230.0,0.0,0.0,0.0,0.0,0.0,0.0,0.0,0.0,0.0,359.0,0.0,0.0,0.0,0.0,3.0
2019-02-04T04:00:00.0,0.0,532.0,0.0,817.0,15184.0,0.0,0.0,0.0,0.0,0.0,0.0,0.0,0.0,0.0,360.0,0.0,0.0,0.0,0.0,3.0
2019-02-04T05:00:00.0,0.0,520.0,0.0,818.0,17296.0,0.0,0.0,0.0,0.0,0.0,0.0,0.0,0.0,0.0,359.0,0.0,0.0,0.0,0.0,3.0
2019-02-04T06:00:00.0,0.0,512.0,0.0,826.0,20573.0,0.0,0.0,0.0,0.0,0.0,0.0,0.0,0.0,0.0,357.0,0.0,0.0,0.0,0.0,3.0
2019-02-04T07:00:00.0,0.0,512.0,0.0,837.0,22695.0,0.0,0.0,0.0,0.0,0.0,0.0,0.0,0.0,0.0,362.0,0.0,0.0,0.0,0.0,3.0
2019-02-04T08:00:00.0,0.0,500.0,0.0,853.0,22711.0,0.0,0.0,0.0,0.0,0.0,0.0,0.0,0.0,0.0,359.0,0.0,0.0,0.0,0.0,3.0
2019-02-04T09:00:00.0,0.0,510.0,0.0,869.0,22614.0,0.0,0.0,0.0,0.0,0.0,0.0,0.0,0.0,0.0,354.0,0.0,0.0,0.0,0.0,3.0
2019-02-04T10:00:00.0,0.0,514.0,0.0,879.0,22061.0,0.0,0.0,0.0,0.0,0.0,0.0,0.0,0.0,0.0,352.0,0.0,0.0,0.0,0.0,3.0
2019-02-04T11:00:00.0,0.0,458.0,0.0,878.0,21027.0,0.0,0.0,0.0,0.0,0.0,0.0,0.0,0.0,0.0,351.0,0.0,0.0,0.0,0.0,3.0
2019-02-04T12:00:00.0,0.0,470.0,0.0,879.0,20736.0,0.0,0.0,0.0,0.0,0.0,0.0,0.0,0.0,0.0,358.0,0.0,0.0,0.0,0.0,3.0
2019-02-04T13:00:00.0,0.0,474.0,0.0,878.0,20626.0,0.0,0.0,0.0,0.0,0.0,0.0,0.0,0.0,0.0,356.0,0.0,0.0,0.0,0.0,3.0
2019-02-04T14:00:00.0,0.0,460.0,0.0,880.0,20802.0,0.0,0.0,0.0,0.0,0.0,0.0,0.0,0.0,0.0,351.0,0.0,0.0,0.0,0.0,3.0
2019-02-04T15:00:00.0,0.0,473.0,0.0,883.0,20735.0,0.0,0.0,0.0,0.0,0.0,0.0,0.0,0.0,0.0,349.0,0.0,0.0,0.0,0.0,3.0
2019-02-04T16:00:00.0,0.0,529.0,0.0,883.0,21216.0,0.0,0.0,0.0,0.0,0.0,0.0,0.0,0.0,0.0,346.0,0.0,0.0,0.0,0.0,3.0
2019-02-04T17:00:00.0,0.0,512.0,0.0,883.0,21710.0,0.0,0.0,0.0,0.0,0.0,0.0,0.0,0.0,0.0,343.0,0.0,0.0,0.0,0.0,3.0
2019-02-04T18:00:00.0,0.0,498.0,0.0,882.0,21067.0,0.0,0.0,0.0,0.0,0.0,0.0,0.0,0.0,0.0,348.0,0.0,0.0,0.0,0.0,3.0
2019-02-04T19:00:00.0,0.0,432.0,0.0,881.0,19935.0,0.0,0.0,0.0,0.0,0.0,0.0,0.0,0.0,0.0,348.0,0.0,0.0,0.0,0.0,3.0
2019-02-04T20:00:00.0,0.0,348.0,0.0,873.0,18661.0,0.0,0.0,0.0,0.0,0.0,0.0,0.0,0.0,0.0,350.0,0.0,0.0,0.0,0.0,3.0
2019-02-04T21:00:00.0,0.0,299.0,0.0,874.0,17558.0,0.0,0.0,0.0,0.0,0.0,0.0,0.0,0.0,0.0,350.0,0.0,0.0,0.0,0.0,3.0
2019-02-04T22:00:00.0,0.0,343.0,0.0,869.0,15457.0,0.0,0.0,0.0,0.0,0.0,0.0,0.0,0.0,0.0,350.0,0.0,0.0,0.0,0.0,3.0
2019-02-04T23:00:00.0,0.0,349.0,0.0,868.0,13565.0,0.0,0.0,0.0,0.0,0.0,0.0,0.0,0.0,0.0,351.0,0.0,0.0,0.0,0.0,3.0
2019-02-05T00:00:00.0,0.0,481.0,0.0,866.0,13079.0,0.0,0.0,0.0,0.0,0.0,0.0,0.0,0.0,0.0,345.0,0.0,0.0,0.0,0.0,3.0
2019-02-05T01:00:00.0,0.0,548.0,0.0,866.0,12930.0,0.0,0.0,0.0,0.0,0.0,0.0,0.0,0.0,0.0,353.0,0.0,0.0,0.0,0.0,3.0
2019-02-05T02:00:00.0,0.0,493.0,0.0,865.0,12415.0,0.0,0.0,0.0,0.0,0.0,0.0,0.0,0.0,0.0,352.0,0.0,0.0,0.0,0.0,3.0
2019-02-05T03:00:00.0,0.0,452.0,0.0,866.0,12497.0,0.0,0.0,0.0,0.0,0.0,0.0,0.0,0.0,0.0,309.0,0.0,0.0,0.0,0.0,3.0
2019-02-05T04:00:00.0,0.0,425.0,0.0,866.0,13389.0,0.0,0.0,0.0,0.0,0.0,0.0,0.0,0.0,0.0,309.0,0.0,0.0,0.0,0.0,3.0
2019-02-05T05:00:00.0,0.0,399.0,0.0,866.0,14978.0,0.0,0.0,0.0,0.0,0.0,0.0,0.0,0.0,0.0,305.0,0.0,0.0,0.0,0.0,3.0
2019-02-05T06:00:00.0,0.0,427.0,0.0,868.0,18429.0,0.0,0.0,0.0,0.0,0.0,0.0,0.0,0.0,0.0,347.0,0.0,0.0,0.0,0.0,3.0
2019-02-05T07:00:00.0,0.0,342.0,0.0,875.0,22337.0,0.0,0.0,0.0,0.0,0.0,0.0,0.0,0.0,0.0,345.0,0.0,0.0,0.0,0.0,3.0
2019-02-05T08:00:00.0,0.0,340.0,0.0,886.0,23481.0,0.0,0.0,0.0,0.0,0.0,0.0,0.0,0.0,0.0,349.0,0.0,0.0,0.0,0.0,3.0
2019-02-05T09:00:00.0,0.0,275.0,0.0,882.0,23424.0,0.0,0.0,0.0,0.0,0.0,0.0,0.0,0.0,0.0,347.0,0.0,0.0,0.0,0.0,3.0
2019-02-05T10:00:00.0,0.0,241.0,0.0,883.0,23405.0,0.0,0.0,0.0,0.0,0.0,0.0,0.0,0.0,0.0,349.0,0.0,0.0,0.0,0.0,3.0
2019-02-05T11:00:00.0,0.0,220.0,0.0,887.0,22913.0,0.0,0.0,0.0,0.0,0.0,0.0,0.0,0.0,0.0,349.0,0.0,0.0,0.0,0.0,3.0
2019-02-05T12:00:00.0,0.0,203.0,0.0,887.0,22423.0,0.0,0.0,0.0,0.0,0.0,0.0,0.0,0.0,0.0,326.0,0.0,0.0,0.0,0.0,3.0
2019-02-05T13:00:00.0,0.0,184.0,0.0,888.0,22093.0,0.0,0.0,0.0,0.0,0.0,0.0,0.0,0.0,0.0,332.0,0.0,0.0,0.0,0.0,3.0
2019-02-05T14:00:00.0,0.0,221.0,0.0,888.0,22260.0,0.0,0.0,0.0,0.0,0.0,0.0,0.0,0.0,0.0,344.0,0.0,0.0,0.0,0.0,3.0
2019-02-05T15:00:00.0,0.0,207.0,0.0,889.0,22553.0,0.0,0.0,0.0,0.0,0.0,0.0,0.0,0.0,0.0,349.0,0.0,0.0,0.0,0.0,3.0
2019-02-05T16:00:00.0,0.0,197.0,0.0,889.0,23333.0,0.0,0.0,0.0,0.0,0.0,0.0,0.0,0.0,0.0,348.0,0.0,0.0,0.0,0.0,3.0
2019-02-05T17:00:00.0,0.0,144.0,0.0,890.0,24463.0,0.0,0.0,0.0,0.0,0.0,0.0,0.0,0.0,0.0,349.0,0.0,0.0,0.0,0.0,3.0
2019-02-05T18:00:00.0,0.0,135.0,0.0,889.0,24395.0,0.0,0.0,0.0,0.0,0.0,0.0,0.0,0.0,0.0,346.0,0.0,0.0,0.0,0.0,3.0
2019-02-05T19:00:00.0,0.0,138.0,0.0,887.0,23628.0,0.0,0.0,0.0,0.0,0.0,0.0,0.0,0.0,0.0,345.0,0.0,0.0,0.0,0.0,3.0
2019-02-05T20:00:00.0,0.0,125.0,0.0,883.0,22452.0,0.0,0.0,0.0,0.0,0.0,0.0,0.0,0.0,0.0,346.0,0.0,0.0,0.0,0.0,3.0
2019-02-05T21:00:00.0,0.0,123.0,0.0,872.0,20943.0,0.0,0.0,0.0,0.0,0.0,0.0,0.0,0.0,0.0,346.0,0.0,0.0,0.0,0.0,3.0
2019-02-05T22:00:00.0,0.0,158.0,0.0,864.0,17581.0,0.0,0.0,0.0,0.0,0.0,0.0,0.0,0.0,0.0,344.0,0.0,0.0,0.0,0.0,3.0
2019-02-05T23:00:00.0,0.0,167.0,0.0,862.0,15343.0,0.0,0.0,0.0,0.0,0.0,0.0,0.0,0.0,0.0,342.0,0.0,0.0,0.0,0.0,3.0
2019-02-06T00:00:00.0,0.0,315.0,0.0,867.0,14914.0,0.0,0.0,0.0,0.0,0.0,0.0,0.0,0.0,0.0,348.0,0.0,0.0,0.0,0.0,3.0
2019-02-06T01:00:00.0,0.0,369.0,0.0,866.0,14696.0,0.0,0.0,0.0,0.0,0.0,0.0,0.0,0.0,0.0,350.0,0.0,0.0,0.0,0.0,3.0
2019-02-06T02:00:00.0,0.0,448.0,0.0,866.0,14879.0,0.0,0.0,0.0,0.0,0.0,0.0,0.0,0.0,0.0,350.0,0.0,0.0,0.0,0.0,3.0
2019-02-06T03:00:00.0,0.0,486.0,0.0,866.0,15066.0,0.0,0.0,0.0,0.0,0.0,0.0,0.0,0.0,0.0,352.0,0.0,0.0,0.0,0.0,3.0
2019-02-06T04:00:00.0,0.0,573.0,0.0,866.0,15777.0,0.0,0.0,0.0,0.0,0.0,0.0,0.0,0.0,0.0,351.0,0.0,0.0,0.0,0.0,3.0
2019-02-06T05:00:00.0,0.0,594.0,0.0,865.0,17467.0,0.0,0.0,0.0,0.0,0.0,0.0,0.0,0.0,0.0,349.0,0.0,0.0,0.0,0.0,3.0
2019-02-06T06:00:00.0,0.0,604.0,0.0,867.0,20450.0,0.0,0.0,0.0,0.0,0.0,0.0,0.0,0.0,0.0,347.0,0.0,0.0,0.0,0.0,3.0
2019-02-06T07:00:00.0,0.0,617.0,0.0,874.0,23252.0,0.0,0.0,0.0,0.0,0.0,0.0,0.0,0.0,0.0,350.0,0.0,0.0,0.0,0.0,3.0
2019-02-06T08:00:00.0,0.0,641.0,0.0,878.0,24071.0,0.0,0.0,0.0,0.0,0.0,0.0,0.0,0.0,0.0,349.0,0.0,0.0,0.0,0.0,3.0
2019-02-06T09:00:00.0,0.0,588.0,0.0,879.0,23717.0,0.0,0.0,0.0,0.0,0.0,0.0,0.0,0.0,0.0,349.0,0.0,0.0,0.0,0.0,3.0
2019-02-06T10:00:00.0,0.0,566.0,0.0,877.0,22927.0,0.0,0.0,0.0,0.0,0.0,0.0,0.0,0.0,0.0,370.0,0.0,0.0,0.0,0.0,3.0
2019-02-06T11:00:00.0,0.0,495.0,0.0,876.0,22564.0,0.0,0.0,0.0,0.0,0.0,0.0,0.0,0.0,0.0,365.0,0.0,0.0,0.0,0.0,3.0
2019-02-06T12:00:00.0,0.0,444.0,0.0,878.0,22422.0,0.0,0.0,0.0,0.0,0.0,0.0,0.0,0.0,0.0,326.0,0.0,0.0,0.0,0.0,3.0
2019-02-06T13:00:00.0,0.0,387.0,0.0,879.0,21989.0,0.0,0.0,0.0,0.0,0.0,0.0,0.0,0.0,0.0,325.0,0.0,0.0,0.0,0.0,3.0
2019-02-06T14:00:00.0,0.0,388.0,0.0,879.0,22244.0,0.0,0.0,0.0,0.0,0.0,0.0,0.0,0.0,0.0,324.0,0.0,0.0,0.0,0.0,3.0
2019-02-06T15:00:00.0,0.0,543.0,0.0,878.0,22846.0,0.0,0.0,0.0,0.0,0.0,0.0,0.0,0.0,0.0,324.0,0.0,0.0,0.0,0.0,3.0
2019-02-06T16:00:00.0,0.0,554.0,0.0,880.0,23731.0,0.0,0.0,0.0,0.0,0.0,0.0,0.0,0.0,0.0,344.0,0.0,0.0,0.0,0.0,3.0
2019-02-06T17:00:00.0,0.0,449.0,0.0,880.0,24400.0,0.0,0.0,0.0,0.0,0.0,0.0,0.0,0.0,0.0,344.0,0.0,0.0,0.0,0.0,3.0
2019-02-06T18:00:00.0,0.0,457.0,0.0,878.0,24210.0,0.0,0.0,0.0,0.0,0.0,0.0,0.0,0.0,0.0,342.0,0.0,0.0,0.0,0.0,3.0
2019-02-06T19:00:00.0,0.0,417.0,0.0,879.0,24078.0,0.0,0.0,0.0,0.0,0.0,0.0,0.0,0.0,0.0,343.0,0.0,0.0,0.0,0.0,3.0
2019-02-06T20:00:00.0,0.0,521.0,0.0,875.0,22541.0,0.0,0.0,0.0,0.0,0.0,0.0,0.0,0.0,0.0,343.0,0.0,0.0,0.0,0.0,3.0
2019-02-06T21:00:00.0,0.0,600.0,0.0,871.0,19145.0,0.0,0.0,0.0,0.0,0.0,0.0,0.0,0.0,0.0,362.0,0.0,0.0,0.0,0.0,3.0
2019-02-06T22:00:00.0,0.0,656.0,0.0,866.0,16530.0,0.0,0.0,0.0,0.0,0.0,0.0,0.0,0.0,0.0,361.0,0.0,0.0,0.0,0.0,3.0
2019-02-06T23:00:00.0,0.0,765.0,0.0,867.0,14055.0,0.0,0.0,0.0,0.0,0.0,0.0,0.0,0.0,0.0,365.0,0.0,0.0,0.0,0.0,3.0
2019-02-07T00:00:00.0,0.0,677.0,0.0,846.0,13629.0,0.0,0.0,0.0,0.0,0.0,0.0,0.0,0.0,0.0,359.0,0.0,0.0,0.0,0.0,3.0
2019-02-07T01:00:00.0,0.0,621.0,0.0,841.0,12919.0,0.0,0.0,0.0,0.0,0.0,0.0,0.0,0.0,0.0,362.0,0.0,0.0,0.0,0.0,3.0
2019-02-07T02:00:00.0,0.0,758.0,0.0,840.0,12649.0,0.0,0.0,0.0,0.0,0.0,0.0,0.0,0.0,0.0,365.0,0.0,0.0,0.0,0.0,3.0
2019-02-07T03:00:00.0,0.0,860.0,0.0,838.0,12557.0,0.0,0.0,0.0,0.0,0.0,0.0,0.0,0.0,0.0,363.0,0.0,0.0,0.0,0.0,3.0
2019-02-07T04:00:00.0,0.0,900.0,0.0,838.0,13568.0,0.0,0.0,0.0,0.0,0.0,0.0,0.0,0.0,0.0,363.0,0.0,0.0,0.0,0.0,3.0
2019-02-07T05:00:00.0,0.0,741.0,0.0,839.0,15590.0,0.0,0.0,0.0,0.0,0.0,0.0,0.0,0.0,0.0,362.0,0.0,0.0,0.0,0.0,3.0
2019-02-07T06:00:00.0,0.0,749.0,0.0,838.0,18207.0,0.0,0.0,0.0,0.0,0.0,0.0,0.0,0.0,0.0,364.0,0.0,0.0,0.0,0.0,3.0
2019-02-07T07:00:00.0,0.0,664.0,0.0,839.0,21735.0,0.0,0.0,0.0,0.0,0.0,0.0,0.0,0.0,0.0,365.0,0.0,0.0,0.0,0.0,3.0
2019-02-07T08:00:00.0,0.0,637.0,0.0,845.0,22420.0,0.0,0.0,0.0,0.0,0.0,0.0,0.0,0.0,0.0,362.0,0.0,0.0,0.0,0.0,3.0
2019-02-07T09:00:00.0,0.0,585.0,0.0,847.0,22426.0,0.0,0.0,0.0,0.0,0.0,0.0,0.0,0.0,0.0,337.0,0.0,0.0,0.0,0.0,3.0
2019-02-07T10:00:00.0,0.0,634.0,0.0,846.0,21592.0,0.0,0.0,0.0,0.0,0.0,0.0,0.0,0.0,0.0,340.0,0.0,0.0,0.0,0.0,3.0
2019-02-07T11:00:00.0,0.0,541.0,0.0,846.0,20992.0,0.0,0.0,0.0,0.0,0.0,0.0,0.0,0.0,0.0,341.0,0.0,0.0,0.0,0.0,3.0
2019-02-07T12:00:00.0,0.0,463.0,0.0,850.0,20330.0,0.0,0.0,0.0,0.0,0.0,0.0,0.0,0.0,0.0,344.0,0.0,0.0,0.0,0.0,3.0
2019-02-07T13:00:00.0,0.0,481.0,0.0,849.0,20169.0,0.0,0.0,0.0,0.0,0.0,0.0,0.0,0.0,0.0,349.0,0.0,0.0,0.0,0.0,3.0
2019-02-07T14:00:00.0,0.0,561.0,0.0,849.0,19770.0,0.0,0.0,0.0,0.0,0.0,0.0,0.0,0.0,0.0,342.0,0.0,0.0,0.0,0.0,3.0
2019-02-07T15:00:00.0,0.0,583.0,0.0,850.0,19639.0,0.0,0.0,0.0,0.0,0.0,0.0,0.0,0.0,0.0,340.0,0.0,0.0,0.0,0.0,3.0
2019-02-07T16:00:00.0,0.0,562.0,0.0,851.0,19789.0,0.0,0.0,0.0,0.0,0.0,0.0,0.0,0.0,0.0,337.0,0.0,0.0,0.0,0.0,3.0
2019-02-07T17:00:00.0,0.0,670.0,0.0,851.0,21075.0,0.0,0.0,0.0,0.0,0.0,0.0,0.0,0.0,0.0,341.0,0.0,0.0,0.0,0.0,3.0
2019-02-07T18:00:00.0,0.0,657.0,0.0,849.0,20886.0,0.0,0.0,0.0,0.0,0.0,0.0,0.0,0.0,0.0,340.0,0.0,0.0,0.0,0.0,3.0
2019-02-07T19:00:00.0,0.0,668.0,0.0,848.0,18742.0,0.0,0.0,0.0,0.0,0.0,0.0,0.0,0.0,0.0,335.0,0.0,0.0,0.0,0.0,3.0
2019-02-07T20:00:00.0,0.0,591.0,0.0,846.0,17109.0,0.0,0.0,0.0,0.0,0.0,0.0,0.0,0.0,0.0,337.0,0.0,0.0,0.0,0.0,3.0
2019-02-07T21:00:00.0,0.0,452.0,0.0,842.0,15396.0,0.0,0.0,0.0,0.0,0.0,0.0,0.0,0.0,0.0,337.0,0.0,0.0,0.0,0.0,3.0
2019-02-07T22:00:00.0,0.0,437.0,0.0,839.0,14469.0,0.0,0.0,0.0,0.0,0.0,0.0,0.0,0.0,0.0,335.0,0.0,0.0,0.0,0.0,3.0
2019-02-07T23:00:00.0,0.0,399.0,0.0,838.0,12839.0,0.0,0.0,0.0,0.0,0.0,0.0,0.0,0.0,0.0,338.0,0.0,0.0,0.0,0.0,3.0
2019-02-08T00:00:00.0,0.0,382.0,0.0,838.0,12433.0,0.0,0.0,0.0,0.0,0.0,0.0,0.0,0.0,0.0,343.0,0.0,0.0,0.0,0.0,3.0
2019-02-08T01:00:00.0,0.0,377.0,0.0,839.0,11934.0,0.0,0.0,0.0,0.0,0.0,0.0,0.0,0.0,0.0,347.0,0.0,0.0,0.0,0.0,3.0
2019-02-08T02:00:00.0,0.0,377.0,0.0,839.0,11900.0,0.0,0.0,0.0,0.0,0.0,0.0,0.0,0.0,0.0,343.0,0.0,0.0,0.0,0.0,3.0
2019-02-08T03:00:00.0,0.0,460.0,0.0,839.0,11665.0,0.0,0.0,0.0,0.0,0.0,0.0,0.0,0.0,0.0,344.0,0.0,0.0,0.0,0.0,3.0
2019-02-08T04:00:00.0,0.0,589.0,0.0,839.0,11856.0,0.0,0.0,0.0,0.0,0.0,0.0,0.0,0.0,0.0,343.0,0.0,0.0,0.0,0.0,3.0
2019-02-08T05:00:00.0,0.0,381.0,0.0,839.0,13180.0,0.0,0.0,0.0,0.0,0.0,0.0,0.0,0.0,0.0,342.0,0.0,0.0,0.0,0.0,3.0
2019-02-08T06:00:00.0,0.0,380.0,0.0,838.0,16592.0,0.0,0.0,0.0,0.0,0.0,0.0,0.0,0.0,0.0,345.0,0.0,0.0,0.0,0.0,3.0
2019-02-08T07:00:00.0,0.0,348.0,0.0,842.0,20728.0,0.0,0.0,0.0,0.0,0.0,0.0,0.0,0.0,0.0,344.0,0.0,0.0,0.0,0.0,3.0
2019-02-08T08:00:00.0,0.0,375.0,0.0,848.0,21777.0,0.0,0.0,0.0,0.0,0.0,0.0,0.0,0.0,0.0,345.0,0.0,0.0,0.0,0.0,3.0
2019-02-08T09:00:00.0,0.0,469.0,0.0,846.0,21632.0,0.0,0.0,0.0,0.0,0.0,0.0,0.0,0.0,0.0,344.0,0.0,0.0,0.0,0.0,3.0
2019-02-08T10:00:00.0,0.0,395.0,0.0,847.0,19893.0,0.0,0.0,0.0,0.0,0.0,0.0,0.0,0.0,0.0,345.0,0.0,0.0,0.0,0.0,3.0
2019-02-08T11:00:00.0,0.0,418.0,0.0,846.0,18107.0,0.0,0.0,0.0,0.0,0.0,0.0,0.0,0.0,0.0,338.0,0.0,0.0,0.0,0.0,3.0
2019-02-08T12:00:00.0,0.0,490.0,0.0,850.0,16609.0,0.0,0.0,0.0,0.0,0.0,0.0,0.0,0.0,0.0,321.0,0.0,0.0,0.0,0.0,3.0
2019-02-08T13:00:00.0,0.0,542.0,0.0,851.0,16260.0,0.0,0.0,0.0,0.0,0.0,0.0,0.0,0.0,0.0,322.0,0.0,0.0,0.0,0.0,3.0
2019-02-08T14:00:00.0,0.0,606.0,0.0,838.0,16315.0,0.0,0.0,0.0,0.0,0.0,0.0,0.0,0.0,0.0,321.0,0.0,0.0,0.0,0.0,3.0
2019-02-08T15:00:00.0,0.0,646.0,0.0,828.0,16032.0,0.0,0.0,0.0,0.0,0.0,0.0,0.0,0.0,0.0,340.0,0.0,0.0,0.0,0.0,3.0
2019-02-08T16:00:00.0,0.0,628.0,0.0,828.0,16501.0,0.0,0.0,0.0,0.0,0.0,0.0,0.0,0.0,0.0,345.0,0.0,0.0,0.0,0.0,3.0
2019-02-08T17:00:00.0,0.0,643.0,0.0,824.0,17993.0,0.0,0.0,0.0,0.0,0.0,0.0,0.0,0.0,0.0,368.0,0.0,0.0,0.0,0.0,3.0
2019-02-08T18:00:00.0,0.0,654.0,0.0,824.0,18108.0,0.0,0.0,0.0,0.0,0.0,0.0,0.0,0.0,0.0,365.0,0.0,0.0,0.0,0.0,3.0
2019-02-08T19:00:00.0,0.0,654.0,0.0,823.0,15861.0,0.0,0.0,0.0,0.0,0.0,0.0,0.0,0.0,0.0,365.0,0.0,0.0,0.0,0.0,3.0
2019-02-08T20:00:00.0,0.0,672.0,0.0,822.0,14482.0,0.0,0.0,0.0,0.0,0.0,0.0,0.0,0.0,0.0,363.0,0.0,0.0,0.0,0.0,3.0
2019-02-08T21:00:00.0,0.0,730.0,0.0,814.0,13154.0,0.0,0.0,0.0,0.0,0.0,0.0,0.0,0.0,0.0,364.0,0.0,0.0,0.0,0.0,3.0
2019-02-08T22:00:00.0,0.0,880.0,0.0,809.0,12680.0,0.0,0.0,0.0,0.0,0.0,0.0,0.0,0.0,0.0,366.0,0.0,0.0,0.0,0.0,3.0
2019-02-08T23:00:00.0,0.0,959.0,0.0,811.0,11913.0,0.0,0.0,0.0,0.0,0.0,0.0,0.0,0.0,0.0,367.0,0.0,0.0,0.0,0.0,3.0
2019-02-09T00:00:00.0,0.0,949.0,0.0,839.0,12367.0,0.0,0.0,0.0,0.0,0.0,0.0,0.0,0.0,0.0,367.0,0.0,0.0,0.0,0.0,3.0
2019-02-09T01:00:00.0,0.0,1010.0,0.0,841.0,11400.0,0.0,0.0,0.0,0.0,0.0,0.0,0.0,0.0,0.0,363.0,0.0,0.0,0.0,0.0,3.0
2019-02-09T02:00:00.0,0.0,995.0,0.0,842.0,11167.0,0.0,0.0,0.0,0.0,0.0,0.0,0.0,0.0,0.0,366.0,0.0,0.0,0.0,0.0,3.0
2019-02-09T03:00:00.0,0.0,1018.0,0.0,843.0,10950.0,0.0,0.0,0.0,0.0,0.0,0.0,0.0,0.0,0.0,367.0,0.0,0.0,0.0,0.0,3.0
2019-02-09T04:00:00.0,0.0,949.0,0.0,844.0,11102.0,0.0,0.0,0.0,0.0,0.0,0.0,0.0,0.0,0.0,367.0,0.0,0.0,0.0,0.0,3.0
2019-02-09T05:00:00.0,0.0,989.0,0.0,844.0,11422.0,0.0,0.0,0.0,0.0,0.0,0.0,0.0,0.0,0.0,367.0,0.0,0.0,0.0,0.0,3.0
2019-02-09T06:00:00.0,0.0,945.0,0.0,844.0,11584.0,0.0,0.0,0.0,0.0,0.0,0.0,0.0,0.0,0.0,365.0,0.0,0.0,0.0,0.0,3.0
2019-02-09T07:00:00.0,0.0,925.0,0.0,844.0,12126.0,0.0,0.0,0.0,0.0,0.0,0.0,0.0,0.0,0.0,360.0,0.0,0.0,0.0,0.0,3.0
2019-02-09T08:00:00.0,0.0,961.0,0.0,844.0,12663.0,0.0,0.0,0.0,0.0,0.0,0.0,0.0,0.0,0.0,360.0,0.0,0.0,0.0,0.0,3.0
2019-02-09T09:00:00.0,0.0,821.0,0.0,849.0,14868.0,0.0,0.0,0.0,0.0,0.0,0.0,0.0,0.0,0.0,363.0,0.0,0.0,0.0,0.0,3.0
2019-02-09T10:00:00.0,0.0,750.0,0.0,842.0,15603.0,0.0,0.0,0.0,0.0,0.0,0.0,0.0,0.0,0.0,359.0,0.0,0.0,0.0,0.0,3.0
2019-02-09T11:00:00.0,0.0,776.0,0.0,845.0,15379.0,0.0,0.0,0.0,0.0,0.0,0.0,0.0,0.0,0.0,363.0,0.0,0.0,0.0,0.0,3.0
2019-02-09T12:00:00.0,0.0,754.0,0.0,846.0,14946.0,0.0,0.0,0.0,0.0,0.0,0.0,0.0,0.0,0.0,362.0,0.0,0.0,0.0,0.0,3.0
2019-02-09T13:00:00.0,0.0,727.0,0.0,846.0,14458.0,0.0,0.0,0.0,0.0,0.0,0.0,0.0,0.0,0.0,348.0,0.0,0.0,0.0,0.0,3.0
2019-02-09T14:00:00.0,0.0,650.0,0.0,848.0,13679.0,0.0,0.0,0.0,0.0,0.0,0.0,0.0,0.0,0.0,339.0,0.0,0.0,0.0,0.0,3.0
2019-02-09T15:00:00.0,0.0,563.0,0.0,846.0,13532.0,0.0,0.0,0.0,0.0,0.0,0.0,0.0,0.0,0.0,343.0,0.0,0.0,0.0,0.0,3.0
2019-02-09T16:00:00.0,0.0,550.0,0.0,855.0,14875.0,0.0,0.0,0.0,0.0,0.0,0.0,0.0,0.0,0.0,346.0,0.0,0.0,0.0,0.0,3.0
2019-02-09T17:00:00.0,0.0,527.0,0.0,855.0,16620.0,0.0,0.0,0.0,0.0,0.0,0.0,0.0,0.0,0.0,347.0,0.0,0.0,0.0,0.0,3.0
2019-02-09T18:00:00.0,0.0,543.0,0.0,856.0,16398.0,0.0,0.0,0.0,0.0,0.0,0.0,0.0,0.0,0.0,345.0,0.0,0.0,0.0,0.0,3.0
2019-02-09T19:00:00.0,0.0,581.0,0.0,856.0,14675.0,0.0,0.0,0.0,0.0,0.0,0.0,0.0,0.0,0.0,341.0,0.0,0.0,0.0,0.0,3.0
2019-02-09T20:00:00.0,0.0,581.0,0.0,855.0,13470.0,0.0,0.0,0.0,0.0,0.0,0.0,0.0,0.0,0.0,352.0,0.0,0.0,0.0,0.0,3.0
2019-02-09T21:00:00.0,0.0,530.0,0.0,856.0,12985.0,0.0,0.0,0.0,0.0,0.0,0.0,0.0,0.0,0.0,364.0,0.0,0.0,0.0,0.0,3.0
2019-02-09T22:00:00.0,0.0,563.0,0.0,861.0,13261.0,0.0,0.0,0.0,0.0,0.0,0.0,0.0,0.0,0.0,362.0,0.0,0.0,0.0,0.0,3.0
2019-02-09T23:00:00.0,0.0,526.0,0.0,861.0,12525.0,0.0,0.0,0.0,0.0,0.0,0.0,0.0,0.0,0.0,367.0,0.0,0.0,0.0,0.0,3.0
2019-02-10T00:00:00.0,0.0,564.0,0.0,853.0,11623.0,0.0,0.0,0.0,0.0,0.0,0.0,0.0,0.0,0.0,370.0,0.0,0.0,0.0,0.0,3.0
2019-02-10T01:00:00.0,0.0,555.0,0.0,849.0,10881.0,0.0,0.0,0.0,0.0,0.0,0.0,0.0,0.0,0.0,373.0,0.0,0.0,0.0,0.0,3.0
2019-02-10T02:00:00.0,0.0,588.0,0.0,851.0,10425.0,0.0,0.0,0.0,0.0,0.0,0.0,0.0,0.0,0.0,374.0,0.0,0.0,0.0,0.0,3.0
2019-02-10T03:00:00.0,0.0,601.0,0.0,852.0,10262.0,0.0,0.0,0.0,0.0,0.0,0.0,0.0,0.0,0.0,372.0,0.0,0.0,0.0,0.0,3.0
2019-02-10T04:00:00.0,0.0,602.0,0.0,858.0,10285.0,0.0,0.0,0.0,0.0,0.0,0.0,0.0,0.0,0.0,373.0,0.0,0.0,0.0,0.0,3.0
2019-02-10T05:00:00.0,0.0,632.0,0.0,859.0,10393.0,0.0,0.0,0.0,0.0,0.0,0.0,0.0,0.0,0.0,376.0,0.0,0.0,0.0,0.0,3.0
2019-02-10T06:00:00.0,0.0,572.0,0.0,861.0,11307.0,0.0,0.0,0.0,0.0,0.0,0.0,0.0,0.0,0.0,375.0,0.0,0.0,0.0,0.0,3.0
2019-02-10T07:00:00.0,0.0,523.0,0.0,861.0,11190.0,0.0,0.0,0.0,0.0,0.0,0.0,0.0,0.0,0.0,373.0,0.0,0.0,0.0,0.0,3.0
2019-02-10T08:00:00.0,0.0,514.0,0.0,858.0,11715.0,0.0,0.0,0.0,0.0,0.0,0.0,0.0,0.0,0.0,349.0,0.0,0.0,0.0,0.0,3.0
2019-02-10T09:00:00.0,0.0,499.0,0.0,864.0,12931.0,0.0,0.0,0.0,0.0,0.0,0.0,0.0,0.0,0.0,353.0,0.0,0.0,0.0,0.0,3.0
2019-02-10T10:00:00.0,0.0,450.0,0.0,862.0,13697.0,0.0,0.0,0.0,0.0,0.0,0.0,0.0,0.0,0.0,352.0,0.0,0.0,0.0,0.0,3.0
2019-02-10T11:00:00.0,0.0,452.0,0.0,865.0,13825.0,0.0,0.0,0.0,0.0,0.0,0.0,0.0,0.0,0.0,350.0,0.0,0.0,0.0,0.0,3.0
2019-02-10T12:00:00.0,0.0,394.0,0.0,865.0,14073.0,0.0,0.0,0.0,0.0,0.0,0.0,0.0,0.0,0.0,350.0,0.0,0.0,0.0,0.0,3.0
2019-02-10T13:00:00.0,0.0,380.0,0.0,869.0,13751.0,0.0,0.0,0.0,0.0,0.0,0.0,0.0,0.0,0.0,349.0,0.0,0.0,0.0,0.0,3.0
2019-02-10T14:00:00.0,0.0,353.0,0.0,877.0,13524.0,0.0,0.0,0.0,0.0,0.0,0.0,0.0,0.0,0.0,349.0,0.0,0.0,0.0,0.0,3.0
2019-02-10T15:00:00.0,0.0,300.0,0.0,876.0,13940.0,0.0,0.0,0.0,0.0,0.0,0.0,0.0,0.0,0.0,348.0,0.0,0.0,0.0,0.0,3.0
2019-02-10T16:00:00.0,0.0,327.0,0.0,876.0,15488.0,0.0,0.0,0.0,0.0,0.0,0.0,0.0,0.0,0.0,348.0,0.0,0.0,0.0,0.0,3.0
2019-02-10T17:00:00.0,0.0,309.0,0.0,874.0,16922.0,0.0,0.0,0.0,0.0,0.0,0.0,0.0,0.0,0.0,344.0,0.0,0.0,0.0,0.0,3.0
2019-02-10T18:00:00.0,0.0,329.0,0.0,874.0,17741.0,0.0,0.0,0.0,0.0,0.0,0.0,0.0,0.0,0.0,364.0,0.0,0.0,0.0,0.0,3.0
2019-02-10T19:00:00.0,0.0,423.0,0.0,878.0,16811.0,0.0,0.0,0.0,0.0,0.0,0.0,0.0,0.0,0.0,366.0,0.0,0.0,0.0,0.0,3.0
2019-02-10T20:00:00.0,0.0,382.0,0.0,877.0,14954.0,0.0,0.0,0.0,0.0,0.0,0.0,0.0,0.0,0.0,369.0,0.0,0.0,0.0,0.0,3.0
2019-02-10T21:00:00.0,0.0,397.0,0.0,875.0,14000.0,0.0,0.0,0.0,0.0,0.0,0.0,0.0,0.0,0.0,371.0,0.0,0.0,0.0,0.0,3.0
2019-02-10T22:00:00.0,0.0,466.0,0.0,875.0,13069.0,0.0,0.0,0.0,0.0,0.0,0.0,0.0,0.0,0.0,369.0,0.0,0.0,0.0,0.0,3.0
2019-02-10T23:00:00.0,0.0,607.0,0.0,876.0,12037.0,0.0,0.0,0.0,0.0,0.0,0.0,0.0,0.0,0.0,370.0,0.0,0.0,0.0,0.0,3.0
2019-02-11T00:00:00.0,0.0,627.0,0.0,874.0,11400.0,0.0,0.0,0.0,0.0,0.0,0.0,0.0,0.0,0.0,369.0,0.0,0.0,0.0,0.0,3.0
2019-02-11T01:00:00.0,0.0,693.0,0.0,874.0,10684.0,0.0,0.0,0.0,0.0,0.0,0.0,0.0,0.0,0.0,367.0,0.0,0.0,0.0,0.0,3.0
2019-02-11T02:00:00.0,0.0,721.0,0.0,872.0,10398.0,0.0,0.0,0.0,0.0,0.0,0.0,0.0,0.0,0.0,366.0,0.0,0.0,0.0,0.0,3.0
2019-02-11T03:00:00.0,0.0,804.0,0.0,873.0,10302.0,0.0,0.0,0.0,0.0,0.0,0.0,0.0,0.0,0.0,370.0,0.0,0.0,0.0,0.0,3.0
2019-02-11T04:00:00.0,0.0,825.0,0.0,871.0,10509.0,0.0,0.0,0.0,0.0,0.0,0.0,0.0,0.0,0.0,365.0,0.0,0.0,0.0,0.0,3.0
2019-02-11T05:00:00.0,0.0,812.0,0.0,872.0,12154.0,0.0,0.0,0.0,0.0,0.0,0.0,0.0,0.0,0.0,365.0,0.0,0.0,0.0,0.0,3.0
2019-02-11T06:00:00.0,0.0,792.0,0.0,878.0,15147.0,0.0,0.0,0.0,0.0,0.0,0.0,0.0,0.0,0.0,363.0,0.0,0.0,0.0,0.0,3.0
2019-02-11T07:00:00.0,0.0,724.0,0.0,895.0,17836.0,0.0,0.0,0.0,0.0,0.0,0.0,0.0,0.0,0.0,367.0,0.0,0.0,0.0,0.0,3.0
2019-02-11T08:00:00.0,0.0,701.0,0.0,907.0,18708.0,0.0,0.0,0.0,0.0,0.0,0.0,0.0,0.0,0.0,364.0,0.0,0.0,0.0,0.0,3.0
2019-02-11T09:00:00.0,0.0,697.0,0.0,917.0,17710.0,0.0,0.0,0.0,0.0,0.0,0.0,0.0,0.0,0.0,338.0,0.0,0.0,0.0,0.0,3.0
2019-02-11T10:00:00.0,0.0,749.0,0.0,926.0,17152.0,0.0,0.0,0.0,0.0,0.0,0.0,0.0,0.0,0.0,336.0,0.0,0.0,0.0,0.0,3.0
2019-02-11T11:00:00.0,0.0,773.0,0.0,931.0,16791.0,0.0,0.0,0.0,0.0,0.0,0.0,0.0,0.0,0.0,338.0,0.0,0.0,0.0,0.0,3.0
2019-02-11T12:00:00.0,0.0,767.0,0.0,928.0,16761.0,0.0,0.0,0.0,0.0,0.0,0.0,0.0,0.0,0.0,340.0,0.0,0.0,0.0,0.0,3.0
2019-02-11T13:00:00.0,0.0,800.0,0.0,928.0,16405.0,0.0,0.0,0.0,0.0,0.0,0.0,0.0,0.0,0.0,344.0,0.0,0.0,0.0,0.0,3.0
2019-02-11T14:00:00.0,0.0,736.0,0.0,922.0,16073.0,0.0,0.0,0.0,0.0,0.0,0.0,0.0,0.0,0.0,339.0,0.0,0.0,0.0,0.0,3.0
2019-02-11T15:00:00.0,0.0,947.0,0.0,925.0,16100.0,0.0,0.0,0.0,0.0,0.0,0.0,0.0,0.0,0.0,340.0,0.0,0.0,0.0,0.0,3.0
2019-02-11T16:00:00.0,0.0,879.0,0.0,924.0,16693.0,0.0,0.0,0.0,0.0,0.0,0.0,0.0,0.0,0.0,342.0,0.0,0.0,0.0,0.0,3.0
2019-02-11T17:00:00.0,0.0,917.0,0.0,924.0,17821.0,0.0,0.0,0.0,0.0,0.0,0.0,0.0,0.0,0.0,340.0,0.0,0.0,0.0,0.0,3.0
2019-02-11T18:00:00.0,0.0,896.0,0.0,920.0,18013.0,0.0,0.0,0.0,0.0,0.0,0.0,0.0,0.0,0.0,340.0,0.0,0.0,0.0,0.0,3.0
2019-02-11T19:00:00.0,0.0,990.0,0.0,915.0,17624.0,0.0,0.0,0.0,0.0,0.0,0.0,0.0,0.0,0.0,338.0,0.0,0.0,0.0,0.0,3.0
2019-02-11T20:00:00.0,0.0,852.0,0.0,914.0,15618.0,0.0,0.0,0.0,0.0,0.0,0.0,0.0,0.0,0.0,338.0,0.0,0.0,0.0,0.0,3.0
2019-02-11T21:00:00.0,0.0,983.0,0.0,910.0,14330.0,0.0,0.0,0.0,0.0,0.0,0.0,0.0,0.0,0.0,340.0,0.0,0.0,0.0,0.0,3.0
2019-02-11T22:00:00.0,0.0,929.0,0.0,900.0,13250.0,0.0,0.0,0.0,0.0,0.0,0.0,0.0,0.0,0.0,328.0,0.0,0.0,0.0,0.0,3.0
2019-02-11T23:00:00.0,0.0,880.0,0.0,894.0,11962.0,0.0,0.0,0.0,0.0,0.0,0.0,0.0,0.0,0.0,332.0,0.0,0.0,0.0,0.0,3.0
2019-02-12T00:00:00.0,0.0,914.0,0.0,911.0,11566.0,0.0,0.0,0.0,0.0,0.0,0.0,0.0,0.0,0.0,332.0,0.0,0.0,0.0,0.0,3.0
2019-02-12T01:00:00.0,0.0,862.0,0.0,911.0,11265.0,0.0,0.0,0.0,0.0,0.0,0.0,0.0,0.0,0.0,334.0,0.0,0.0,0.0,0.0,3.0
2019-02-12T02:00:00.0,0.0,719.0,0.0,913.0,10929.0,0.0,0.0,0.0,0.0,0.0,0.0,0.0,0.0,0.0,335.0,0.0,0.0,0.0,0.0,3.0
2019-02-12T03:00:00.0,0.0,661.0,0.0,911.0,11077.0,0.0,0.0,0.0,0.0,0.0,0.0,0.0,0.0,0.0,338.0,0.0,0.0,0.0,0.0,3.0
2019-02-12T04:00:00.0,0.0,592.0,0.0,911.0,11653.0,0.0,0.0,0.0,0.0,0.0,0.0,0.0,0.0,0.0,322.0,0.0,0.0,0.0,0.0,3.0
2019-02-12T05:00:00.0,0.0,585.0,0.0,911.0,13628.0,0.0,0.0,0.0,0.0,0.0,0.0,0.0,0.0,0.0,322.0,0.0,0.0,0.0,0.0,3.0
2019-02-12T06:00:00.0,0.0,521.0,0.0,912.0,16911.0,0.0,0.0,0.0,0.0,0.0,0.0,0.0,0.0,0.0,322.0,0.0,0.0,0.0,0.0,3.0
2019-02-12T07:00:00.0,0.0,424.0,0.0,923.0,21290.0,0.0,0.0,0.0,0.0,0.0,0.0,0.0,0.0,0.0,322.0,0.0,0.0,0.0,0.0,3.0
2019-02-12T08:00:00.0,0.0,419.0,0.0,925.0,21961.0,0.0,0.0,0.0,0.0,0.0,0.0,0.0,0.0,0.0,342.0,0.0,0.0,0.0,0.0,3.0
2019-02-12T09:00:00.0,0.0,453.0,0.0,931.0,22271.0,0.0,0.0,0.0,0.0,0.0,0.0,0.0,0.0,0.0,339.0,0.0,0.0,0.0,0.0,3.0
2019-02-12T10:00:00.0,0.0,532.0,0.0,933.0,22117.0,0.0,0.0,0.0,0.0,0.0,0.0,0.0,0.0,0.0,339.0,0.0,0.0,0.0,0.0,3.0
2019-02-12T11:00:00.0,0.0,560.0,0.0,932.0,21686.0,0.0,0.0,0.0,0.0,0.0,0.0,0.0,0.0,0.0,342.0,0.0,0.0,0.0,0.0,3.0
2019-02-12T12:00:00.0,0.0,512.0,0.0,930.0,20870.0,0.0,0.0,0.0,0.0,0.0,0.0,0.0,0.0,0.0,341.0,0.0,0.0,0.0,0.0,3.0
2019-02-12T13:00:00.0,0.0,494.0,0.0,930.0,19963.0,0.0,0.0,0.0,0.0,0.0,0.0,0.0,0.0,0.0,340.0,0.0,0.0,0.0,0.0,3.0
2019-02-12T14:00:00.0,0.0,546.0,0.0,930.0,20510.0,0.0,0.0,0.0,0.0,0.0,0.0,0.0,0.0,0.0,340.0,0.0,0.0,0.0,0.0,3.0
2019-02-12T15:00:00.0,0.0,610.0,0.0,931.0,20779.0,0.0,0.0,0.0,0.0,0.0,0.0,0.0,0.0,0.0,344.0,0.0,0.0,0.0,0.0,3.0
2019-02-12T16:00:00.0,0.0,725.0,0.0,932.0,21074.0,0.0,0.0,0.0,0.0,0.0,0.0,0.0,0.0,0.0,345.0,0.0,0.0,0.0,0.0,3.0
2019-02-12T17:00:00.0,0.0,728.0,0.0,931.0,21469.0,0.0,0.0,0.0,0.0,0.0,0.0,0.0,0.0,0.0,346.0,0.0,0.0,0.0,0.0,3.0
2019-02-12T18:00:00.0,0.0,887.0,0.0,930.0,21070.0,0.0,0.0,0.0,0.0,0.0,0.0,0.0,0.0,0.0,341.0,0.0,0.0,0.0,0.0,3.0
2019-02-12T19:00:00.0,0.0,949.0,0.0,928.0,19645.0,0.0,0.0,0.0,0.0,0.0,0.0,0.0,0.0,0.0,341.0,0.0,0.0,0.0,0.0,3.0
2019-02-12T20:00:00.0,0.0,978.0,0.0,928.0,16309.0,0.0,0.0,0.0,0.0,0.0,0.0,0.0,0.0,0.0,340.0,0.0,0.0,0.0,0.0,3.0
2019-02-12T21:00:00.0,0.0,974.0,0.0,928.0,14127.0,0.0,0.0,0.0,0.0,0.0,0.0,0.0,0.0,0.0,342.0,0.0,0.0,0.0,0.0,3.0
2019-02-12T22:00:00.0,0.0,968.0,0.0,921.0,13416.0,0.0,0.0,0.0,0.0,0.0,0.0,0.0,0.0,0.0,345.0,0.0,0.0,0.0,0.0,3.0
2019-02-12T23:00:00.0,0.0,997.0,0.0,923.0,11209.0,0.0,0.0,0.0,0.0,0.0,0.0,0.0,0.0,0.0,345.0,0.0,0.0,0.0,0.0,3.0
2019-02-13T00:00:00.0,0.0,1199.0,0.0,919.0,10798.0,0.0,0.0,0.0,0.0,0.0,0.0,0.0,0.0,0.0,345.0,0.0,0.0,0.0,0.0,3.0
2019-02-13T01:00:00.0,0.0,1135.0,0.0,920.0,10179.0,0.0,0.0,0.0,0.0,0.0,0.0,0.0,0.0,0.0,339.0,0.0,0.0,0.0,0.0,3.0
2019-02-13T02:00:00.0,0.0,1088.0,0.0,928.0,9966.0,0.0,0.0,0.0,0.0,0.0,0.0,0.0,0.0,0.0,344.0,0.0,0.0,0.0,0.0,3.0
2019-02-13T03:00:00.0,0.0,1065.0,0.0,930.0,9927.0,0.0,0.0,0.0,0.0,0.0,0.0,0.0,0.0,0.0,343.0,0.0,0.0,0.0,0.0,3.0
2019-02-13T04:00:00.0,0.0,1043.0,0.0,933.0,9995.0,0.0,0.0,0.0,0.0,0.0,0.0,0.0,0.0,0.0,343.0,0.0,0.0,0.0,0.0,3.0
2019-02-13T05:00:00.0,0.0,972.0,0.0,937.0,10644.0,0.0,0.0,0.0,0.0,0.0,0.0,0.0,0.0,0.0,342.0,0.0,0.0,0.0,0.0,3.0
2019-02-13T06:00:00.0,0.0,953.0,0.0,940.0,13294.0,0.0,0.0,0.0,0.0,0.0,0.0,0.0,0.0,0.0,346.0,0.0,0.0,0.0,0.0,3.0
2019-02-13T07:00:00.0,0.0,928.0,0.0,949.0,16412.0,0.0,0.0,0.0,0.0,0.0,0.0,0.0,0.0,0.0,343.0,0.0,0.0,0.0,0.0,3.0
2019-02-13T08:00:00.0,0.0,879.0,0.0,955.0,16807.0,0.0,0.0,0.0,0.0,0.0,0.0,0.0,0.0,0.0,345.0,0.0,0.0,0.0,0.0,3.0
2019-02-13T09:00:00.0,0.0,869.0,0.0,961.0,15981.0,0.0,0.0,0.0,0.0,0.0,0.0,0.0,0.0,0.0,351.0,0.0,0.0,0.0,0.0,3.0
2019-02-13T10:00:00.0,0.0,826.0,0.0,967.0,15280.0,0.0,0.0,0.0,0.0,0.0,0.0,0.0,0.0,0.0,351.0,0.0,0.0,0.0,0.0,3.0
2019-02-13T11:00:00.0,0.0,794.0,0.0,972.0,14653.0,0.0,0.0,0.0,0.0,0.0,0.0,0.0,0.0,0.0,353.0,0.0,0.0,0.0,0.0,3.0
2019-02-13T12:00:00.0,0.0,761.0,0.0,973.0,13969.0,0.0,0.0,0.0,0.0,0.0,0.0,0.0,0.0,0.0,354.0,0.0,0.0,0.0,0.0,3.0
2019-02-13T13:00:00.0,0.0,745.0,0.0,978.0,13977.0,0.0,0.0,0.0,0.0,0.0,0.0,0.0,0.0,0.0,348.0,0.0,0.0,0.0,0.0,3.0
2019-02-13T14:00:00.0,0.0,723.0,0.0,979.0,14745.0,0.0,0.0,0.0,0.0,0.0,0.0,0.0,0.0,0.0,352.0,0.0,0.0,0.0,0.0,3.0
2019-02-13T15:00:00.0,0.0,757.0,0.0,979.0,15468.0,0.0,0.0,0.0,0.0,0.0,0.0,0.0,0.0,0.0,355.0,0.0,0.0,0.0,0.0,3.0
2019-02-13T16:00:00.0,0.0,754.0,0.0,981.0,17208.0,0.0,0.0,0.0,0.0,0.0,0.0,0.0,0.0,0.0,357.0,0.0,0.0,0.0,0.0,3.0
2019-02-13T17:00:00.0,0.0,746.0,0.0,977.0,19034.0,0.0,0.0,0.0,0.0,0.0,0.0,0.0,0.0,0.0,352.0,0.0,0.0,0.0,0.0,3.0
2019-02-13T18:00:00.0,0.0,646.0,0.0,980.0,18930.0,0.0,0.0,0.0,0.0,0.0,0.0,0.0,0.0,0.0,357.0,0.0,0.0,0.0,0.0,3.0
2019-02-13T19:00:00.0,0.0,626.0,0.0,984.0,17857.0,0.0,0.0,0.0,0.0,0.0,0.0,0.0,0.0,0.0,361.0,0.0,0.0,0.0,0.0,3.0
2019-02-13T20:00:00.0,0.0,696.0,0.0,982.0,16736.0,0.0,0.0,0.0,0.0,0.0,0.0,0.0,0.0,0.0,377.0,0.0,0.0,0.0,0.0,3.0
2019-02-13T21:00:00.0,0.0,637.0,0.0,979.0,15139.0,0.0,0.0,0.0,0.0,0.0,0.0,0.0,0.0,0.0,375.0,0.0,0.0,0.0,0.0,3.0
2019-02-13T22:00:00.0,0.0,655.0,0.0,973.0,14314.0,0.0,0.0,0.0,0.0,0.0,0.0,0.0,0.0,0.0,377.0,0.0,0.0,0.0,0.0,3.0
2019-02-13T23:00:00.0,0.0,810.0,0.0,971.0,12155.0,0.0,0.0,0.0,0.0,0.0,0.0,0.0,0.0,0.0,375.0,0.0,0.0,0.0,0.0,3.0
2019-02-14T00:00:00.0,0.0,1026.0,0.0,1036.0,11606.0,0.0,0.0,0.0,0.0,0.0,0.0,0.0,0.0,0.0,373.0,0.0,0.0,0.0,0.0,4.0
2019-02-14T01:00:00.0,0.0,1068.0,0.0,1029.0,11243.0,0.0,0.0,0.0,0.0,0.0,0.0,0.0,0.0,0.0,376.0,0.0,0.0,0.0,0.0,4.0
2019-02-14T02:00:00.0,0.0,1067.0,0.0,1032.0,11207.0,0.0,0.0,0.0,0.0,0.0,0.0,0.0,0.0,0.0,373.0,0.0,0.0,0.0,0.0,4.0
2019-02-14T03:00:00.0,0.0,1076.0,0.0,1031.0,10968.0,0.0,0.0,0.0,0.0,0.0,0.0,0.0,0.0,0.0,372.0,0.0,0.0,0.0,0.0,4.0
2019-02-14T04:00:00.0,0.0,1075.0,0.0,1031.0,11464.0,0.0,0.0,0.0,0.0,0.0,0.0,0.0,0.0,0.0,370.0,0.0,0.0,0.0,0.0,4.0
2019-02-14T05:00:00.0,0.0,1111.0,0.0,1039.0,13582.0,0.0,0.0,0.0,0.0,0.0,0.0,0.0,0.0,0.0,370.0,0.0,0.0,0.0,0.0,4.0
2019-02-14T06:00:00.0,0.0,1077.0,0.0,1034.0,16537.0,0.0,0.0,0.0,0.0,0.0,0.0,0.0,0.0,0.0,370.0,0.0,0.0,0.0,0.0,4.0
2019-02-14T07:00:00.0,0.0,1008.0,0.0,1042.0,18459.0,0.0,0.0,0.0,0.0,0.0,0.0,0.0,0.0,0.0,370.0,0.0,0.0,0.0,0.0,4.0
2019-02-14T08:00:00.0,0.0,1051.0,0.0,1041.0,18745.0,0.0,0.0,0.0,0.0,0.0,0.0,0.0,0.0,0.0,370.0,0.0,0.0,0.0,0.0,4.0
2019-02-14T09:00:00.0,0.0,978.0,0.0,1044.0,19078.0,0.0,0.0,0.0,0.0,0.0,0.0,0.0,0.0,0.0,344.0,0.0,0.0,0.0,0.0,4.0
2019-02-14T10:00:00.0,0.0,934.0,0.0,1044.0,19179.0,0.0,0.0,0.0,0.0,0.0,0.0,0.0,0.0,0.0,347.0,0.0,0.0,0.0,0.0,4.0
2019-02-14T11:00:00.0,0.0,802.0,0.0,1050.0,17640.0,0.0,0.0,0.0,0.0,0.0,0.0,0.0,0.0,0.0,336.0,0.0,0.0,0.0,0.0,4.0
2019-02-14T12:00:00.0,0.0,758.0,0.0,1063.0,15490.0,0.0,0.0,0.0,0.0,0.0,0.0,0.0,0.0,0.0,343.0,0.0,0.0,0.0,0.0,4.0
2019-02-14T13:00:00.0,0.0,750.0,0.0,1069.0,15192.0,0.0,0.0,0.0,0.0,0.0,0.0,0.0,0.0,0.0,340.0,0.0,0.0,0.0,0.0,4.0
2019-02-14T14:00:00.0,0.0,871.0,0.0,1077.0,16359.0,0.0,0.0,0.0,0.0,0.0,0.0,0.0,0.0,0.0,341.0,0.0,0.0,0.0,0.0,4.0
2019-02-14T15:00:00.0,0.0,989.0,0.0,1080.0,17260.0,0.0,0.0,0.0,0.0,0.0,0.0,0.0,0.0,0.0,342.0,0.0,0.0,0.0,0.0,4.0
2019-02-14T16:00:00.0,0.0,906.0,0.0,1083.0,17937.0,0.0,0.0,0.0,0.0,0.0,0.0,0.0,0.0,0.0,339.0,0.0,0.0,0.0,0.0,4.0
2019-02-14T17:00:00.0,0.0,900.0,0.0,1084.0,18504.0,0.0,0.0,0.0,0.0,0.0,0.0,0.0,0.0,0.0,340.0,0.0,0.0,0.0,0.0,4.0
2019-02-14T18:00:00.0,0.0,906.0,0.0,1089.0,18215.0,0.0,0.0,0.0,0.0,0.0,0.0,0.0,0.0,0.0,344.0,0.0,0.0,0.0,0.0,4.0
2019-02-14T19:00:00.0,0.0,894.0,0.0,1097.0,17377.0,0.0,0.0,0.0,0.0,0.0,0.0,0.0,0.0,0.0,342.0,0.0,0.0,0.0,0.0,4.0
2019-02-14T20:00:00.0,0.0,927.0,0.0,1094.0,15891.0,0.0,0.0,0.0,0.0,0.0,0.0,0.0,0.0,0.0,346.0,0.0,0.0,0.0,0.0,4.0
2019-02-14T21:00:00.0,0.0,941.0,0.0,1097.0,14923.0,0.0,0.0,0.0,0.0,0.0,0.0,0.0,0.0,0.0,344.0,0.0,0.0,0.0,0.0,4.0
2019-02-14T22:00:00.0,0.0,957.0,0.0,1094.0,13783.0,0.0,0.0,0.0,0.0,0.0,0.0,0.0,0.0,0.0,345.0,0.0,0.0,0.0,0.0,4.0
2019-02-14T23:00:00.0,0.0,898.0,0.0,1093.0,12367.0,0.0,0.0,0.0,0.0,0.0,0.0,0.0,0.0,0.0,347.0,0.0,0.0,0.0,0.0,4.0
2019-02-15T00:00:00.0,0.0,839.0,0.0,1106.0,12118.0,0.0,0.0,0.0,0.0,0.0,0.0,0.0,0.0,0.0,344.0,0.0,0.0,0.0,0.0,4.0
2019-02-15T01:00:00.0,0.0,821.0,0.0,1100.0,11123.0,0.0,0.0,0.0,0.0,0.0,0.0,0.0,0.0,0.0,342.0,0.0,0.0,0.0,0.0,4.0
2019-02-15T02:00:00.0,0.0,842.0,0.0,1105.0,10767.0,0.0,0.0,0.0,0.0,0.0,0.0,0.0,0.0,0.0,343.0,0.0,0.0,0.0,0.0,4.0
2019-02-15T03:00:00.0,0.0,759.0,0.0,1107.0,10695.0,0.0,0.0,0.0,0.0,0.0,0.0,0.0,0.0,0.0,343.0,0.0,0.0,0.0,0.0,4.0
2019-02-15T04:00:00.0,0.0,830.0,0.0,1107.0,11124.0,0.0,0.0,0.0,0.0,0.0,0.0,0.0,0.0,0.0,345.0,0.0,0.0,0.0,0.0,4.0
2019-02-15T05:00:00.0,0.0,943.0,0.0,1108.0,13710.0,0.0,0.0,0.0,0.0,0.0,0.0,0.0,0.0,0.0,350.0,0.0,0.0,0.0,0.0,4.0
2019-02-15T06:00:00.0,0.0,933.0,0.0,1104.0,15530.0,0.0,0.0,0.0,0.0,0.0,0.0,0.0,0.0,0.0,348.0,0.0,0.0,0.0,0.0,4.0
2019-02-15T07:00:00.0,0.0,894.0,0.0,1108.0,17068.0,0.0,0.0,0.0,0.0,0.0,0.0,0.0,0.0,0.0,357.0,0.0,0.0,0.0,0.0,4.0
2019-02-15T08:00:00.0,0.0,928.0,0.0,1110.0,17655.0,0.0,0.0,0.0,0.0,0.0,0.0,0.0,0.0,0.0,356.0,0.0,0.0,0.0,0.0,4.0
2019-02-15T09:00:00.0,0.0,967.0,0.0,1103.0,17792.0,0.0,0.0,0.0,0.0,0.0,0.0,0.0,0.0,0.0,354.0,0.0,0.0,0.0,0.0,4.0
2019-02-15T10:00:00.0,0.0,972.0,0.0,1100.0,17649.0,0.0,0.0,0.0,0.0,0.0,0.0,0.0,0.0,0.0,355.0,0.0,0.0,0.0,0.0,4.0
2019-02-15T11:00:00.0,0.0,922.0,0.0,1102.0,16161.0,0.0,0.0,0.0,0.0,0.0,0.0,0.0,0.0,0.0,355.0,0.0,0.0,0.0,0.0,4.0
2019-02-15T12:00:00.0,0.0,847.0,0.0,1108.0,14662.0,0.0,0.0,0.0,0.0,0.0,0.0,0.0,0.0,0.0,353.0,0.0,0.0,0.0,0.0,4.0
2019-02-15T13:00:00.0,0.0,782.0,0.0,1093.0,13862.0,0.0,0.0,0.0,0.0,0.0,0.0,0.0,0.0,0.0,345.0,0.0,0.0,0.0,0.0,4.0
2019-02-15T14:00:00.0,0.0,741.0,0.0,1095.0,14235.0,0.0,0.0,0.0,0.0,0.0,0.0,0.0,0.0,0.0,359.0,0.0,0.0,0.0,0.0,4.0
2019-02-15T15:00:00.0,0.0,689.0,0.0,1086.0,15561.0,0.0,0.0,0.0,0.0,0.0,0.0,0.0,0.0,0.0,363.0,0.0,0.0,0.0,0.0,4.0
2019-02-15T16:00:00.0,0.0,684.0,0.0,1090.0,16728.0,0.0,0.0,0.0,0.0,0.0,0.0,0.0,0.0,0.0,365.0,0.0,0.0,0.0,0.0,4.0
2019-02-15T17:00:00.0,0.0,727.0,0.0,1090.0,17557.0,0.0,0.0,0.0,0.0,0.0,0.0,0.0,0.0,0.0,364.0,0.0,0.0,0.0,0.0,4.0
2019-02-15T18:00:00.0,0.0,747.0,0.0,1092.0,17547.0,0.0,0.0,0.0,0.0,0.0,0.0,0.0,0.0,0.0,367.0,0.0,0.0,0.0,0.0,4.0
2019-02-15T19:00:00.0,0.0,738.0,0.0,1088.0,16305.0,0.0,0.0,0.0,0.0,0.0,0.0,0.0,0.0,0.0,365.0,0.0,0.0,0.0,0.0,4.0
2019-02-15T20:00:00.0,0.0,708.0,0.0,1088.0,14230.0,0.0,0.0,0.0,0.0,0.0,0.0,0.0,0.0,0.0,367.0,0.0,0.0,0.0,0.0,4.0
2019-02-15T21:00:00.0,0.0,719.0,0.0,1085.0,12663.0,0.0,0.0,0.0,0.0,0.0,0.0,0.0,0.0,0.0,367.0,0.0,0.0,0.0,0.0,4.0
2019-02-15T22:00:00.0,0.0,748.0,0.0,1080.0,12105.0,0.0,0.0,0.0,0.0,0.0,0.0,0.0,0.0,0.0,369.0,0.0,0.0,0.0,0.0,4.0
2019-02-15T23:00:00.0,0.0,841.0,0.0,1076.0,10761.0,0.0,0.0,0.0,0.0,0.0,0.0,0.0,0.0,0.0,366.0,0.0,0.0,0.0,0.0,4.0
2019-02-16T00:00:00.0,0.0,890.0,0.0,1125.0,10187.0,0.0,0.0,0.0,0.0,0.0,0.0,0.0,0.0,0.0,365.0,0.0,0.0,0.0,0.0,4.0
2019-02-16T01:00:00.0,0.0,951.0,0.0,1119.0,9604.0,0.0,0.0,0.0,0.0,0.0,0.0,0.0,0.0,0.0,364.0,0.0,0.0,0.0,0.0,4.0
2019-02-16T02:00:00.0,0.0,1016.0,0.0,1118.0,9518.0,0.0,0.0,0.0,0.0,0.0,0.0,0.0,0.0,0.0,365.0,0.0,0.0,0.0,0.0,4.0
2019-02-16T03:00:00.0,0.0,1019.0,0.0,1117.0,9413.0,0.0,0.0,0.0,0.0,0.0,0.0,0.0,0.0,0.0,362.0,0.0,0.0,0.0,0.0,4.0
2019-02-16T04:00:00.0,0.0,1024.0,0.0,1114.0,9323.0,0.0,0.0,0.0,0.0,0.0,0.0,0.0,0.0,0.0,362.0,0.0,0.0,0.0,0.0,4.0
2019-02-16T05:00:00.0,0.0,1008.0,0.0,1113.0,9317.0,0.0,0.0,0.0,0.0,0.0,0.0,0.0,0.0,0.0,361.0,0.0,0.0,0.0,0.0,4.0
2019-02-16T06:00:00.0,0.0,976.0,0.0,1112.0,9825.0,0.0,0.0,0.0,0.0,0.0,0.0,0.0,0.0,0.0,363.0,0.0,0.0,0.0,0.0,4.0
2019-02-16T07:00:00.0,0.0,926.0,0.0,1111.0,10877.0,0.0,0.0,0.0,0.0,0.0,0.0,0.0,0.0,0.0,366.0,0.0,0.0,0.0,0.0,4.0
2019-02-16T08:00:00.0,0.0,904.0,0.0,1110.0,11481.0,0.0,0.0,0.0,0.0,0.0,0.0,0.0,0.0,0.0,367.0,0.0,0.0,0.0,0.0,4.0
2019-02-16T09:00:00.0,0.0,864.0,0.0,1110.0,11717.0,0.0,0.0,0.0,0.0,0.0,0.0,0.0,0.0,0.0,365.0,0.0,0.0,0.0,0.0,4.0
2019-02-16T10:00:00.0,0.0,873.0,0.0,1105.0,11996.0,0.0,0.0,0.0,0.0,0.0,0.0,0.0,0.0,0.0,366.0,0.0,0.0,0.0,0.0,4.0
2019-02-16T11:00:00.0,0.0,871.0,0.0,1104.0,11602.0,0.0,0.0,0.0,0.0,0.0,0.0,0.0,0.0,0.0,369.0,0.0,0.0,0.0,0.0,4.0
2019-02-16T12:00:00.0,0.0,914.0,0.0,1107.0,11403.0,0.0,0.0,0.0,0.0,0.0,0.0,0.0,0.0,0.0,374.0,0.0,0.0,0.0,0.0,4.0
2019-02-16T13:00:00.0,0.0,859.0,0.0,1113.0,11302.0,0.0,0.0,0.0,0.0,0.0,0.0,0.0,0.0,0.0,371.0,0.0,0.0,0.0,0.0,4.0
2019-02-16T14:00:00.0,0.0,852.0,0.0,1119.0,11398.0,0.0,0.0,0.0,0.0,0.0,0.0,0.0,0.0,0.0,374.0,0.0,0.0,0.0,0.0,4.0
2019-02-16T15:00:00.0,0.0,818.0,0.0,1123.0,11688.0,0.0,0.0,0.0,0.0,0.0,0.0,0.0,0.0,0.0,375.0,0.0,0.0,0.0,0.0,4.0
2019-02-16T16:00:00.0,0.0,724.0,0.0,1130.0,12977.0,0.0,0.0,0.0,0.0,0.0,0.0,0.0,0.0,0.0,373.0,0.0,0.0,0.0,0.0,4.0
2019-02-16T17:00:00.0,0.0,693.0,0.0,1131.0,14677.0,0.0,0.0,0.0,0.0,0.0,0.0,0.0,0.0,0.0,374.0,0.0,0.0,0.0,0.0,4.0
2019-02-16T18:00:00.0,0.0,638.0,0.0,1134.0,15498.0,0.0,0.0,0.0,0.0,0.0,0.0,0.0,0.0,0.0,373.0,0.0,0.0,0.0,0.0,4.0
2019-02-16T19:00:00.0,0.0,696.0,0.0,1132.0,14364.0,0.0,0.0,0.0,0.0,0.0,0.0,0.0,0.0,0.0,376.0,0.0,0.0,0.0,0.0,4.0
2019-02-16T20:00:00.0,0.0,665.0,0.0,1134.0,13309.0,0.0,0.0,0.0,0.0,0.0,0.0,0.0,0.0,0.0,373.0,0.0,0.0,0.0,0.0,4.0
2019-02-16T21:00:00.0,0.0,701.0,0.0,1131.0,12623.0,0.0,0.0,0.0,0.0,0.0,0.0,0.0,0.0,0.0,365.0,0.0,0.0,0.0,0.0,4.0
2019-02-16T22:00:00.0,0.0,652.0,0.0,1128.0,11902.0,0.0,0.0,0.0,0.0,0.0,0.0,0.0,0.0,0.0,366.0,0.0,0.0,0.0,0.0,4.0
2019-02-16T23:00:00.0,0.0,595.0,0.0,1127.0,11910.0,0.0,0.0,0.0,0.0,0.0,0.0,0.0,0.0,0.0,366.0,0.0,0.0,0.0,0.0,4.0
2019-02-17T00:00:00.0,0.0,641.0,0.0,1115.0,10516.0,0.0,0.0,0.0,0.0,0.0,0.0,0.0,0.0,0.0,370.0,0.0,0.0,0.0,0.0,3.0
2019-02-17T01:00:00.0,0.0,597.0,0.0,1111.0,10397.0,0.0,0.0,0.0,0.0,0.0,0.0,0.0,0.0,0.0,368.0,0.0,0.0,0.0,0.0,3.0
2019-02-17T02:00:00.0,0.0,513.0,0.0,1111.0,10322.0,0.0,0.0,0.0,0.0,0.0,0.0,0.0,0.0,0.0,365.0,0.0,0.0,0.0,0.0,3.0
2019-02-17T03:00:00.0,0.0,444.0,0.0,1107.0,10244.0,0.0,0.0,0.0,0.0,0.0,0.0,0.0,0.0,0.0,362.0,0.0,0.0,0.0,0.0,3.0
2019-02-17T04:00:00.0,0.0,393.0,0.0,1106.0,10063.0,0.0,0.0,0.0,0.0,0.0,0.0,0.0,0.0,0.0,359.0,0.0,0.0,0.0,0.0,3.0
2019-02-17T05:00:00.0,0.0,378.0,0.0,1105.0,10178.0,0.0,0.0,0.0,0.0,0.0,0.0,0.0,0.0,0.0,357.0,0.0,0.0,0.0,0.0,3.0
2019-02-17T06:00:00.0,0.0,424.0,0.0,1106.0,10415.0,0.0,0.0,0.0,0.0,0.0,0.0,0.0,0.0,0.0,357.0,0.0,0.0,0.0,0.0,3.0
2019-02-17T07:00:00.0,0.0,482.0,0.0,1108.0,10920.0,0.0,0.0,0.0,0.0,0.0,0.0,0.0,0.0,0.0,358.0,0.0,0.0,0.0,0.0,3.0
2019-02-17T08:00:00.0,0.0,550.0,0.0,1098.0,11433.0,0.0,0.0,0.0,0.0,0.0,0.0,0.0,0.0,0.0,360.0,0.0,0.0,0.0,0.0,3.0
2019-02-17T09:00:00.0,0.0,597.0,0.0,1097.0,12416.0,0.0,0.0,0.0,0.0,0.0,0.0,0.0,0.0,0.0,359.0,0.0,0.0,0.0,0.0,3.0
2019-02-17T10:00:00.0,0.0,613.0,0.0,1094.0,13064.0,0.0,0.0,0.0,0.0,0.0,0.0,0.0,0.0,0.0,355.0,0.0,0.0,0.0,0.0,3.0
2019-02-17T11:00:00.0,0.0,665.0,0.0,1091.0,13290.0,0.0,0.0,0.0,0.0,0.0,0.0,0.0,0.0,0.0,349.0,0.0,0.0,0.0,0.0,3.0
2019-02-17T12:00:00.0,0.0,718.0,0.0,1095.0,13194.0,0.0,0.0,0.0,0.0,0.0,0.0,0.0,0.0,0.0,348.0,0.0,0.0,0.0,0.0,3.0
2019-02-17T13:00:00.0,0.0,775.0,0.0,1095.0,13236.0,0.0,0.0,0.0,0.0,0.0,0.0,0.0,0.0,0.0,349.0,0.0,0.0,0.0,0.0,3.0
2019-02-17T14:00:00.0,0.0,837.0,0.0,1095.0,13298.0,0.0,0.0,0.0,0.0,0.0,0.0,0.0,0.0,0.0,350.0,0.0,0.0,0.0,0.0,3.0
2019-02-17T15:00:00.0,0.0,892.0,0.0,1092.0,13277.0,0.0,0.0,0.0,0.0,0.0,0.0,0.0,0.0,0.0,355.0,0.0,0.0,0.0,0.0,3.0
2019-02-17T16:00:00.0,0.0,946.0,0.0,1092.0,14581.0,0.0,0.0,0.0,0.0,0.0,0.0,0.0,0.0,0.0,352.0,0.0,0.0,0.0,0.0,3.0
2019-02-17T17:00:00.0,0.0,1001.0,0.0,1094.0,16754.0,0.0,0.0,0.0,0.0,0.0,0.0,0.0,0.0,0.0,354.0,0.0,0.0,0.0,0.0,3.0
2019-02-17T18:00:00.0,0.0,985.0,0.0,1093.0,18040.0,0.0,0.0,0.0,0.0,0.0,0.0,0.0,0.0,0.0,356.0,0.0,0.0,0.0,0.0,3.0
2019-02-17T19:00:00.0,0.0,996.0,0.0,1093.0,17588.0,0.0,0.0,0.0,0.0,0.0,0.0,0.0,0.0,0.0,355.0,0.0,0.0,0.0,0.0,3.0
2019-02-17T20:00:00.0,0.0,1005.0,0.0,1092.0,15692.0,0.0,0.0,0.0,0.0,0.0,0.0,0.0,0.0,0.0,353.0,0.0,0.0,0.0,0.0,3.0
2019-02-17T21:00:00.0,0.0,1002.0,0.0,1094.0,13266.0,0.0,0.0,0.0,0.0,0.0,0.0,0.0,0.0,0.0,352.0,0.0,0.0,0.0,0.0,3.0
2019-02-17T22:00:00.0,0.0,890.0,0.0,1093.0,12644.0,0.0,0.0,0.0,0.0,0.0,0.0,0.0,0.0,0.0,354.0,0.0,0.0,0.0,0.0,3.0
2019-02-17T23:00:00.0,0.0,859.0,0.0,1093.0,11170.0,0.0,0.0,0.0,0.0,0.0,0.0,0.0,0.0,0.0,355.0,0.0,0.0,0.0,0.0,3.0
2019-02-18T00:00:00.0,0.0,886.0,0.0,1092.0,10184.0,0.0,0.0,0.0,0.0,0.0,0.0,0.0,0.0,0.0,351.0,0.0,0.0,0.0,0.0,4.0
2019-02-18T01:00:00.0,0.0,833.0,0.0,1090.0,9769.0,0.0,0.0,0.0,0.0,0.0,0.0,0.0,0.0,0.0,352.0,0.0,0.0,0.0,0.0,4.0
2019-02-18T02:00:00.0,0.0,722.0,0.0,1089.0,9774.0,0.0,0.0,0.0,0.0,0.0,0.0,0.0,0.0,0.0,351.0,0.0,0.0,0.0,0.0,4.0
2019-02-18T03:00:00.0,0.0,694.0,0.0,1089.0,9938.0,0.0,0.0,0.0,0.0,0.0,0.0,0.0,0.0,0.0,351.0,0.0,0.0,0.0,0.0,4.0
2019-02-18T04:00:00.0,0.0,681.0,0.0,1089.0,10542.0,0.0,0.0,0.0,0.0,0.0,0.0,0.0,0.0,0.0,349.0,0.0,0.0,0.0,0.0,4.0
2019-02-18T05:00:00.0,0.0,625.0,0.0,1089.0,13517.0,0.0,0.0,0.0,0.0,0.0,0.0,0.0,0.0,0.0,349.0,0.0,0.0,0.0,0.0,4.0
2019-02-18T06:00:00.0,0.0,519.0,0.0,1092.0,16823.0,0.0,0.0,0.0,0.0,0.0,0.0,0.0,0.0,0.0,350.0,0.0,0.0,0.0,0.0,4.0
2019-02-18T07:00:00.0,0.0,536.0,0.0,1095.0,18152.0,0.0,0.0,0.0,0.0,0.0,0.0,0.0,0.0,0.0,349.0,0.0,0.0,0.0,0.0,4.0
2019-02-18T08:00:00.0,0.0,552.0,0.0,1106.0,18271.0,0.0,0.0,0.0,0.0,0.0,0.0,0.0,0.0,0.0,353.0,0.0,0.0,0.0,0.0,4.0
2019-02-18T09:00:00.0,0.0,565.0,0.0,1108.0,18248.0,0.0,0.0,0.0,0.0,0.0,0.0,0.0,0.0,0.0,357.0,0.0,0.0,0.0,0.0,4.0
2019-02-18T10:00:00.0,0.0,648.0,0.0,1112.0,18314.0,0.0,0.0,0.0,0.0,0.0,0.0,0.0,0.0,0.0,356.0,0.0,0.0,0.0,0.0,4.0
2019-02-18T11:00:00.0,0.0,619.0,0.0,1109.0,16886.0,0.0,0.0,0.0,0.0,0.0,0.0,0.0,0.0,0.0,358.0,0.0,0.0,0.0,0.0,4.0
2019-02-18T12:00:00.0,0.0,634.0,0.0,1105.0,15329.0,0.0,0.0,0.0,0.0,0.0,0.0,0.0,0.0,0.0,353.0,0.0,0.0,0.0,0.0,4.0
2019-02-18T13:00:00.0,0.0,676.0,0.0,1106.0,15095.0,0.0,0.0,0.0,0.0,0.0,0.0,0.0,0.0,0.0,351.0,0.0,0.0,0.0,0.0,4.0
2019-02-18T14:00:00.0,0.0,704.0,0.0,1106.0,16511.0,0.0,0.0,0.0,0.0,0.0,0.0,0.0,0.0,0.0,353.0,0.0,0.0,0.0,0.0,4.0
2019-02-18T15:00:00.0,0.0,730.0,0.0,1109.0,17173.0,0.0,0.0,0.0,0.0,0.0,0.0,0.0,0.0,0.0,349.0,0.0,0.0,0.0,0.0,4.0
2019-02-18T16:00:00.0,0.0,737.0,0.0,1110.0,17761.0,0.0,0.0,0.0,0.0,0.0,0.0,0.0,0.0,0.0,348.0,0.0,0.0,0.0,0.0,4.0
2019-02-18T17:00:00.0,0.0,822.0,0.0,1107.0,18246.0,0.0,0.0,0.0,0.0,0.0,0.0,0.0,0.0,0.0,351.0,0.0,0.0,0.0,0.0,4.0
2019-02-18T18:00:00.0,0.0,842.0,0.0,1105.0,18117.0,0.0,0.0,0.0,0.0,0.0,0.0,0.0,0.0,0.0,348.0,0.0,0.0,0.0,0.0,4.0
2019-02-18T19:00:00.0,0.0,967.0,0.0,1100.0,16781.0,0.0,0.0,0.0,0.0,0.0,0.0,0.0,0.0,0.0,359.0,0.0,0.0,0.0,0.0,4.0
2019-02-18T20:00:00.0,0.0,894.0,0.0,1101.0,15363.0,0.0,0.0,0.0,0.0,0.0,0.0,0.0,0.0,0.0,370.0,0.0,0.0,0.0,0.0,4.0
2019-02-18T21:00:00.0,0.0,838.0,0.0,1102.0,13818.0,0.0,0.0,0.0,0.0,0.0,0.0,0.0,0.0,0.0,368.0,0.0,0.0,0.0,0.0,4.0
2019-02-18T22:00:00.0,0.0,842.0,0.0,1102.0,12316.0,0.0,0.0,0.0,0.0,0.0,0.0,0.0,0.0,0.0,355.0,0.0,0.0,0.0,0.0,4.0
2019-02-18T23:00:00.0,0.0,831.0,0.0,1100.0,10934.0,0.0,0.0,0.0,0.0,0.0,0.0,0.0,0.0,0.0,357.0,0.0,0.0,0.0,0.0,4.0
2019-02-19T00:00:00.0,0.0,721.0,0.0,1123.0,10572.0,0.0,0.0,0.0,0.0,0.0,0.0,0.0,0.0,0.0,351.0,0.0,0.0,0.0,0.0,4.0
2019-02-19T01:00:00.0,0.0,693.0,0.0,1119.0,10572.0,0.0,0.0,0.0,0.0,0.0,0.0,0.0,0.0,0.0,349.0,0.0,0.0,0.0,0.0,4.0
2019-02-19T02:00:00.0,0.0,650.0,0.0,1123.0,10428.0,0.0,0.0,0.0,0.0,0.0,0.0,0.0,0.0,0.0,352.0,0.0,0.0,0.0,0.0,4.0
2019-02-19T03:00:00.0,0.0,621.0,0.0,1123.0,9968.0,0.0,0.0,0.0,0.0,0.0,0.0,0.0,0.0,0.0,349.0,0.0,0.0,0.0,0.0,4.0
2019-02-19T04:00:00.0,0.0,629.0,0.0,1124.0,9919.0,0.0,0.0,0.0,0.0,0.0,0.0,0.0,0.0,0.0,365.0,0.0,0.0,0.0,0.0,4.0
2019-02-19T05:00:00.0,0.0,654.0,0.0,1127.0,10759.0,0.0,0.0,0.0,0.0,0.0,0.0,0.0,0.0,0.0,360.0,0.0,0.0,0.0,0.0,4.0
2019-02-19T06:00:00.0,0.0,630.0,0.0,1128.0,14439.0,0.0,0.0,0.0,0.0,0.0,0.0,0.0,0.0,0.0,360.0,0.0,0.0,0.0,0.0,4.0
2019-02-19T07:00:00.0,0.0,607.0,0.0,1135.0,16670.0,0.0,0.0,0.0,0.0,0.0,0.0,0.0,0.0,0.0,355.0,0.0,0.0,0.0,0.0,4.0
2019-02-19T08:00:00.0,0.0,580.0,0.0,1142.0,16533.0,0.0,0.0,0.0,0.0,0.0,0.0,0.0,0.0,0.0,351.0,0.0,0.0,0.0,0.0,4.0
2019-02-19T09:00:00.0,0.0,571.0,0.0,1144.0,15363.0,0.0,0.0,0.0,0.0,0.0,0.0,0.0,0.0,0.0,348.0,0.0,0.0,0.0,0.0,4.0
2019-02-19T10:00:00.0,0.0,594.0,0.0,1155.0,14412.0,0.0,0.0,0.0,0.0,0.0,0.0,0.0,0.0,0.0,365.0,0.0,0.0,0.0,0.0,4.0
2019-02-19T11:00:00.0,0.0,661.0,0.0,1159.0,13987.0,0.0,0.0,0.0,0.0,0.0,0.0,0.0,0.0,0.0,368.0,0.0,0.0,0.0,0.0,4.0
2019-02-19T12:00:00.0,0.0,781.0,0.0,1158.0,13961.0,0.0,0.0,0.0,0.0,0.0,0.0,0.0,0.0,0.0,382.0,0.0,0.0,0.0,0.0,4.0
2019-02-19T13:00:00.0,0.0,849.0,0.0,1161.0,14033.0,0.0,0.0,0.0,0.0,0.0,0.0,0.0,0.0,0.0,359.0,0.0,0.0,0.0,0.0,4.0
2019-02-19T14:00:00.0,0.0,933.0,0.0,1161.0,14440.0,0.0,0.0,0.0,0.0,0.0,0.0,0.0,0.0,0.0,359.0,0.0,0.0,0.0,0.0,4.0
2019-02-19T15:00:00.0,0.0,978.0,0.0,1161.0,14464.0,0.0,0.0,0.0,0.0,0.0,0.0,0.0,0.0,0.0,359.0,0.0,0.0,0.0,0.0,4.0
2019-02-19T16:00:00.0,0.0,1028.0,0.0,1159.0,14762.0,0.0,0.0,0.0,0.0,0.0,0.0,0.0,0.0,0.0,359.0,0.0,0.0,0.0,0.0,4.0
2019-02-19T17:00:00.0,0.0,1043.0,0.0,1163.0,16284.0,0.0,0.0,0.0,0.0,0.0,0.0,0.0,0.0,0.0,360.0,0.0,0.0,0.0,0.0,4.0
2019-02-19T18:00:00.0,0.0,1096.0,0.0,1162.0,16078.0,0.0,0.0,0.0,0.0,0.0,0.0,0.0,0.0,0.0,356.0,0.0,0.0,0.0,0.0,4.0
2019-02-19T19:00:00.0,0.0,1017.0,0.0,1155.0,14858.0,0.0,0.0,0.0,0.0,0.0,0.0,0.0,0.0,0.0,357.0,0.0,0.0,0.0,0.0,4.0
2019-02-19T20:00:00.0,0.0,917.0,0.0,1153.0,13784.0,0.0,0.0,0.0,0.0,0.0,0.0,0.0,0.0,0.0,356.0,0.0,0.0,0.0,0.0,4.0
2019-02-19T21:00:00.0,0.0,895.0,0.0,1153.0,12543.0,0.0,0.0,0.0,0.0,0.0,0.0,0.0,0.0,0.0,356.0,0.0,0.0,0.0,0.0,4.0
2019-02-19T22:00:00.0,0.0,832.0,0.0,1149.0,11994.0,0.0,0.0,0.0,0.0,0.0,0.0,0.0,0.0,0.0,357.0,0.0,0.0,0.0,0.0,4.0
2019-02-19T23:00:00.0,0.0,754.0,0.0,1148.0,11145.0,0.0,0.0,0.0,0.0,0.0,0.0,0.0,0.0,0.0,361.0,0.0,0.0,0.0,0.0,4.0
2019-02-20T00:00:00.0,0.0,663.0,0.0,1080.0,10828.0,0.0,0.0,0.0,0.0,0.0,0.0,0.0,0.0,0.0,365.0,0.0,0.0,0.0,0.0,4.0
2019-02-20T01:00:00.0,0.0,581.0,0.0,1075.0,10648.0,0.0,0.0,0.0,0.0,0.0,0.0,0.0,0.0,0.0,366.0,0.0,0.0,0.0,0.0,4.0
2019-02-20T02:00:00.0,0.0,525.0,0.0,1077.0,10664.0,0.0,0.0,0.0,0.0,0.0,0.0,0.0,0.0,0.0,370.0,0.0,0.0,0.0,0.0,4.0
2019-02-20T03:00:00.0,0.0,475.0,0.0,1073.0,10731.0,0.0,0.0,0.0,0.0,0.0,0.0,0.0,0.0,0.0,371.0,0.0,0.0,0.0,0.0,4.0
2019-02-20T04:00:00.0,0.0,387.0,0.0,1070.0,10900.0,0.0,0.0,0.0,0.0,0.0,0.0,0.0,0.0,0.0,368.0,0.0,0.0,0.0,0.0,4.0
2019-02-20T05:00:00.0,0.0,368.0,0.0,1070.0,11879.0,0.0,0.0,0.0,0.0,0.0,0.0,0.0,0.0,0.0,370.0,0.0,0.0,0.0,0.0,4.0
2019-02-20T06:00:00.0,0.0,242.0,0.0,1070.0,15120.0,0.0,0.0,0.0,0.0,0.0,0.0,0.0,0.0,0.0,371.0,0.0,0.0,0.0,0.0,4.0
2019-02-20T07:00:00.0,0.0,203.0,0.0,1086.0,17659.0,0.0,0.0,0.0,0.0,0.0,0.0,0.0,0.0,0.0,369.0,0.0,0.0,0.0,0.0,4.0
2019-02-20T08:00:00.0,0.0,148.0,0.0,1091.0,18789.0,0.0,0.0,0.0,0.0,0.0,0.0,0.0,0.0,0.0,370.0,0.0,0.0,0.0,0.0,4.0
2019-02-20T09:00:00.0,0.0,187.0,0.0,1092.0,18535.0,0.0,0.0,0.0,0.0,0.0,0.0,0.0,0.0,0.0,370.0,0.0,0.0,0.0,0.0,4.0
2019-02-20T10:00:00.0,0.0,219.0,0.0,1091.0,18255.0,0.0,0.0,0.0,0.0,0.0,0.0,0.0,0.0,0.0,359.0,0.0,0.0,0.0,0.0,4.0
2019-02-20T11:00:00.0,0.0,186.0,0.0,1090.0,17037.0,0.0,0.0,0.0,0.0,0.0,0.0,0.0,0.0,0.0,364.0,0.0,0.0,0.0,0.0,4.0
2019-02-20T12:00:00.0,0.0,217.0,0.0,1090.0,15993.0,0.0,0.0,0.0,0.0,0.0,0.0,0.0,0.0,0.0,365.0,0.0,0.0,0.0,0.0,4.0
2019-02-20T13:00:00.0,0.0,273.0,0.0,1115.0,16271.0,0.0,0.0,0.0,0.0,0.0,0.0,0.0,0.0,0.0,369.0,0.0,0.0,0.0,0.0,4.0
2019-02-20T14:00:00.0,0.0,372.0,0.0,1114.0,16956.0,0.0,0.0,0.0,0.0,0.0,0.0,0.0,0.0,0.0,369.0,0.0,0.0,0.0,0.0,4.0
2019-02-20T15:00:00.0,0.0,439.0,0.0,1109.0,17631.0,0.0,0.0,0.0,0.0,0.0,0.0,0.0,0.0,0.0,366.0,0.0,0.0,0.0,0.0,4.0
2019-02-20T16:00:00.0,0.0,562.0,0.0,1110.0,19068.0,0.0,0.0,0.0,0.0,0.0,0.0,0.0,0.0,0.0,369.0,0.0,0.0,0.0,0.0,4.0
2019-02-20T17:00:00.0,0.0,603.0,0.0,1111.0,20252.0,0.0,0.0,0.0,0.0,0.0,0.0,0.0,0.0,0.0,370.0,0.0,0.0,0.0,0.0,4.0
2019-02-20T18:00:00.0,0.0,764.0,0.0,1111.0,20494.0,0.0,0.0,0.0,0.0,0.0,0.0,0.0,0.0,0.0,370.0,0.0,0.0,0.0,0.0,4.0
2019-02-20T19:00:00.0,0.0,812.0,0.0,1113.0,18998.0,0.0,0.0,0.0,0.0,0.0,0.0,0.0,0.0,0.0,371.0,0.0,0.0,0.0,0.0,4.0
2019-02-20T20:00:00.0,0.0,804.0,0.0,1115.0,17808.0,0.0,0.0,0.0,0.0,0.0,0.0,0.0,0.0,0.0,371.0,0.0,0.0,0.0,0.0,4.0
2019-02-20T21:00:00.0,0.0,786.0,0.0,1116.0,16219.0,0.0,0.0,0.0,0.0,0.0,0.0,0.0,0.0,0.0,370.0,0.0,0.0,0.0,0.0,4.0
2019-02-20T22:00:00.0,0.0,836.0,0.0,1119.0,14807.0,0.0,0.0,0.0,0.0,0.0,0.0,0.0,0.0,0.0,371.0,0.0,0.0,0.0,0.0,4.0
2019-02-20T23:00:00.0,0.0,797.0,0.0,1123.0,13064.0,0.0,0.0,0.0,0.0,0.0,0.0,0.0,0.0,0.0,375.0,0.0,0.0,0.0,0.0,4.0
2019-02-21T00:00:00.0,0.0,807.0,0.0,1107.0,12088.0,0.0,0.0,0.0,0.0,0.0,0.0,0.0,0.0,0.0,368.0,0.0,0.0,0.0,0.0,4.0
2019-02-21T01:00:00.0,0.0,783.0,0.0,1106.0,11183.0,0.0,0.0,0.0,0.0,0.0,0.0,0.0,0.0,0.0,370.0,0.0,0.0,0.0,0.0,4.0
2019-02-21T02:00:00.0,0.0,714.0,0.0,1111.0,11109.0,0.0,0.0,0.0,0.0,0.0,0.0,0.0,0.0,0.0,374.0,0.0,0.0,0.0,0.0,4.0
2019-02-21T03:00:00.0,0.0,725.0,0.0,1113.0,11372.0,0.0,0.0,0.0,0.0,0.0,0.0,0.0,0.0,0.0,377.0,0.0,0.0,0.0,0.0,4.0
2019-02-21T04:00:00.0,0.0,723.0,0.0,1118.0,12037.0,0.0,0.0,0.0,0.0,0.0,0.0,0.0,0.0,0.0,369.0,0.0,0.0,0.0,0.0,4.0
2019-02-21T05:00:00.0,0.0,658.0,0.0,1123.0,13769.0,0.0,0.0,0.0,0.0,0.0,0.0,0.0,0.0,0.0,372.0,0.0,0.0,0.0,0.0,4.0
2019-02-21T06:00:00.0,0.0,663.0,0.0,1125.0,16962.0,0.0,0.0,0.0,0.0,0.0,0.0,0.0,0.0,0.0,373.0,0.0,0.0,0.0,0.0,4.0
2019-02-21T07:00:00.0,0.0,629.0,0.0,1144.0,19222.0,0.0,0.0,0.0,0.0,0.0,0.0,0.0,0.0,0.0,370.0,0.0,0.0,0.0,0.0,4.0
2019-02-21T08:00:00.0,0.0,654.0,0.0,1150.0,20105.0,0.0,0.0,0.0,0.0,0.0,0.0,0.0,0.0,0.0,367.0,0.0,0.0,0.0,0.0,4.0
2019-02-21T09:00:00.0,0.0,635.0,0.0,1156.0,19450.0,0.0,0.0,0.0,0.0,0.0,0.0,0.0,0.0,0.0,366.0,0.0,0.0,0.0,0.0,4.0
2019-02-21T10:00:00.0,0.0,645.0,0.0,1150.0,18356.0,0.0,0.0,0.0,0.0,0.0,0.0,0.0,0.0,0.0,364.0,0.0,0.0,0.0,0.0,4.0
2019-02-21T11:00:00.0,0.0,683.0,0.0,1152.0,18006.0,0.0,0.0,0.0,0.0,0.0,0.0,0.0,0.0,0.0,368.0,0.0,0.0,0.0,0.0,4.0
2019-02-21T12:00:00.0,0.0,712.0,0.0,1154.0,17280.0,0.0,0.0,0.0,0.0,0.0,0.0,0.0,0.0,0.0,360.0,0.0,0.0,0.0,0.0,4.0
2019-02-21T13:00:00.0,0.0,760.0,0.0,1158.0,16688.0,0.0,0.0,0.0,0.0,0.0,0.0,0.0,0.0,0.0,373.0,0.0,0.0,0.0,0.0,4.0
2019-02-21T14:00:00.0,0.0,675.0,0.0,1157.0,16952.0,0.0,0.0,0.0,0.0,0.0,0.0,0.0,0.0,0.0,373.0,0.0,0.0,0.0,0.0,4.0
2019-02-21T15:00:00.0,0.0,682.0,0.0,1158.0,17718.0,0.0,0.0,0.0,0.0,0.0,0.0,0.0,0.0,0.0,371.0,0.0,0.0,0.0,0.0,4.0
2019-02-21T16:00:00.0,0.0,661.0,0.0,1162.0,18841.0,0.0,0.0,0.0,0.0,0.0,0.0,0.0,0.0,0.0,370.0,0.0,0.0,0.0,0.0,4.0
2019-02-21T17:00:00.0,0.0,635.0,0.0,1165.0,20839.0,0.0,0.0,0.0,0.0,0.0,0.0,0.0,0.0,0.0,368.0,0.0,0.0,0.0,0.0,4.0
2019-02-21T18:00:00.0,0.0,614.0,0.0,1164.0,20755.0,0.0,0.0,0.0,0.0,0.0,0.0,0.0,0.0,0.0,372.0,0.0,0.0,0.0,0.0,4.0
2019-02-21T19:00:00.0,0.0,595.0,0.0,1160.0,20487.0,0.0,0.0,0.0,0.0,0.0,0.0,0.0,0.0,0.0,371.0,0.0,0.0,0.0,0.0,4.0
2019-02-21T20:00:00.0,0.0,528.0,0.0,1160.0,19224.0,0.0,0.0,0.0,0.0,0.0,0.0,0.0,0.0,0.0,367.0,0.0,0.0,0.0,0.0,4.0
2019-02-21T21:00:00.0,0.0,420.0,0.0,1157.0,18128.0,0.0,0.0,0.0,0.0,0.0,0.0,0.0,0.0,0.0,366.0,0.0,0.0,0.0,0.0,4.0
2019-02-21T22:00:00.0,0.0,447.0,0.0,1153.0,16937.0,0.0,0.0,0.0,0.0,0.0,0.0,0.0,0.0,0.0,370.0,0.0,0.0,0.0,0.0,4.0
2019-02-21T23:00:00.0,0.0,483.0,0.0,1146.0,14523.0,0.0,0.0,0.0,0.0,0.0,0.0,0.0,0.0,0.0,369.0,0.0,0.0,0.0,0.0,4.0
2019-02-22T00:00:00.0,0.0,495.0,0.0,1129.0,12764.0,0.0,0.0,0.0,0.0,0.0,0.0,0.0,0.0,0.0,369.0,0.0,0.0,0.0,0.0,4.0
2019-02-22T01:00:00.0,0.0,567.0,0.0,1125.0,11895.0,0.0,0.0,0.0,0.0,0.0,0.0,0.0,0.0,0.0,375.0,0.0,0.0,0.0,0.0,4.0
2019-02-22T02:00:00.0,0.0,651.0,0.0,1127.0,11500.0,0.0,0.0,0.0,0.0,0.0,0.0,0.0,0.0,0.0,373.0,0.0,0.0,0.0,0.0,4.0
2019-02-22T03:00:00.0,0.0,756.0,0.0,1129.0,11461.0,0.0,0.0,0.0,0.0,0.0,0.0,0.0,0.0,0.0,375.0,0.0,0.0,0.0,0.0,4.0
2019-02-22T04:00:00.0,0.0,855.0,0.0,1132.0,12446.0,0.0,0.0,0.0,0.0,0.0,0.0,0.0,0.0,0.0,375.0,0.0,0.0,0.0,0.0,4.0
2019-02-22T05:00:00.0,0.0,935.0,0.0,1131.0,14867.0,0.0,0.0,0.0,0.0,0.0,0.0,0.0,0.0,0.0,373.0,0.0,0.0,0.0,0.0,4.0
2019-02-22T06:00:00.0,0.0,921.0,0.0,1131.0,18627.0,0.0,0.0,0.0,0.0,0.0,0.0,0.0,0.0,0.0,376.0,0.0,0.0,0.0,0.0,4.0
2019-02-22T07:00:00.0,0.0,928.0,0.0,1133.0,19238.0,0.0,0.0,0.0,0.0,0.0,0.0,0.0,0.0,0.0,378.0,0.0,0.0,0.0,0.0,4.0
2019-02-22T08:00:00.0,0.0,886.0,0.0,1128.0,19752.0,0.0,0.0,0.0,0.0,0.0,0.0,0.0,0.0,0.0,288.0,0.0,0.0,0.0,0.0,4.0
2019-02-22T09:00:00.0,0.0,905.0,0.0,1131.0,19589.0,0.0,0.0,0.0,0.0,0.0,0.0,0.0,0.0,0.0,287.0,0.0,0.0,0.0,0.0,4.0
2019-02-22T10:00:00.0,0.0,866.0,0.0,1129.0,18802.0,0.0,0.0,0.0,0.0,0.0,0.0,0.0,0.0,0.0,287.0,0.0,0.0,0.0,0.0,4.0
2019-02-22T11:00:00.0,0.0,838.0,0.0,1133.0,18122.0,0.0,0.0,0.0,0.0,0.0,0.0,0.0,0.0,0.0,287.0,0.0,0.0,0.0,0.0,4.0
2019-02-22T12:00:00.0,0.0,799.0,0.0,1134.0,16778.0,0.0,0.0,0.0,0.0,0.0,0.0,0.0,0.0,0.0,289.0,0.0,0.0,0.0,0.0,4.0
2019-02-22T13:00:00.0,0.0,758.0,0.0,1137.0,16555.0,0.0,0.0,0.0,0.0,0.0,0.0,0.0,0.0,0.0,291.0,0.0,0.0,0.0,0.0,4.0
2019-02-22T14:00:00.0,0.0,776.0,0.0,1129.0,17077.0,0.0,0.0,0.0,0.0,0.0,0.0,0.0,0.0,0.0,290.0,0.0,0.0,0.0,0.0,4.0
2019-02-22T15:00:00.0,0.0,856.0,0.0,1122.0,16881.0,0.0,0.0,0.0,0.0,0.0,0.0,0.0,0.0,0.0,292.0,0.0,0.0,0.0,0.0,4.0
2019-02-22T16:00:00.0,0.0,940.0,0.0,1123.0,17423.0,0.0,0.0,0.0,0.0,0.0,0.0,0.0,0.0,0.0,272.0,0.0,0.0,0.0,0.0,4.0
2019-02-22T17:00:00.0,0.0,987.0,0.0,1133.0,18352.0,0.0,0.0,0.0,0.0,0.0,0.0,0.0,0.0,0.0,290.0,0.0,0.0,0.0,0.0,4.0
2019-02-22T18:00:00.0,0.0,1099.0,0.0,1132.0,18485.0,0.0,0.0,0.0,0.0,0.0,0.0,0.0,0.0,0.0,290.0,0.0,0.0,0.0,0.0,4.0
2019-02-22T19:00:00.0,0.0,1131.0,0.0,1126.0,17009.0,0.0,0.0,0.0,0.0,0.0,0.0,0.0,0.0,0.0,298.0,0.0,0.0,0.0,0.0,4.0
2019-02-22T20:00:00.0,0.0,1079.0,0.0,1128.0,14806.0,0.0,0.0,0.0,0.0,0.0,0.0,0.0,0.0,0.0,295.0,0.0,0.0,0.0,0.0,4.0
2019-02-22T21:00:00.0,0.0,1121.0,0.0,1129.0,13274.0,0.0,0.0,0.0,0.0,0.0,0.0,0.0,0.0,0.0,295.0,0.0,0.0,0.0,0.0,4.0
2019-02-22T22:00:00.0,0.0,1106.0,0.0,1124.0,12789.0,0.0,0.0,0.0,0.0,0.0,0.0,0.0,0.0,0.0,296.0,0.0,0.0,0.0,0.0,4.0
2019-02-22T23:00:00.0,0.0,1125.0,0.0,1124.0,11797.0,0.0,0.0,0.0,0.0,0.0,0.0,0.0,0.0,0.0,301.0,0.0,0.0,0.0,0.0,4.0
2019-02-23T00:00:00.0,0.0,1093.0,0.0,1123.0,11147.0,0.0,0.0,0.0,0.0,0.0,0.0,0.0,0.0,0.0,297.0,0.0,0.0,0.0,0.0,4.0
2019-02-23T01:00:00.0,0.0,1017.0,0.0,1117.0,10636.0,0.0,0.0,0.0,0.0,0.0,0.0,0.0,0.0,0.0,298.0,0.0,0.0,0.0,0.0,4.0
2019-02-23T02:00:00.0,0.0,970.0,0.0,1116.0,10392.0,0.0,0.0,0.0,0.0,0.0,0.0,0.0,0.0,0.0,297.0,0.0,0.0,0.0,0.0,4.0
2019-02-23T03:00:00.0,0.0,917.0,0.0,1115.0,10445.0,0.0,0.0,0.0,0.0,0.0,0.0,0.0,0.0,0.0,298.0,0.0,0.0,0.0,0.0,4.0
2019-02-23T04:00:00.0,0.0,844.0,0.0,1114.0,10310.0,0.0,0.0,0.0,0.0,0.0,0.0,0.0,0.0,0.0,300.0,0.0,0.0,0.0,0.0,4.0
2019-02-23T05:00:00.0,0.0,866.0,0.0,1114.0,10394.0,0.0,0.0,0.0,0.0,0.0,0.0,0.0,0.0,0.0,297.0,0.0,0.0,0.0,0.0,4.0
2019-02-23T06:00:00.0,0.0,786.0,0.0,1116.0,10923.0,0.0,0.0,0.0,0.0,0.0,0.0,0.0,0.0,0.0,298.0,0.0,0.0,0.0,0.0,4.0
2019-02-23T07:00:00.0,0.0,669.0,0.0,1122.0,11806.0,0.0,0.0,0.0,0.0,0.0,0.0,0.0,0.0,0.0,300.0,0.0,0.0,0.0,0.0,4.0
2019-02-23T08:00:00.0,0.0,672.0,0.0,1123.0,13141.0,0.0,0.0,0.0,0.0,0.0,0.0,0.0,0.0,0.0,294.0,0.0,0.0,0.0,0.0,4.0
2019-02-23T09:00:00.0,0.0,598.0,0.0,1120.0,13289.0,0.0,0.0,0.0,0.0,0.0,0.0,0.0,0.0,0.0,292.0,0.0,0.0,0.0,0.0,4.0
2019-02-23T10:00:00.0,0.0,758.0,0.0,1120.0,12940.0,0.0,0.0,0.0,0.0,0.0,0.0,0.0,0.0,0.0,291.0,0.0,0.0,0.0,0.0,4.0
2019-02-23T11:00:00.0,0.0,739.0,0.0,1122.0,12488.0,0.0,0.0,0.0,0.0,0.0,0.0,0.0,0.0,0.0,294.0,0.0,0.0,0.0,0.0,4.0
2019-02-23T12:00:00.0,0.0,770.0,0.0,1124.0,12158.0,0.0,0.0,0.0,0.0,0.0,0.0,0.0,0.0,0.0,293.0,0.0,0.0,0.0,0.0,4.0
2019-02-23T13:00:00.0,0.0,801.0,0.0,1125.0,11692.0,0.0,0.0,0.0,0.0,0.0,0.0,0.0,0.0,0.0,295.0,0.0,0.0,0.0,0.0,4.0
2019-02-23T14:00:00.0,0.0,865.0,0.0,1127.0,11694.0,0.0,0.0,0.0,0.0,0.0,0.0,0.0,0.0,0.0,298.0,0.0,0.0,0.0,0.0,4.0
2019-02-23T15:00:00.0,0.0,878.0,0.0,1128.0,11864.0,0.0,0.0,0.0,0.0,0.0,0.0,0.0,0.0,0.0,295.0,0.0,0.0,0.0,0.0,4.0
2019-02-23T16:00:00.0,0.0,791.0,0.0,1129.0,13041.0,0.0,0.0,0.0,0.0,0.0,0.0,0.0,0.0,0.0,297.0,0.0,0.0,0.0,0.0,4.0
2019-02-23T17:00:00.0,0.0,741.0,0.0,1133.0,14652.0,0.0,0.0,0.0,0.0,0.0,0.0,0.0,0.0,0.0,296.0,0.0,0.0,0.0,0.0,4.0
2019-02-23T18:00:00.0,0.0,675.0,0.0,1132.0,15073.0,0.0,0.0,0.0,0.0,0.0,0.0,0.0,0.0,0.0,294.0,0.0,0.0,0.0,0.0,4.0
2019-02-23T19:00:00.0,0.0,675.0,0.0,1137.0,13866.0,0.0,0.0,0.0,0.0,0.0,0.0,0.0,0.0,0.0,298.0,0.0,0.0,0.0,0.0,4.0
2019-02-23T20:00:00.0,0.0,798.0,0.0,1136.0,12831.0,0.0,0.0,0.0,0.0,0.0,0.0,0.0,0.0,0.0,294.0,0.0,0.0,0.0,0.0,4.0
2019-02-23T21:00:00.0,0.0,772.0,0.0,1137.0,12059.0,0.0,0.0,0.0,0.0,0.0,0.0,0.0,0.0,0.0,291.0,0.0,0.0,0.0,0.0,4.0
2019-02-23T22:00:00.0,0.0,803.0,0.0,1139.0,11788.0,0.0,0.0,0.0,0.0,0.0,0.0,0.0,0.0,0.0,298.0,0.0,0.0,0.0,0.0,4.0
2019-02-23T23:00:00.0,0.0,834.0,0.0,1135.0,11180.0,0.0,0.0,0.0,0.0,0.0,0.0,0.0,0.0,0.0,297.0,0.0,0.0,0.0,0.0,4.0
2019-02-24T00:00:00.0,0.0,858.0,0.0,1152.0,10389.0,0.0,0.0,0.0,0.0,0.0,0.0,0.0,0.0,0.0,293.0,0.0,0.0,0.0,0.0,4.0
2019-02-24T01:00:00.0,0.0,973.0,0.0,1149.0,10232.0,0.0,0.0,0.0,0.0,0.0,0.0,0.0,0.0,0.0,296.0,0.0,0.0,0.0,0.0,4.0
2019-02-24T02:00:00.0,0.0,1018.0,0.0,1151.0,10018.0,0.0,0.0,0.0,0.0,0.0,0.0,0.0,0.0,0.0,300.0,0.0,0.0,0.0,0.0,4.0
2019-02-24T03:00:00.0,0.0,1000.0,0.0,1151.0,9781.0,0.0,0.0,0.0,0.0,0.0,0.0,0.0,0.0,0.0,295.0,0.0,0.0,0.0,0.0,4.0
2019-02-24T04:00:00.0,0.0,983.0,0.0,1152.0,10176.0,0.0,0.0,0.0,0.0,0.0,0.0,0.0,0.0,0.0,296.0,0.0,0.0,0.0,0.0,4.0
2019-02-24T05:00:00.0,0.0,975.0,0.0,1150.0,10224.0,0.0,0.0,0.0,0.0,0.0,0.0,0.0,0.0,0.0,298.0,0.0,0.0,0.0,0.0,4.0
2019-02-24T06:00:00.0,0.0,954.0,0.0,1153.0,9823.0,0.0,0.0,0.0,0.0,0.0,0.0,0.0,0.0,0.0,295.0,0.0,0.0,0.0,0.0,4.0
2019-02-24T07:00:00.0,0.0,944.0,0.0,1155.0,10106.0,0.0,0.0,0.0,0.0,0.0,0.0,0.0,0.0,0.0,294.0,0.0,0.0,0.0,0.0,4.0
2019-02-24T08:00:00.0,0.0,961.0,0.0,1156.0,10922.0,0.0,0.0,0.0,0.0,0.0,0.0,0.0,0.0,0.0,298.0,0.0,0.0,0.0,0.0,4.0
2019-02-24T09:00:00.0,0.0,950.0,0.0,1164.0,11739.0,0.0,0.0,0.0,0.0,0.0,0.0,0.0,0.0,0.0,385.0,0.0,0.0,0.0,0.0,4.0
2019-02-24T10:00:00.0,0.0,916.0,0.0,1165.0,11953.0,0.0,0.0,0.0,0.0,0.0,0.0,0.0,0.0,0.0,386.0,0.0,0.0,0.0,0.0,4.0
2019-02-24T11:00:00.0,0.0,868.0,0.0,1165.0,11873.0,0.0,0.0,0.0,0.0,0.0,0.0,0.0,0.0,0.0,382.0,0.0,0.0,0.0,0.0,4.0
2019-02-24T12:00:00.0,0.0,904.0,0.0,1166.0,11897.0,0.0,0.0,0.0,0.0,0.0,0.0,0.0,0.0,0.0,385.0,0.0,0.0,0.0,0.0,4.0
2019-02-24T13:00:00.0,0.0,909.0,0.0,1169.0,11597.0,0.0,0.0,0.0,0.0,0.0,0.0,0.0,0.0,0.0,383.0,0.0,0.0,0.0,0.0,4.0
2019-02-24T14:00:00.0,0.0,933.0,0.0,1170.0,11422.0,0.0,0.0,0.0,0.0,0.0,0.0,0.0,0.0,0.0,385.0,0.0,0.0,0.0,0.0,4.0
2019-02-24T15:00:00.0,0.0,907.0,0.0,1173.0,11480.0,0.0,0.0,0.0,0.0,0.0,0.0,0.0,0.0,0.0,386.0,0.0,0.0,0.0,0.0,4.0
2019-02-24T16:00:00.0,0.0,841.0,0.0,1174.0,12035.0,0.0,0.0,0.0,0.0,0.0,0.0,0.0,0.0,0.0,382.0,0.0,0.0,0.0,0.0,4.0
2019-02-24T17:00:00.0,0.0,871.0,0.0,1173.0,13371.0,0.0,0.0,0.0,0.0,0.0,0.0,0.0,0.0,0.0,378.0,0.0,0.0,0.0,0.0,4.0
2019-02-24T18:00:00.0,0.0,923.0,0.0,1174.0,14589.0,0.0,0.0,0.0,0.0,0.0,0.0,0.0,0.0,0.0,386.0,0.0,0.0,0.0,0.0,4.0
2019-02-24T19:00:00.0,0.0,936.0,0.0,1177.0,14258.0,0.0,0.0,0.0,0.0,0.0,0.0,0.0,0.0,0.0,384.0,0.0,0.0,0.0,0.0,4.0
2019-02-24T20:00:00.0,0.0,952.0,0.0,1177.0,13819.0,0.0,0.0,0.0,0.0,0.0,0.0,0.0,0.0,0.0,388.0,0.0,0.0,0.0,0.0,4.0
2019-02-24T21:00:00.0,0.0,964.0,0.0,1176.0,13374.0,0.0,0.0,0.0,0.0,0.0,0.0,0.0,0.0,0.0,385.0,0.0,0.0,0.0,0.0,4.0
2019-02-24T22:00:00.0,0.0,921.0,0.0,1162.0,12820.0,0.0,0.0,0.0,0.0,0.0,0.0,0.0,0.0,0.0,385.0,0.0,0.0,0.0,0.0,4.0
2019-02-24T23:00:00.0,0.0,965.0,0.0,1166.0,12023.0,0.0,0.0,0.0,0.0,0.0,0.0,0.0,0.0,0.0,379.0,0.0,0.0,0.0,0.0,4.0
2019-02-25T00:00:00.0,0.0,911.0,0.0,1172.0,11000.0,0.0,0.0,0.0,0.0,0.0,0.0,0.0,0.0,0.0,384.0,0.0,0.0,0.0,0.0,3.0
2019-02-25T01:00:00.0,0.0,894.0,0.0,1168.0,10787.0,0.0,0.0,0.0,0.0,0.0,0.0,0.0,0.0,0.0,363.0,0.0,0.0,0.0,0.0,3.0
2019-02-25T02:00:00.0,0.0,881.0,0.0,1168.0,10747.0,0.0,0.0,0.0,0.0,0.0,0.0,0.0,0.0,0.0,371.0,0.0,0.0,0.0,0.0,3.0
2019-02-25T03:00:00.0,0.0,845.0,0.0,1166.0,10762.0,0.0,0.0,0.0,0.0,0.0,0.0,0.0,0.0,0.0,383.0,0.0,0.0,0.0,0.0,3.0
2019-02-25T04:00:00.0,0.0,841.0,0.0,1164.0,10712.0,0.0,0.0,0.0,0.0,0.0,0.0,0.0,0.0,0.0,382.0,0.0,0.0,0.0,0.0,3.0
2019-02-25T05:00:00.0,0.0,829.0,0.0,1164.0,12261.0,0.0,0.0,0.0,0.0,0.0,0.0,0.0,0.0,0.0,387.0,0.0,0.0,0.0,0.0,3.0
2019-02-25T06:00:00.0,0.0,684.0,0.0,1164.0,15656.0,0.0,0.0,0.0,0.0,0.0,0.0,0.0,0.0,0.0,383.0,0.0,0.0,0.0,0.0,3.0
2019-02-25T07:00:00.0,0.0,717.0,0.0,1167.0,17680.0,0.0,0.0,0.0,0.0,0.0,0.0,0.0,0.0,0.0,384.0,0.0,0.0,0.0,0.0,3.0
2019-02-25T08:00:00.0,0.0,712.0,0.0,1168.0,18021.0,0.0,0.0,0.0,0.0,0.0,0.0,0.0,0.0,0.0,387.0,0.0,0.0,0.0,0.0,3.0
2019-02-25T09:00:00.0,0.0,599.0,0.0,1168.0,18069.0,0.0,0.0,0.0,0.0,0.0,0.0,0.0,0.0,0.0,385.0,0.0,0.0,0.0,0.0,3.0
2019-02-25T10:00:00.0,0.0,654.0,0.0,1157.0,17681.0,0.0,0.0,0.0,0.0,0.0,0.0,0.0,0.0,0.0,385.0,0.0,0.0,0.0,0.0,3.0
2019-02-25T11:00:00.0,0.0,779.0,0.0,1159.0,15355.0,0.0,0.0,0.0,0.0,0.0,0.0,0.0,0.0,0.0,385.0,0.0,0.0,0.0,0.0,3.0
2019-02-25T12:00:00.0,0.0,721.0,0.0,1165.0,13935.0,0.0,0.0,0.0,0.0,0.0,0.0,0.0,0.0,0.0,297.0,0.0,0.0,0.0,0.0,3.0
2019-02-25T13:00:00.0,0.0,722.0,0.0,1159.0,13716.0,0.0,0.0,0.0,0.0,0.0,0.0,0.0,0.0,0.0,295.0,0.0,0.0,0.0,0.0,3.0
2019-02-25T14:00:00.0,0.0,711.0,0.0,1162.0,14154.0,0.0,0.0,0.0,0.0,0.0,0.0,0.0,0.0,0.0,293.0,0.0,0.0,0.0,0.0,3.0
2019-02-25T15:00:00.0,0.0,714.0,0.0,1160.0,15176.0,0.0,0.0,0.0,0.0,0.0,0.0,0.0,0.0,0.0,297.0,0.0,0.0,0.0,0.0,3.0
2019-02-25T16:00:00.0,0.0,673.0,0.0,1161.0,16348.0,0.0,0.0,0.0,0.0,0.0,0.0,0.0,0.0,0.0,298.0,0.0,0.0,0.0,0.0,3.0
2019-02-25T17:00:00.0,0.0,668.0,0.0,1155.0,17638.0,0.0,0.0,0.0,0.0,0.0,0.0,0.0,0.0,0.0,295.0,0.0,0.0,0.0,0.0,3.0
2019-02-25T18:00:00.0,0.0,685.0,0.0,1156.0,17797.0,0.0,0.0,0.0,0.0,0.0,0.0,0.0,0.0,0.0,294.0,0.0,0.0,0.0,0.0,3.0
2019-02-25T19:00:00.0,0.0,691.0,0.0,1154.0,16298.0,0.0,0.0,0.0,0.0,0.0,0.0,0.0,0.0,0.0,300.0,0.0,0.0,0.0,0.0,3.0
2019-02-25T20:00:00.0,0.0,672.0,0.0,1153.0,15074.0,0.0,0.0,0.0,0.0,0.0,0.0,0.0,0.0,0.0,297.0,0.0,0.0,0.0,0.0,3.0
2019-02-25T21:00:00.0,0.0,664.0,0.0,1156.0,14099.0,0.0,0.0,0.0,0.0,0.0,0.0,0.0,0.0,0.0,287.0,0.0,0.0,0.0,0.0,3.0
2019-02-25T22:00:00.0,0.0,721.0,0.0,1157.0,12832.0,0.0,0.0,0.0,0.0,0.0,0.0,0.0,0.0,0.0,294.0,0.0,0.0,0.0,0.0,3.0
2019-02-25T23:00:00.0,0.0,621.0,0.0,1153.0,11807.0,0.0,0.0,0.0,0.0,0.0,0.0,0.0,0.0,0.0,295.0,0.0,0.0,0.0,0.0,3.0
2019-02-26T00:00:00.0,0.0,658.0,0.0,1131.0,11087.0,0.0,0.0,0.0,0.0,0.0,0.0,0.0,0.0,0.0,294.0,0.0,0.0,0.0,0.0,3.0
2019-02-26T01:00:00.0,0.0,663.0,0.0,1131.0,10846.0,0.0,0.0,0.0,0.0,0.0,0.0,0.0,0.0,0.0,297.0,0.0,0.0,0.0,0.0,3.0
2019-02-26T02:00:00.0,0.0,623.0,0.0,1128.0,10621.0,0.0,0.0,0.0,0.0,0.0,0.0,0.0,0.0,0.0,297.0,0.0,0.0,0.0,0.0,3.0
2019-02-26T03:00:00.0,0.0,584.0,0.0,1130.0,10264.0,0.0,0.0,0.0,0.0,0.0,0.0,0.0,0.0,0.0,295.0,0.0,0.0,0.0,0.0,3.0
2019-02-26T04:00:00.0,0.0,585.0,0.0,1127.0,10512.0,0.0,0.0,0.0,0.0,0.0,0.0,0.0,0.0,0.0,298.0,0.0,0.0,0.0,0.0,3.0
2019-02-26T05:00:00.0,0.0,487.0,0.0,1129.0,12143.0,0.0,0.0,0.0,0.0,0.0,0.0,0.0,0.0,0.0,294.0,0.0,0.0,0.0,0.0,3.0
2019-02-26T06:00:00.0,0.0,331.0,0.0,1132.0,16267.0,0.0,0.0,0.0,0.0,0.0,0.0,0.0,0.0,0.0,298.0,0.0,0.0,0.0,0.0,3.0
2019-02-26T07:00:00.0,0.0,280.0,0.0,1142.0,18056.0,0.0,0.0,0.0,0.0,0.0,0.0,0.0,0.0,0.0,299.0,0.0,0.0,0.0,0.0,3.0
2019-02-26T08:00:00.0,0.0,322.0,0.0,1140.0,18698.0,0.0,0.0,0.0,0.0,0.0,0.0,0.0,0.0,0.0,288.0,0.0,0.0,0.0,0.0,3.0
2019-02-26T09:00:00.0,0.0,250.0,0.0,1136.0,18831.0,0.0,0.0,0.0,0.0,0.0,0.0,0.0,0.0,0.0,292.0,0.0,0.0,0.0,0.0,3.0
2019-02-26T10:00:00.0,0.0,302.0,0.0,1138.0,18978.0,0.0,0.0,0.0,0.0,0.0,0.0,0.0,0.0,0.0,381.0,0.0,0.0,0.0,0.0,3.0
2019-02-26T11:00:00.0,0.0,392.0,0.0,1139.0,16843.0,0.0,0.0,0.0,0.0,0.0,0.0,0.0,0.0,0.0,381.0,0.0,0.0,0.0,0.0,3.0
2019-02-26T12:00:00.0,0.0,448.0,0.0,1136.0,15408.0,0.0,0.0,0.0,0.0,0.0,0.0,0.0,0.0,0.0,379.0,0.0,0.0,0.0,0.0,3.0
2019-02-26T13:00:00.0,0.0,540.0,0.0,1139.0,15052.0,0.0,0.0,0.0,0.0,0.0,0.0,0.0,0.0,0.0,380.0,0.0,0.0,0.0,0.0,3.0
2019-02-26T14:00:00.0,0.0,673.0,0.0,1138.0,15297.0,0.0,0.0,0.0,0.0,0.0,0.0,0.0,0.0,0.0,382.0,0.0,0.0,0.0,0.0,3.0
2019-02-26T15:00:00.0,0.0,793.0,0.0,1138.0,16005.0,0.0,0.0,0.0,0.0,0.0,0.0,0.0,0.0,0.0,379.0,0.0,0.0,0.0,0.0,3.0
2019-02-26T16:00:00.0,0.0,815.0,0.0,1139.0,16924.0,0.0,0.0,0.0,0.0,0.0,0.0,0.0,0.0,0.0,379.0,0.0,0.0,0.0,0.0,3.0
2019-02-26T17:00:00.0,0.0,810.0,0.0,1142.0,17548.0,0.0,0.0,0.0,0.0,0.0,0.0,0.0,0.0,0.0,383.0,0.0,0.0,0.0,0.0,3.0
2019-02-26T18:00:00.0,0.0,818.0,0.0,1153.0,17596.0,0.0,0.0,0.0,0.0,0.0,0.0,0.0,0.0,0.0,384.0,0.0,0.0,0.0,0.0,3.0
2019-02-26T19:00:00.0,0.0,822.0,0.0,1160.0,16612.0,0.0,0.0,0.0,0.0,0.0,0.0,0.0,0.0,0.0,383.0,0.0,0.0,0.0,0.0,3.0
2019-02-26T20:00:00.0,0.0,799.0,0.0,1160.0,15222.0,0.0,0.0,0.0,0.0,0.0,0.0,0.0,0.0,0.0,384.0,0.0,0.0,0.0,0.0,3.0
2019-02-26T21:00:00.0,0.0,795.0,0.0,1162.0,14116.0,0.0,0.0,0.0,0.0,0.0,0.0,0.0,0.0,0.0,388.0,0.0,0.0,0.0,0.0,3.0
2019-02-26T22:00:00.0,0.0,754.0,0.0,1160.0,12741.0,0.0,0.0,0.0,0.0,0.0,0.0,0.0,0.0,0.0,380.0,0.0,0.0,0.0,0.0,3.0
2019-02-26T23:00:00.0,0.0,683.0,0.0,1162.0,12050.0,0.0,0.0,0.0,0.0,0.0,0.0,0.0,0.0,0.0,384.0,0.0,0.0,0.0,0.0,3.0
2019-02-27T00:00:00.0,0.0,779.0,0.0,1166.0,11269.0,0.0,0.0,0.0,0.0,0.0,0.0,0.0,0.0,0.0,295.0,0.0,0.0,0.0,0.0,3.0
2019-02-27T01:00:00.0,0.0,780.0,0.0,1161.0,10713.0,0.0,0.0,0.0,0.0,0.0,0.0,0.0,0.0,0.0,297.0,0.0,0.0,0.0,0.0,3.0
2019-02-27T02:00:00.0,0.0,791.0,0.0,1162.0,10546.0,0.0,0.0,0.0,0.0,0.0,0.0,0.0,0.0,0.0,297.0,0.0,0.0,0.0,0.0,3.0
2019-02-27T03:00:00.0,0.0,781.0,0.0,1161.0,10360.0,0.0,0.0,0.0,0.0,0.0,0.0,0.0,0.0,0.0,295.0,0.0,0.0,0.0,0.0,3.0
2019-02-27T04:00:00.0,0.0,804.0,0.0,1160.0,10813.0,0.0,0.0,0.0,0.0,0.0,0.0,0.0,0.0,0.0,288.0,0.0,0.0,0.0,0.0,3.0
2019-02-27T05:00:00.0,0.0,810.0,0.0,1157.0,12599.0,0.0,0.0,0.0,0.0,0.0,0.0,0.0,0.0,0.0,297.0,0.0,0.0,0.0,0.0,3.0
2019-02-27T06:00:00.0,0.0,844.0,0.0,1158.0,15025.0,0.0,0.0,0.0,0.0,0.0,0.0,0.0,0.0,0.0,297.0,0.0,0.0,0.0,0.0,3.0
2019-02-27T07:00:00.0,0.0,879.0,0.0,1168.0,16782.0,0.0,0.0,0.0,0.0,0.0,0.0,0.0,0.0,0.0,299.0,0.0,0.0,0.0,0.0,3.0
2019-02-27T08:00:00.0,0.0,850.0,0.0,1169.0,17469.0,0.0,0.0,0.0,0.0,0.0,0.0,0.0,0.0,0.0,300.0,0.0,0.0,0.0,0.0,3.0
2019-02-27T09:00:00.0,0.0,813.0,0.0,1166.0,16940.0,0.0,0.0,0.0,0.0,0.0,0.0,0.0,0.0,0.0,302.0,0.0,0.0,0.0,0.0,3.0
2019-02-27T10:00:00.0,0.0,766.0,0.0,1164.0,15979.0,0.0,0.0,0.0,0.0,0.0,0.0,0.0,0.0,0.0,299.0,0.0,0.0,0.0,0.0,3.0
2019-02-27T11:00:00.0,0.0,755.0,0.0,1161.0,14430.0,0.0,0.0,0.0,0.0,0.0,0.0,0.0,0.0,0.0,297.0,0.0,0.0,0.0,0.0,3.0
2019-02-27T12:00:00.0,0.0,757.0,0.0,1162.0,13646.0,0.0,0.0,0.0,0.0,0.0,0.0,0.0,0.0,0.0,301.0,0.0,0.0,0.0,0.0,3.0
2019-02-27T13:00:00.0,0.0,763.0,0.0,1158.0,13536.0,0.0,0.0,0.0,0.0,0.0,0.0,0.0,0.0,0.0,299.0,0.0,0.0,0.0,0.0,3.0
2019-02-27T14:00:00.0,0.0,795.0,0.0,1156.0,13137.0,0.0,0.0,0.0,0.0,0.0,0.0,0.0,0.0,0.0,299.0,0.0,0.0,0.0,0.0,3.0
2019-02-27T15:00:00.0,0.0,831.0,0.0,1157.0,13469.0,0.0,0.0,0.0,0.0,0.0,0.0,0.0,0.0,0.0,300.0,0.0,0.0,0.0,0.0,3.0
2019-02-27T16:00:00.0,0.0,846.0,0.0,1159.0,15043.0,0.0,0.0,0.0,0.0,0.0,0.0,0.0,0.0,0.0,299.0,0.0,0.0,0.0,0.0,3.0
2019-02-27T17:00:00.0,0.0,871.0,0.0,1159.0,16320.0,0.0,0.0,0.0,0.0,0.0,0.0,0.0,0.0,0.0,301.0,0.0,0.0,0.0,0.0,3.0
2019-02-27T18:00:00.0,0.0,876.0,0.0,1158.0,16559.0,0.0,0.0,0.0,0.0,0.0,0.0,0.0,0.0,0.0,303.0,0.0,0.0,0.0,0.0,3.0
2019-02-27T19:00:00.0,0.0,891.0,0.0,1159.0,15096.0,0.0,0.0,0.0,0.0,0.0,0.0,0.0,0.0,0.0,301.0,0.0,0.0,0.0,0.0,3.0
2019-02-27T20:00:00.0,0.0,914.0,0.0,1156.0,13690.0,0.0,0.0,0.0,0.0,0.0,0.0,0.0,0.0,0.0,302.0,0.0,0.0,0.0,0.0,3.0
2019-02-27T21:00:00.0,0.0,951.0,0.0,1156.0,12747.0,0.0,0.0,0.0,0.0,0.0,0.0,0.0,0.0,0.0,303.0,0.0,0.0,0.0,0.0,3.0
2019-02-27T22:00:00.0,0.0,1001.0,0.0,1151.0,11477.0,0.0,0.0,0.0,0.0,0.0,0.0,0.0,0.0,0.0,302.0,0.0,0.0,0.0,0.0,3.0
2019-02-27T23:00:00.0,0.0,1033.0,0.0,1151.0,10308.0,0.0,0.0,0.0,0.0,0.0,0.0,0.0,0.0,0.0,302.0,0.0,0.0,0.0,0.0,3.0
2019-02-28T00:00:00.0,0.0,1126.0,0.0,1150.0,10074.0,0.0,0.0,0.0,0.0,0.0,0.0,0.0,0.0,0.0,300.0,0.0,0.0,0.0,0.0,3.0
2019-02-28T01:00:00.0,0.0,1164.0,0.0,1151.0,9436.0,0.0,0.0,0.0,0.0,0.0,0.0,0.0,0.0,0.0,106.0,0.0,0.0,0.0,0.0,3.0
2019-02-28T02:00:00.0,0.0,1134.0,0.0,1147.0,9300.0,0.0,0.0,0.0,0.0,0.0,0.0,0.0,0.0,0.0,107.0,0.0,0.0,0.0,0.0,3.0
2019-02-28T03:00:00.0,0.0,1120.0,0.0,1150.0,9243.0,0.0,0.0,0.0,0.0,0.0,0.0,0.0,0.0,0.0,110.0,0.0,0.0,0.0,0.0,3.0
2019-02-28T04:00:00.0,0.0,1046.0,0.0,1149.0,9549.0,0.0,0.0,0.0,0.0,0.0,0.0,0.0,0.0,0.0,102.0,0.0,0.0,0.0,0.0,3.0
2019-02-28T05:00:00.0,0.0,953.0,0.0,1148.0,10200.0,0.0,0.0,0.0,0.0,0.0,0.0,0.0,0.0,0.0,106.0,0.0,0.0,0.0,0.0,3.0
2019-02-28T06:00:00.0,0.0,792.0,0.0,1147.0,13246.0,0.0,0.0,0.0,0.0,0.0,0.0,0.0,0.0,0.0,105.0,0.0,0.0,0.0,0.0,3.0
2019-02-28T07:00:00.0,0.0,729.0,0.0,1149.0,16325.0,0.0,0.0,0.0,0.0,0.0,0.0,0.0,0.0,0.0,93.0,0.0,0.0,0.0,0.0,3.0
2019-02-28T08:00:00.0,0.0,686.0,0.0,1139.0,17249.0,0.0,0.0,0.0,0.0,0.0,0.0,0.0,0.0,0.0,94.0,0.0,0.0,0.0,0.0,3.0
2019-02-28T09:00:00.0,0.0,586.0,0.0,1142.0,15513.0,0.0,0.0,0.0,0.0,0.0,0.0,0.0,0.0,0.0,91.0,0.0,0.0,0.0,0.0,3.0
2019-02-28T10:00:00.0,0.0,548.0,0.0,1141.0,14596.0,0.0,0.0,0.0,0.0,0.0,0.0,0.0,0.0,0.0,278.0,0.0,0.0,0.0,0.0,3.0
2019-02-28T11:00:00.0,0.0,486.0,0.0,1139.0,13192.0,0.0,0.0,0.0,0.0,0.0,0.0,0.0,0.0,0.0,284.0,0.0,0.0,0.0,0.0,3.0
2019-02-28T12:00:00.0,0.0,485.0,0.0,1139.0,12456.0,0.0,0.0,0.0,0.0,0.0,0.0,0.0,0.0,0.0,291.0,0.0,0.0,0.0,0.0,3.0
2019-02-28T13:00:00.0,0.0,468.0,0.0,1136.0,12646.0,0.0,0.0,0.0,0.0,0.0,0.0,0.0,0.0,0.0,287.0,0.0,0.0,0.0,0.0,3.0
2019-02-28T14:00:00.0,0.0,440.0,0.0,1135.0,13459.0,0.0,0.0,0.0,0.0,0.0,0.0,0.0,0.0,0.0,287.0,0.0,0.0,0.0,0.0,3.0
2019-02-28T15:00:00.0,0.0,405.0,0.0,1134.0,13730.0,0.0,0.0,0.0,0.0,0.0,0.0,0.0,0.0,0.0,291.0,0.0,0.0,0.0,0.0,3.0
2019-02-28T16:00:00.0,0.0,384.0,0.0,1134.0,15110.0,0.0,0.0,0.0,0.0,0.0,0.0,0.0,0.0,0.0,292.0,0.0,0.0,0.0,0.0,3.0
2019-02-28T17:00:00.0,0.0,387.0,0.0,1132.0,18879.0,0.0,0.0,0.0,0.0,0.0,0.0,0.0,0.0,0.0,295.0,0.0,0.0,0.0,0.0,3.0
2019-02-28T18:00:00.0,0.0,330.0,0.0,1135.0,20327.0,0.0,0.0,0.0,0.0,0.0,0.0,0.0,0.0,0.0,291.0,0.0,0.0,0.0,0.0,3.0
2019-02-28T19:00:00.0,0.0,318.0,0.0,1132.0,19954.0,0.0,0.0,0.0,0.0,0.0,0.0,0.0,0.0,0.0,290.0,0.0,0.0,0.0,0.0,3.0
2019-02-28T20:00:00.0,0.0,269.0,0.0,1133.0,18637.0,0.0,0.0,0.0,0.0,0.0,0.0,0.0,0.0,0.0,292.0,0.0,0.0,0.0,0.0,3.0
2019-02-28T21:00:00.0,0.0,309.0,0.0,1132.0,17086.0,0.0,0.0,0.0,0.0,0.0,0.0,0.0,0.0,0.0,291.0,0.0,0.0,0.0,0.0,3.0
2019-02-28T22:00:00.0,0.0,303.0,0.0,1133.0,15850.0,0.0,0.0,0.0,0.0,0.0,0.0,0.0,0.0,0.0,381.0,0.0,0.0,0.0,0.0,3.0
2019-02-28T23:00:00.0,0.0,287.0,0.0,1130.0,13252.0,0.0,0.0,0.0,0.0,0.0,0.0,0.0,0.0,0.0,383.0,0.0,0.0,0.0,0.0,3.0
2019-03-01T00:00:00.0,0.0,393.0,0.0,1103.0,11659.0,0.0,0.0,0.0,0.0,0.0,0.0,0.0,0.0,0.0,293.0,0.0,0.0,0.0,0.0,3.0
2019-03-01T01:00:00.0,0.0,402.0,0.0,1095.0,10580.0,0.0,0.0,0.0,0.0,0.0,0.0,0.0,0.0,0.0,295.0,0.0,0.0,0.0,0.0,3.0
2019-03-01T02:00:00.0,0.0,397.0,0.0,1093.0,10258.0,0.0,0.0,0.0,0.0,0.0,0.0,0.0,0.0,0.0,291.0,0.0,0.0,0.0,0.0,3.0
2019-03-01T03:00:00.0,0.0,396.0,0.0,1090.0,10646.0,0.0,0.0,0.0,0.0,0.0,0.0,0.0,0.0,0.0,298.0,0.0,0.0,0.0,0.0,3.0
2019-03-01T04:00:00.0,0.0,387.0,0.0,1091.0,12170.0,0.0,0.0,0.0,0.0,0.0,0.0,0.0,0.0,0.0,296.0,0.0,0.0,0.0,0.0,3.0
2019-03-01T05:00:00.0,0.0,371.0,0.0,1090.0,14487.0,0.0,0.0,0.0,0.0,0.0,0.0,0.0,0.0,0.0,286.0,0.0,0.0,0.0,0.0,3.0
2019-03-01T06:00:00.0,0.0,318.0,0.0,1089.0,18773.0,0.0,0.0,0.0,0.0,0.0,0.0,0.0,0.0,0.0,288.0,0.0,0.0,0.0,0.0,3.0
2019-03-01T07:00:00.0,0.0,372.0,0.0,1090.0,20949.0,0.0,0.0,0.0,0.0,0.0,0.0,0.0,0.0,0.0,295.0,0.0,0.0,0.0,0.0,3.0
2019-03-01T08:00:00.0,0.0,352.0,0.0,1090.0,21674.0,0.0,0.0,0.0,0.0,0.0,0.0,0.0,0.0,0.0,295.0,0.0,0.0,0.0,0.0,3.0
2019-03-01T09:00:00.0,0.0,289.0,0.0,1090.0,21707.0,0.0,0.0,0.0,0.0,0.0,0.0,0.0,0.0,0.0,295.0,0.0,0.0,0.0,0.0,3.0
2019-03-01T10:00:00.0,0.0,213.0,0.0,1089.0,21292.0,0.0,0.0,0.0,0.0,0.0,0.0,0.0,0.0,0.0,296.0,0.0,0.0,0.0,0.0,3.0
2019-03-01T11:00:00.0,0.0,156.0,0.0,1090.0,20631.0,0.0,0.0,0.0,0.0,0.0,0.0,0.0,0.0,0.0,298.0,0.0,0.0,0.0,0.0,3.0
2019-03-01T12:00:00.0,0.0,214.0,0.0,1085.0,20086.0,0.0,0.0,0.0,0.0,0.0,0.0,0.0,0.0,0.0,298.0,0.0,0.0,0.0,0.0,3.0
2019-03-01T13:00:00.0,0.0,183.0,0.0,1085.0,19810.0,0.0,0.0,0.0,0.0,0.0,0.0,0.0,0.0,0.0,275.0,0.0,0.0,0.0,0.0,3.0
2019-03-01T14:00:00.0,0.0,196.0,0.0,1086.0,19065.0,0.0,0.0,0.0,0.0,0.0,0.0,0.0,0.0,0.0,296.0,0.0,0.0,0.0,0.0,3.0
2019-03-01T15:00:00.0,0.0,282.0,0.0,1079.0,19038.0,0.0,0.0,0.0,0.0,0.0,0.0,0.0,0.0,0.0,293.0,0.0,0.0,0.0,0.0,3.0
2019-03-01T16:00:00.0,0.0,246.0,0.0,1080.0,19338.0,0.0,0.0,0.0,0.0,0.0,0.0,0.0,0.0,0.0,295.0,0.0,0.0,0.0,0.0,3.0
2019-03-01T17:00:00.0,0.0,305.0,0.0,1078.0,20103.0,0.0,0.0,0.0,0.0,0.0,0.0,0.0,0.0,0.0,368.0,0.0,0.0,0.0,0.0,3.0
2019-03-01T18:00:00.0,0.0,465.0,0.0,1076.0,20787.0,0.0,0.0,0.0,0.0,0.0,0.0,0.0,0.0,0.0,372.0,0.0,0.0,0.0,0.0,3.0
2019-03-01T19:00:00.0,0.0,396.0,0.0,1070.0,20478.0,0.0,0.0,0.0,0.0,0.0,0.0,0.0,0.0,0.0,373.0,0.0,0.0,0.0,0.0,3.0
2019-03-01T20:00:00.0,0.0,504.0,0.0,1069.0,18889.0,0.0,0.0,0.0,0.0,0.0,0.0,0.0,0.0,0.0,369.0,0.0,0.0,0.0,0.0,3.0
2019-03-01T21:00:00.0,0.0,609.0,0.0,1065.0,17911.0,0.0,0.0,0.0,0.0,0.0,0.0,0.0,0.0,0.0,364.0,0.0,0.0,0.0,0.0,3.0
2019-03-01T22:00:00.0,0.0,625.0,0.0,1063.0,17035.0,0.0,0.0,0.0,0.0,0.0,0.0,0.0,0.0,0.0,372.0,0.0,0.0,0.0,0.0,3.0
2019-03-01T23:00:00.0,0.0,600.0,0.0,1060.0,15341.0,0.0,0.0,0.0,0.0,0.0,0.0,0.0,0.0,0.0,368.0,0.0,0.0,0.0,0.0,3.0
2019-03-02T00:00:00.0,0.0,624.0,0.0,1029.0,14178.0,0.0,0.0,0.0,0.0,0.0,0.0,0.0,0.0,0.0,369.0,0.0,0.0,0.0,0.0,3.0
2019-03-02T01:00:00.0,0.0,691.0,0.0,1028.0,12744.0,0.0,0.0,0.0,0.0,0.0,0.0,0.0,0.0,0.0,372.0,0.0,0.0,0.0,0.0,3.0
2019-03-02T02:00:00.0,0.0,637.0,0.0,1023.0,11538.0,0.0,0.0,0.0,0.0,0.0,0.0,0.0,0.0,0.0,369.0,0.0,0.0,0.0,0.0,3.0
2019-03-02T03:00:00.0,0.0,621.0,0.0,1022.0,10687.0,0.0,0.0,0.0,0.0,0.0,0.0,0.0,0.0,0.0,369.0,0.0,0.0,0.0,0.0,3.0
2019-03-02T04:00:00.0,0.0,570.0,0.0,1023.0,10853.0,0.0,0.0,0.0,0.0,0.0,0.0,0.0,0.0,0.0,375.0,0.0,0.0,0.0,0.0,3.0
2019-03-02T05:00:00.0,0.0,663.0,0.0,1019.0,10771.0,0.0,0.0,0.0,0.0,0.0,0.0,0.0,0.0,0.0,371.0,0.0,0.0,0.0,0.0,3.0
2019-03-02T06:00:00.0,0.0,625.0,0.0,1019.0,11552.0,0.0,0.0,0.0,0.0,0.0,0.0,0.0,0.0,0.0,370.0,0.0,0.0,0.0,0.0,3.0
2019-03-02T07:00:00.0,0.0,561.0,0.0,1022.0,12998.0,0.0,0.0,0.0,0.0,0.0,0.0,0.0,0.0,0.0,376.0,0.0,0.0,0.0,0.0,3.0
2019-03-02T08:00:00.0,0.0,554.0,0.0,1024.0,15324.0,0.0,0.0,0.0,0.0,0.0,0.0,0.0,0.0,0.0,375.0,0.0,0.0,0.0,0.0,3.0
2019-03-02T09:00:00.0,0.0,472.0,0.0,1021.0,15947.0,0.0,0.0,0.0,0.0,0.0,0.0,0.0,0.0,0.0,375.0,0.0,0.0,0.0,0.0,3.0
2019-03-02T10:00:00.0,0.0,428.0,0.0,1015.0,15956.0,0.0,0.0,0.0,0.0,0.0,0.0,0.0,0.0,0.0,375.0,0.0,0.0,0.0,0.0,3.0
2019-03-02T11:00:00.0,0.0,392.0,0.0,1011.0,15141.0,0.0,0.0,0.0,0.0,0.0,0.0,0.0,0.0,0.0,302.0,0.0,0.0,0.0,0.0,3.0
2019-03-02T12:00:00.0,0.0,375.0,0.0,1007.0,13998.0,0.0,0.0,0.0,0.0,0.0,0.0,0.0,0.0,0.0,313.0,0.0,0.0,0.0,0.0,3.0
2019-03-02T13:00:00.0,0.0,400.0,0.0,1002.0,12152.0,0.0,0.0,0.0,0.0,0.0,0.0,0.0,0.0,0.0,378.0,0.0,0.0,0.0,0.0,3.0
2019-03-02T14:00:00.0,0.0,406.0,0.0,998.0,11383.0,0.0,0.0,0.0,0.0,0.0,0.0,0.0,0.0,0.0,371.0,0.0,0.0,0.0,0.0,3.0
2019-03-02T15:00:00.0,0.0,438.0,0.0,998.0,11670.0,0.0,0.0,0.0,0.0,0.0,0.0,0.0,0.0,0.0,367.0,0.0,0.0,0.0,0.0,3.0
2019-03-02T16:00:00.0,0.0,476.0,0.0,999.0,12662.0,0.0,0.0,0.0,0.0,0.0,0.0,0.0,0.0,0.0,378.0,0.0,0.0,0.0,0.0,3.0
2019-03-02T17:00:00.0,0.0,485.0,0.0,1002.0,14829.0,0.0,0.0,0.0,0.0,0.0,0.0,0.0,0.0,0.0,376.0,0.0,0.0,0.0,0.0,3.0
2019-03-02T18:00:00.0,0.0,498.0,0.0,997.0,15932.0,0.0,0.0,0.0,0.0,0.0,0.0,0.0,0.0,0.0,380.0,0.0,0.0,0.0,0.0,3.0
2019-03-02T19:00:00.0,0.0,534.0,0.0,997.0,14373.0,0.0,0.0,0.0,0.0,0.0,0.0,0.0,0.0,0.0,374.0,0.0,0.0,0.0,0.0,3.0
2019-03-02T20:00:00.0,0.0,561.0,0.0,993.0,12039.0,0.0,0.0,0.0,0.0,0.0,0.0,0.0,0.0,0.0,368.0,0.0,0.0,0.0,0.0,3.0
2019-03-02T21:00:00.0,0.0,597.0,0.0,991.0,10981.0,0.0,0.0,0.0,0.0,0.0,0.0,0.0,0.0,0.0,374.0,0.0,0.0,0.0,0.0,3.0
2019-03-02T22:00:00.0,0.0,610.0,0.0,991.0,10575.0,0.0,0.0,0.0,0.0,0.0,0.0,0.0,0.0,0.0,375.0,0.0,0.0,0.0,0.0,3.0
2019-03-02T23:00:00.0,0.0,668.0,0.0,988.0,9955.0,0.0,0.0,0.0,0.0,0.0,0.0,0.0,0.0,0.0,375.0,0.0,0.0,0.0,0.0,3.0
2019-03-03T00:00:00.0,0.0,765.0,0.0,965.0,9558.0,0.0,0.0,0.0,0.0,0.0,0.0,0.0,0.0,0.0,374.0,0.0,0.0,0.0,0.0,3.0
2019-03-03T01:00:00.0,0.0,874.0,0.0,959.0,9445.0,0.0,0.0,0.0,0.0,0.0,0.0,0.0,0.0,0.0,373.0,0.0,0.0,0.0,0.0,3.0
2019-03-03T02:00:00.0,0.0,928.0,0.0,959.0,9216.0,0.0,0.0,0.0,0.0,0.0,0.0,0.0,0.0,0.0,373.0,0.0,0.0,0.0,0.0,3.0
2019-03-03T03:00:00.0,0.0,941.0,0.0,958.0,9232.0,0.0,0.0,0.0,0.0,0.0,0.0,0.0,0.0,0.0,376.0,0.0,0.0,0.0,0.0,3.0
2019-03-03T04:00:00.0,0.0,913.0,0.0,958.0,9655.0,0.0,0.0,0.0,0.0,0.0,0.0,0.0,0.0,0.0,375.0,0.0,0.0,0.0,0.0,3.0
2019-03-03T05:00:00.0,0.0,922.0,0.0,962.0,9428.0,0.0,0.0,0.0,0.0,0.0,0.0,0.0,0.0,0.0,370.0,0.0,0.0,0.0,0.0,3.0
2019-03-03T06:00:00.0,0.0,935.0,0.0,963.0,9314.0,0.0,0.0,0.0,0.0,0.0,0.0,0.0,0.0,0.0,375.0,0.0,0.0,0.0,0.0,3.0
2019-03-03T07:00:00.0,0.0,952.0,0.0,968.0,10235.0,0.0,0.0,0.0,0.0,0.0,0.0,0.0,0.0,0.0,373.0,0.0,0.0,0.0,0.0,3.0
2019-03-03T08:00:00.0,0.0,964.0,0.0,970.0,10975.0,0.0,0.0,0.0,0.0,0.0,0.0,0.0,0.0,0.0,374.0,0.0,0.0,0.0,0.0,3.0
2019-03-03T09:00:00.0,0.0,980.0,0.0,977.0,11695.0,0.0,0.0,0.0,0.0,0.0,0.0,0.0,0.0,0.0,389.0,0.0,0.0,0.0,0.0,3.0
2019-03-03T10:00:00.0,0.0,972.0,0.0,980.0,11925.0,0.0,0.0,0.0,0.0,0.0,0.0,0.0,0.0,0.0,383.0,0.0,0.0,0.0,0.0,3.0
2019-03-03T11:00:00.0,0.0,952.0,0.0,985.0,11925.0,0.0,0.0,0.0,0.0,0.0,0.0,0.0,0.0,0.0,380.0,0.0,0.0,0.0,0.0,3.0
2019-03-03T12:00:00.0,0.0,917.0,0.0,987.0,11997.0,0.0,0.0,0.0,0.0,0.0,0.0,0.0,0.0,0.0,382.0,0.0,0.0,0.0,0.0,3.0
2019-03-03T13:00:00.0,0.0,902.0,0.0,988.0,11813.0,0.0,0.0,0.0,0.0,0.0,0.0,0.0,0.0,0.0,384.0,0.0,0.0,0.0,0.0,3.0
2019-03-03T14:00:00.0,0.0,880.0,0.0,996.0,11080.0,0.0,0.0,0.0,0.0,0.0,0.0,0.0,0.0,0.0,384.0,0.0,0.0,0.0,0.0,3.0
2019-03-03T15:00:00.0,0.0,867.0,0.0,996.0,10980.0,0.0,0.0,0.0,0.0,0.0,0.0,0.0,0.0,0.0,382.0,0.0,0.0,0.0,0.0,3.0
2019-03-03T16:00:00.0,0.0,786.0,0.0,999.0,11026.0,0.0,0.0,0.0,0.0,0.0,0.0,0.0,0.0,0.0,380.0,0.0,0.0,0.0,0.0,3.0
2019-03-03T17:00:00.0,0.0,743.0,0.0,1005.0,12044.0,0.0,0.0,0.0,0.0,0.0,0.0,0.0,0.0,0.0,383.0,0.0,0.0,0.0,0.0,3.0
2019-03-03T18:00:00.0,0.0,644.0,0.0,1010.0,13362.0,0.0,0.0,0.0,0.0,0.0,0.0,0.0,0.0,0.0,382.0,0.0,0.0,0.0,0.0,3.0
2019-03-03T19:00:00.0,0.0,603.0,0.0,1013.0,13608.0,0.0,0.0,0.0,0.0,0.0,0.0,0.0,0.0,0.0,384.0,0.0,0.0,0.0,0.0,3.0
2019-03-03T20:00:00.0,0.0,622.0,0.0,1015.0,12743.0,0.0,0.0,0.0,0.0,0.0,0.0,0.0,0.0,0.0,384.0,0.0,0.0,0.0,0.0,3.0
2019-03-03T21:00:00.0,0.0,634.0,0.0,1016.0,11919.0,0.0,0.0,0.0,0.0,0.0,0.0,0.0,0.0,0.0,383.0,0.0,0.0,0.0,0.0,3.0
2019-03-03T22:00:00.0,0.0,636.0,0.0,1012.0,11413.0,0.0,0.0,0.0,0.0,0.0,0.0,0.0,0.0,0.0,382.0,0.0,0.0,0.0,0.0,3.0
2019-03-03T23:00:00.0,0.0,580.0,0.0,1009.0,10961.0,0.0,0.0,0.0,0.0,0.0,0.0,0.0,0.0,0.0,383.0,0.0,0.0,0.0,0.0,3.0
2019-03-04T00:00:00.0,0.0,548.0,0.0,989.0,10962.0,0.0,0.0,0.0,0.0,0.0,0.0,0.0,0.0,0.0,368.0,0.0,0.0,0.0,0.0,3.0
2019-03-04T01:00:00.0,0.0,548.0,0.0,979.0,10860.0,0.0,0.0,0.0,0.0,0.0,0.0,0.0,0.0,0.0,370.0,0.0,0.0,0.0,0.0,3.0
2019-03-04T02:00:00.0,0.0,547.0,0.0,981.0,10188.0,0.0,0.0,0.0,0.0,0.0,0.0,0.0,0.0,0.0,369.0,0.0,0.0,0.0,0.0,3.0
2019-03-04T03:00:00.0,0.0,590.0,0.0,977.0,10469.0,0.0,0.0,0.0,0.0,0.0,0.0,0.0,0.0,0.0,368.0,0.0,0.0,0.0,0.0,3.0
2019-03-04T04:00:00.0,0.0,675.0,0.0,976.0,10762.0,0.0,0.0,0.0,0.0,0.0,0.0,0.0,0.0,0.0,371.0,0.0,0.0,0.0,0.0,3.0
2019-03-04T05:00:00.0,0.0,737.0,0.0,977.0,12064.0,0.0,0.0,0.0,0.0,0.0,0.0,0.0,0.0,0.0,368.0,0.0,0.0,0.0,0.0,3.0
2019-03-04T06:00:00.0,0.0,703.0,0.0,975.0,14454.0,0.0,0.0,0.0,0.0,0.0,0.0,0.0,0.0,0.0,368.0,0.0,0.0,0.0,0.0,3.0
2019-03-04T07:00:00.0,0.0,702.0,0.0,987.0,16232.0,0.0,0.0,0.0,0.0,0.0,0.0,0.0,0.0,0.0,372.0,0.0,0.0,0.0,0.0,3.0
2019-03-04T08:00:00.0,0.0,768.0,0.0,985.0,17619.0,0.0,0.0,0.0,0.0,0.0,0.0,0.0,0.0,0.0,378.0,0.0,0.0,0.0,0.0,3.0
2019-03-04T09:00:00.0,0.0,833.0,0.0,993.0,18102.0,0.0,0.0,0.0,0.0,0.0,0.0,0.0,0.0,0.0,384.0,0.0,0.0,0.0,0.0,3.0
2019-03-04T10:00:00.0,0.0,825.0,0.0,992.0,18076.0,0.0,0.0,0.0,0.0,0.0,0.0,0.0,0.0,0.0,385.0,0.0,0.0,0.0,0.0,3.0
2019-03-04T11:00:00.0,0.0,837.0,0.0,1002.0,17272.0,0.0,0.0,0.0,0.0,0.0,0.0,0.0,0.0,0.0,384.0,0.0,0.0,0.0,0.0,3.0
2019-03-04T12:00:00.0,0.0,785.0,0.0,1006.0,15815.0,0.0,0.0,0.0,0.0,0.0,0.0,0.0,0.0,0.0,384.0,0.0,0.0,0.0,0.0,3.0
2019-03-04T13:00:00.0,0.0,720.0,0.0,1007.0,15816.0,0.0,0.0,0.0,0.0,0.0,0.0,0.0,0.0,0.0,382.0,0.0,0.0,0.0,0.0,3.0
2019-03-04T14:00:00.0,0.0,743.0,0.0,1005.0,16227.0,0.0,0.0,0.0,0.0,0.0,0.0,0.0,0.0,0.0,380.0,0.0,0.0,0.0,0.0,3.0
2019-03-04T15:00:00.0,0.0,751.0,0.0,1004.0,16330.0,0.0,0.0,0.0,0.0,0.0,0.0,0.0,0.0,0.0,379.0,0.0,0.0,0.0,0.0,3.0
2019-03-04T16:00:00.0,0.0,756.0,0.0,1002.0,15580.0,0.0,0.0,0.0,0.0,0.0,0.0,0.0,0.0,0.0,386.0,0.0,0.0,0.0,0.0,3.0
2019-03-04T17:00:00.0,0.0,758.0,0.0,998.0,16444.0,0.0,0.0,0.0,0.0,0.0,0.0,0.0,0.0,0.0,384.0,0.0,0.0,0.0,0.0,3.0
2019-03-04T18:00:00.0,0.0,803.0,0.0,997.0,17181.0,0.0,0.0,0.0,0.0,0.0,0.0,0.0,0.0,0.0,387.0,0.0,0.0,0.0,0.0,3.0
2019-03-04T19:00:00.0,0.0,750.0,0.0,995.0,16836.0,0.0,0.0,0.0,0.0,0.0,0.0,0.0,0.0,0.0,390.0,0.0,0.0,0.0,0.0,3.0
2019-03-04T20:00:00.0,0.0,689.0,0.0,999.0,15167.0,0.0,0.0,0.0,0.0,0.0,0.0,0.0,0.0,0.0,386.0,0.0,0.0,0.0,0.0,3.0
2019-03-04T21:00:00.0,0.0,668.0,0.0,994.0,14009.0,0.0,0.0,0.0,0.0,0.0,0.0,0.0,0.0,0.0,392.0,0.0,0.0,0.0,0.0,3.0
2019-03-04T22:00:00.0,0.0,652.0,0.0,991.0,12737.0,0.0,0.0,0.0,0.0,0.0,0.0,0.0,0.0,0.0,387.0,0.0,0.0,0.0,0.0,3.0
2019-03-04T23:00:00.0,0.0,648.0,0.0,984.0,11815.0,0.0,0.0,0.0,0.0,0.0,0.0,0.0,0.0,0.0,391.0,0.0,0.0,0.0,0.0,3.0
2019-03-05T00:00:00.0,0.0,584.0,0.0,993.0,11074.0,0.0,0.0,0.0,0.0,0.0,0.0,0.0,0.0,0.0,375.0,0.0,0.0,0.0,0.0,5.0
2019-03-05T01:00:00.0,0.0,554.0,0.0,986.0,10649.0,0.0,0.0,0.0,0.0,0.0,0.0,0.0,0.0,0.0,369.0,0.0,0.0,0.0,0.0,5.0
2019-03-05T02:00:00.0,0.0,498.0,0.0,988.0,10438.0,0.0,0.0,0.0,0.0,0.0,0.0,0.0,0.0,0.0,370.0,0.0,0.0,0.0,0.0,5.0
2019-03-05T03:00:00.0,0.0,520.0,0.0,985.0,10424.0,0.0,0.0,0.0,0.0,0.0,0.0,0.0,0.0,0.0,372.0,0.0,0.0,0.0,0.0,5.0
2019-03-05T04:00:00.0,0.0,523.0,0.0,984.0,11043.0,0.0,0.0,0.0,0.0,0.0,0.0,0.0,0.0,0.0,377.0,0.0,0.0,0.0,0.0,5.0
2019-03-05T05:00:00.0,0.0,523.0,0.0,986.0,11670.0,0.0,0.0,0.0,0.0,0.0,0.0,0.0,0.0,0.0,376.0,0.0,0.0,0.0,0.0,5.0
2019-03-05T06:00:00.0,0.0,572.0,0.0,989.0,13519.0,0.0,0.0,0.0,0.0,0.0,0.0,0.0,0.0,0.0,373.0,0.0,0.0,0.0,0.0,5.0
2019-03-05T07:00:00.0,0.0,531.0,0.0,996.0,17021.0,0.0,0.0,0.0,0.0,0.0,0.0,0.0,0.0,0.0,375.0,0.0,0.0,0.0,0.0,5.0
2019-03-05T08:00:00.0,0.0,531.0,0.0,1010.0,18171.0,0.0,0.0,0.0,0.0,0.0,0.0,0.0,0.0,0.0,375.0,0.0,0.0,0.0,0.0,5.0
2019-03-05T09:00:00.0,0.0,473.0,0.0,1014.0,18273.0,0.0,0.0,0.0,0.0,0.0,0.0,0.0,0.0,0.0,373.0,0.0,0.0,0.0,0.0,5.0
2019-03-05T10:00:00.0,0.0,447.0,0.0,1017.0,18485.0,0.0,0.0,0.0,0.0,0.0,0.0,0.0,0.0,0.0,375.0,0.0,0.0,0.0,0.0,5.0
2019-03-05T11:00:00.0,0.0,499.0,0.0,1018.0,17847.0,0.0,0.0,0.0,0.0,0.0,0.0,0.0,0.0,0.0,375.0,0.0,0.0,0.0,0.0,5.0
2019-03-05T12:00:00.0,0.0,499.0,0.0,1009.0,17077.0,0.0,0.0,0.0,0.0,0.0,0.0,0.0,0.0,0.0,374.0,0.0,0.0,0.0,0.0,5.0
2019-03-05T13:00:00.0,0.0,528.0,0.0,1012.0,16739.0,0.0,0.0,0.0,0.0,0.0,0.0,0.0,0.0,0.0,355.0,0.0,0.0,0.0,0.0,5.0
2019-03-05T14:00:00.0,0.0,534.0,0.0,1013.0,17008.0,0.0,0.0,0.0,0.0,0.0,0.0,0.0,0.0,0.0,361.0,0.0,0.0,0.0,0.0,4.0
2019-03-05T15:00:00.0,0.0,529.0,0.0,1012.0,17586.0,0.0,0.0,0.0,0.0,0.0,0.0,0.0,0.0,0.0,359.0,0.0,0.0,0.0,0.0,4.0
2019-03-05T16:00:00.0,0.0,673.0,0.0,1012.0,19227.0,0.0,0.0,0.0,0.0,0.0,0.0,0.0,0.0,0.0,359.0,0.0,0.0,0.0,0.0,4.0
2019-03-05T17:00:00.0,0.0,642.0,0.0,1015.0,20882.0,0.0,0.0,0.0,0.0,0.0,0.0,0.0,0.0,0.0,360.0,0.0,0.0,0.0,0.0,4.0
2019-03-05T18:00:00.0,0.0,631.0,0.0,1014.0,21757.0,0.0,0.0,0.0,0.0,0.0,0.0,0.0,0.0,0.0,362.0,0.0,0.0,0.0,0.0,4.0
2019-03-05T19:00:00.0,0.0,611.0,0.0,1011.0,21608.0,0.0,0.0,0.0,0.0,0.0,0.0,0.0,0.0,0.0,360.0,0.0,0.0,0.0,0.0,4.0
2019-03-05T20:00:00.0,0.0,599.0,0.0,1011.0,21009.0,0.0,0.0,0.0,0.0,0.0,0.0,0.0,0.0,0.0,357.0,0.0,0.0,0.0,0.0,4.0
2019-03-05T21:00:00.0,0.0,614.0,0.0,1011.0,19608.0,0.0,0.0,0.0,0.0,0.0,0.0,0.0,0.0,0.0,355.0,0.0,0.0,0.0,0.0,4.0
2019-03-05T22:00:00.0,0.0,605.0,0.0,1004.0,17029.0,0.0,0.0,0.0,0.0,0.0,0.0,0.0,0.0,0.0,352.0,0.0,0.0,0.0,0.0,4.0
2019-03-05T23:00:00.0,0.0,590.0,0.0,997.0,14509.0,0.0,0.0,0.0,0.0,0.0,0.0,0.0,0.0,0.0,351.0,0.0,0.0,0.0,0.0,4.0
2019-03-06T00:00:00.0,0.0,627.0,0.0,1001.0,13444.0,0.0,0.0,0.0,0.0,0.0,0.0,0.0,0.0,0.0,351.0,0.0,0.0,0.0,0.0,3.0
2019-03-06T01:00:00.0,0.0,711.0,0.0,1005.0,12849.0,0.0,0.0,0.0,0.0,0.0,0.0,0.0,0.0,0.0,354.0,0.0,0.0,0.0,0.0,3.0
2019-03-06T02:00:00.0,0.0,689.0,0.0,1007.0,12440.0,0.0,0.0,0.0,0.0,0.0,0.0,0.0,0.0,0.0,355.0,0.0,0.0,0.0,0.0,3.0
2019-03-06T03:00:00.0,0.0,688.0,0.0,1006.0,12526.0,0.0,0.0,0.0,0.0,0.0,0.0,0.0,0.0,0.0,356.0,0.0,0.0,0.0,0.0,3.0
2019-03-06T04:00:00.0,0.0,612.0,0.0,1009.0,14093.0,0.0,0.0,0.0,0.0,0.0,0.0,0.0,0.0,0.0,358.0,0.0,0.0,0.0,0.0,3.0
2019-03-06T05:00:00.0,0.0,678.0,0.0,1008.0,15941.0,0.0,0.0,0.0,0.0,0.0,0.0,0.0,0.0,0.0,357.0,0.0,0.0,0.0,0.0,3.0
2019-03-06T06:00:00.0,0.0,671.0,0.0,1007.0,17775.0,0.0,0.0,0.0,0.0,0.0,0.0,0.0,0.0,0.0,356.0,0.0,0.0,0.0,0.0,3.0
2019-03-06T07:00:00.0,0.0,672.0,0.0,1014.0,20044.0,0.0,0.0,0.0,0.0,0.0,0.0,0.0,0.0,0.0,362.0,0.0,0.0,0.0,0.0,3.0
2019-03-06T08:00:00.0,0.0,684.0,0.0,1016.0,20944.0,0.0,0.0,0.0,0.0,0.0,0.0,0.0,0.0,0.0,358.0,0.0,0.0,0.0,0.0,3.0
2019-03-06T09:00:00.0,0.0,695.0,0.0,982.0,21343.0,0.0,0.0,0.0,0.0,0.0,0.0,0.0,0.0,0.0,363.0,0.0,0.0,0.0,0.0,3.0
2019-03-06T10:00:00.0,0.0,679.0,0.0,994.0,20869.0,0.0,0.0,0.0,0.0,0.0,0.0,0.0,0.0,0.0,359.0,0.0,0.0,0.0,0.0,3.0
2019-03-06T11:00:00.0,0.0,642.0,0.0,992.0,20193.0,0.0,0.0,0.0,0.0,0.0,0.0,0.0,0.0,0.0,358.0,0.0,0.0,0.0,0.0,3.0
2019-03-06T12:00:00.0,0.0,640.0,0.0,994.0,18916.0,0.0,0.0,0.0,0.0,0.0,0.0,0.0,0.0,0.0,357.0,0.0,0.0,0.0,0.0,3.0
2019-03-06T13:00:00.0,0.0,739.0,0.0,993.0,18132.0,0.0,0.0,0.0,0.0,0.0,0.0,0.0,0.0,0.0,360.0,0.0,0.0,0.0,0.0,3.0
2019-03-06T14:00:00.0,0.0,761.0,0.0,996.0,18029.0,0.0,0.0,0.0,0.0,0.0,0.0,0.0,0.0,0.0,356.0,0.0,0.0,0.0,0.0,3.0
2019-03-06T15:00:00.0,0.0,808.0,0.0,996.0,17709.0,0.0,0.0,0.0,0.0,0.0,0.0,0.0,0.0,0.0,362.0,0.0,0.0,0.0,0.0,3.0
2019-03-06T16:00:00.0,0.0,858.0,0.0,983.0,17557.0,0.0,0.0,0.0,0.0,0.0,0.0,0.0,0.0,0.0,333.0,0.0,0.0,0.0,0.0,3.0
2019-03-06T17:00:00.0,0.0,876.0,0.0,971.0,17967.0,0.0,0.0,0.0,0.0,0.0,0.0,0.0,0.0,0.0,358.0,0.0,0.0,0.0,0.0,3.0
2019-03-06T18:00:00.0,0.0,883.0,0.0,975.0,18118.0,0.0,0.0,0.0,0.0,0.0,0.0,0.0,0.0,0.0,356.0,0.0,0.0,0.0,0.0,3.0
2019-03-06T19:00:00.0,0.0,975.0,0.0,974.0,16996.0,0.0,0.0,0.0,0.0,0.0,0.0,0.0,0.0,0.0,357.0,0.0,0.0,0.0,0.0,3.0
2019-03-06T20:00:00.0,0.0,911.0,0.0,1014.0,15471.0,0.0,0.0,0.0,0.0,0.0,0.0,0.0,0.0,0.0,357.0,0.0,0.0,0.0,0.0,3.0
2019-03-06T21:00:00.0,0.0,844.0,0.0,1011.0,13541.0,0.0,0.0,0.0,0.0,0.0,0.0,0.0,0.0,0.0,356.0,0.0,0.0,0.0,0.0,3.0
2019-03-06T22:00:00.0,0.0,817.0,0.0,1005.0,12523.0,0.0,0.0,0.0,0.0,0.0,0.0,0.0,0.0,0.0,354.0,0.0,0.0,0.0,0.0,3.0
2019-03-06T23:00:00.0,0.0,882.0,0.0,1003.0,11788.0,0.0,0.0,0.0,0.0,0.0,0.0,0.0,0.0,0.0,357.0,0.0,0.0,0.0,0.0,3.0
2019-03-07T00:00:00.0,0.0,765.0,0.0,1001.0,10832.0,0.0,0.0,0.0,0.0,0.0,0.0,0.0,0.0,0.0,372.0,0.0,0.0,0.0,0.0,3.0
2019-03-07T01:00:00.0,0.0,835.0,0.0,999.0,10348.0,0.0,0.0,0.0,0.0,0.0,0.0,0.0,0.0,0.0,372.0,0.0,0.0,0.0,0.0,3.0
2019-03-07T02:00:00.0,0.0,838.0,0.0,1001.0,10234.0,0.0,0.0,0.0,0.0,0.0,0.0,0.0,0.0,0.0,372.0,0.0,0.0,0.0,0.0,3.0
2019-03-07T03:00:00.0,0.0,853.0,0.0,999.0,10147.0,0.0,0.0,0.0,0.0,0.0,0.0,0.0,0.0,0.0,375.0,0.0,0.0,0.0,0.0,3.0
2019-03-07T04:00:00.0,0.0,859.0,0.0,997.0,10285.0,0.0,0.0,0.0,0.0,0.0,0.0,0.0,0.0,0.0,373.0,0.0,0.0,0.0,0.0,3.0
2019-03-07T05:00:00.0,0.0,871.0,0.0,1003.0,12074.0,0.0,0.0,0.0,0.0,0.0,0.0,0.0,0.0,0.0,371.0,0.0,0.0,0.0,0.0,3.0
2019-03-07T06:00:00.0,0.0,864.0,0.0,1003.0,14955.0,0.0,0.0,0.0,0.0,0.0,0.0,0.0,0.0,0.0,370.0,0.0,0.0,0.0,0.0,3.0
2019-03-07T07:00:00.0,0.0,928.0,0.0,990.0,18190.0,0.0,0.0,0.0,0.0,0.0,0.0,0.0,0.0,0.0,368.0,0.0,0.0,0.0,0.0,3.0
2019-03-07T08:00:00.0,0.0,892.0,0.0,970.0,19546.0,0.0,0.0,0.0,0.0,0.0,0.0,0.0,0.0,0.0,354.0,0.0,0.0,0.0,0.0,3.0
2019-03-07T09:00:00.0,0.0,787.0,0.0,974.0,19446.0,0.0,0.0,0.0,0.0,0.0,0.0,0.0,0.0,0.0,349.0,0.0,0.0,0.0,0.0,3.0
2019-03-07T10:00:00.0,0.0,585.0,0.0,972.0,18940.0,0.0,0.0,0.0,0.0,0.0,0.0,0.0,0.0,0.0,359.0,0.0,0.0,0.0,0.0,3.0
2019-03-07T11:00:00.0,0.0,497.0,0.0,1013.0,18300.0,0.0,0.0,0.0,0.0,0.0,0.0,0.0,0.0,0.0,355.0,0.0,0.0,0.0,0.0,3.0
2019-03-07T12:00:00.0,0.0,492.0,0.0,994.0,17365.0,0.0,0.0,0.0,0.0,0.0,0.0,0.0,0.0,0.0,354.0,0.0,0.0,0.0,0.0,3.0
2019-03-07T13:00:00.0,0.0,527.0,0.0,1011.0,16395.0,0.0,0.0,0.0,0.0,0.0,0.0,0.0,0.0,0.0,353.0,0.0,0.0,0.0,0.0,3.0
2019-03-07T14:00:00.0,0.0,469.0,0.0,1016.0,15653.0,0.0,0.0,0.0,0.0,0.0,0.0,0.0,0.0,0.0,349.0,0.0,0.0,0.0,0.0,3.0
2019-03-07T15:00:00.0,0.0,374.0,0.0,1017.0,15044.0,0.0,0.0,0.0,0.0,0.0,0.0,0.0,0.0,0.0,350.0,0.0,0.0,0.0,0.0,3.0
2019-03-07T16:00:00.0,0.0,388.0,0.0,1020.0,14715.0,0.0,0.0,0.0,0.0,0.0,0.0,0.0,0.0,0.0,352.0,0.0,0.0,0.0,0.0,3.0
2019-03-07T17:00:00.0,0.0,442.0,0.0,1021.0,15541.0,0.0,0.0,0.0,0.0,0.0,0.0,0.0,0.0,0.0,358.0,0.0,0.0,0.0,0.0,3.0
2019-03-07T18:00:00.0,0.0,365.0,0.0,1020.0,15854.0,0.0,0.0,0.0,0.0,0.0,0.0,0.0,0.0,0.0,358.0,0.0,0.0,0.0,0.0,3.0
2019-03-07T19:00:00.0,0.0,363.0,0.0,1022.0,15428.0,0.0,0.0,0.0,0.0,0.0,0.0,0.0,0.0,0.0,364.0,0.0,0.0,0.0,0.0,3.0
2019-03-07T20:00:00.0,0.0,216.0,0.0,1021.0,13135.0,0.0,0.0,0.0,0.0,0.0,0.0,0.0,0.0,0.0,364.0,0.0,0.0,0.0,0.0,3.0
2019-03-07T21:00:00.0,0.0,257.0,0.0,1021.0,12304.0,0.0,0.0,0.0,0.0,0.0,0.0,0.0,0.0,0.0,366.0,0.0,0.0,0.0,0.0,3.0
2019-03-07T22:00:00.0,0.0,308.0,0.0,1016.0,11568.0,0.0,0.0,0.0,0.0,0.0,0.0,0.0,0.0,0.0,365.0,0.0,0.0,0.0,0.0,3.0
2019-03-07T23:00:00.0,0.0,248.0,0.0,1018.0,11020.0,0.0,0.0,0.0,0.0,0.0,0.0,0.0,0.0,0.0,368.0,0.0,0.0,0.0,0.0,3.0
2019-03-08T00:00:00.0,0.0,419.0,0.0,1016.0,10687.0,0.0,0.0,0.0,0.0,0.0,0.0,0.0,0.0,0.0,370.0,0.0,0.0,0.0,0.0,3.0
2019-03-08T01:00:00.0,0.0,517.0,0.0,1014.0,10305.0,0.0,0.0,0.0,0.0,0.0,0.0,0.0,0.0,0.0,372.0,0.0,0.0,0.0,0.0,3.0
2019-03-08T02:00:00.0,0.0,629.0,0.0,1014.0,9988.0,0.0,0.0,0.0,0.0,0.0,0.0,0.0,0.0,0.0,370.0,0.0,0.0,0.0,0.0,3.0
2019-03-08T03:00:00.0,0.0,749.0,0.0,1015.0,9841.0,0.0,0.0,0.0,0.0,0.0,0.0,0.0,0.0,0.0,373.0,0.0,0.0,0.0,0.0,3.0
2019-03-08T04:00:00.0,0.0,815.0,0.0,1016.0,9857.0,0.0,0.0,0.0,0.0,0.0,0.0,0.0,0.0,0.0,367.0,0.0,0.0,0.0,0.0,3.0
2019-03-08T05:00:00.0,0.0,879.0,0.0,1016.0,10377.0,0.0,0.0,0.0,0.0,0.0,0.0,0.0,0.0,0.0,370.0,0.0,0.0,0.0,0.0,3.0
2019-03-08T06:00:00.0,0.0,781.0,0.0,1011.0,11792.0,0.0,0.0,0.0,0.0,0.0,0.0,0.0,0.0,0.0,370.0,0.0,0.0,0.0,0.0,3.0
2019-03-08T07:00:00.0,0.0,807.0,0.0,1015.0,13534.0,0.0,0.0,0.0,0.0,0.0,0.0,0.0,0.0,0.0,369.0,0.0,0.0,0.0,0.0,3.0
2019-03-08T08:00:00.0,0.0,798.0,0.0,1016.0,14363.0,0.0,0.0,0.0,0.0,0.0,0.0,0.0,0.0,0.0,367.0,0.0,0.0,0.0,0.0,3.0
2019-03-08T09:00:00.0,0.0,757.0,0.0,1032.0,14183.0,0.0,0.0,0.0,0.0,0.0,0.0,0.0,0.0,0.0,370.0,0.0,0.0,0.0,0.0,3.0
2019-03-08T10:00:00.0,0.0,805.0,0.0,1035.0,13913.0,0.0,0.0,0.0,0.0,0.0,0.0,0.0,0.0,0.0,371.0,0.0,0.0,0.0,0.0,3.0
2019-03-08T11:00:00.0,0.0,757.0,0.0,1039.0,13419.0,0.0,0.0,0.0,0.0,0.0,0.0,0.0,0.0,0.0,371.0,0.0,0.0,0.0,0.0,3.0
2019-03-08T12:00:00.0,0.0,776.0,0.0,1038.0,12645.0,0.0,0.0,0.0,0.0,0.0,0.0,0.0,0.0,0.0,362.0,0.0,0.0,0.0,0.0,3.0
2019-03-08T13:00:00.0,0.0,792.0,0.0,1037.0,11973.0,0.0,0.0,0.0,0.0,0.0,0.0,0.0,0.0,0.0,362.0,0.0,0.0,0.0,0.0,3.0
2019-03-08T14:00:00.0,0.0,783.0,0.0,1030.0,11589.0,0.0,0.0,0.0,0.0,0.0,0.0,0.0,0.0,0.0,367.0,0.0,0.0,0.0,0.0,3.0
2019-03-08T15:00:00.0,0.0,780.0,0.0,1027.0,11441.0,0.0,0.0,0.0,0.0,0.0,0.0,0.0,0.0,0.0,362.0,0.0,0.0,0.0,0.0,3.0
2019-03-08T16:00:00.0,0.0,745.0,0.0,1014.0,12037.0,0.0,0.0,0.0,0.0,0.0,0.0,0.0,0.0,0.0,359.0,0.0,0.0,0.0,0.0,3.0
2019-03-08T17:00:00.0,0.0,664.0,0.0,1010.0,13214.0,0.0,0.0,0.0,0.0,0.0,0.0,0.0,0.0,0.0,363.0,0.0,0.0,0.0,0.0,3.0
2019-03-08T18:00:00.0,0.0,607.0,0.0,1009.0,14639.0,0.0,0.0,0.0,0.0,0.0,0.0,0.0,0.0,0.0,367.0,0.0,0.0,0.0,0.0,3.0
2019-03-08T19:00:00.0,0.0,515.0,0.0,1005.0,14906.0,0.0,0.0,0.0,0.0,0.0,0.0,0.0,0.0,0.0,364.0,0.0,0.0,0.0,0.0,3.0
2019-03-08T20:00:00.0,0.0,464.0,0.0,996.0,14180.0,0.0,0.0,0.0,0.0,0.0,0.0,0.0,0.0,0.0,370.0,0.0,0.0,0.0,0.0,3.0
2019-03-08T21:00:00.0,0.0,495.0,0.0,993.0,12788.0,0.0,0.0,0.0,0.0,0.0,0.0,0.0,0.0,0.0,365.0,0.0,0.0,0.0,0.0,3.0
2019-03-08T22:00:00.0,0.0,382.0,0.0,986.0,11715.0,0.0,0.0,0.0,0.0,0.0,0.0,0.0,0.0,0.0,367.0,0.0,0.0,0.0,0.0,3.0
2019-03-08T23:00:00.0,0.0,395.0,0.0,987.0,11447.0,0.0,0.0,0.0,0.0,0.0,0.0,0.0,0.0,0.0,363.0,0.0,0.0,0.0,0.0,3.0
2019-03-09T00:00:00.0,0.0,540.0,0.0,984.0,10873.0,0.0,0.0,0.0,0.0,0.0,0.0,0.0,0.0,0.0,368.0,0.0,0.0,0.0,0.0,3.0
2019-03-09T01:00:00.0,0.0,591.0,0.0,983.0,10773.0,0.0,0.0,0.0,0.0,0.0,0.0,0.0,0.0,0.0,367.0,0.0,0.0,0.0,0.0,3.0
2019-03-09T02:00:00.0,0.0,610.0,0.0,979.0,10502.0,0.0,0.0,0.0,0.0,0.0,0.0,0.0,0.0,0.0,367.0,0.0,0.0,0.0,0.0,3.0
2019-03-09T03:00:00.0,0.0,560.0,0.0,978.0,10342.0,0.0,0.0,0.0,0.0,0.0,0.0,0.0,0.0,0.0,367.0,0.0,0.0,0.0,0.0,3.0
2019-03-09T04:00:00.0,0.0,466.0,0.0,977.0,10471.0,0.0,0.0,0.0,0.0,0.0,0.0,0.0,0.0,0.0,367.0,0.0,0.0,0.0,0.0,3.0
2019-03-09T05:00:00.0,0.0,441.0,0.0,976.0,10661.0,0.0,0.0,0.0,0.0,0.0,0.0,0.0,0.0,0.0,367.0,0.0,0.0,0.0,0.0,3.0
2019-03-09T06:00:00.0,0.0,416.0,0.0,975.0,11071.0,0.0,0.0,0.0,0.0,0.0,0.0,0.0,0.0,0.0,364.0,0.0,0.0,0.0,0.0,3.0
2019-03-09T07:00:00.0,0.0,568.0,0.0,975.0,11473.0,0.0,0.0,0.0,0.0,0.0,0.0,0.0,0.0,0.0,367.0,0.0,0.0,0.0,0.0,3.0
2019-03-09T08:00:00.0,0.0,369.0,0.0,976.0,12435.0,0.0,0.0,0.0,0.0,0.0,0.0,0.0,0.0,0.0,364.0,0.0,0.0,0.0,0.0,3.0
2019-03-09T09:00:00.0,0.0,388.0,0.0,979.0,13381.0,0.0,0.0,0.0,0.0,0.0,0.0,0.0,0.0,0.0,364.0,0.0,0.0,0.0,0.0,3.0
2019-03-09T10:00:00.0,0.0,371.0,0.0,977.0,13710.0,0.0,0.0,0.0,0.0,0.0,0.0,0.0,0.0,0.0,362.0,0.0,0.0,0.0,0.0,3.0
2019-03-09T11:00:00.0,0.0,396.0,0.0,978.0,12723.0,0.0,0.0,0.0,0.0,0.0,0.0,0.0,0.0,0.0,368.0,0.0,0.0,0.0,0.0,3.0
2019-03-09T12:00:00.0,0.0,403.0,0.0,977.0,12064.0,0.0,0.0,0.0,0.0,0.0,0.0,0.0,0.0,0.0,370.0,0.0,0.0,0.0,0.0,3.0
2019-03-09T13:00:00.0,0.0,394.0,0.0,977.0,12149.0,0.0,0.0,0.0,0.0,0.0,0.0,0.0,0.0,0.0,371.0,0.0,0.0,0.0,0.0,3.0
2019-03-09T14:00:00.0,0.0,427.0,0.0,975.0,12227.0,0.0,0.0,0.0,0.0,0.0,0.0,0.0,0.0,0.0,368.0,0.0,0.0,0.0,0.0,3.0
2019-03-09T15:00:00.0,0.0,472.0,0.0,976.0,12182.0,0.0,0.0,0.0,0.0,0.0,0.0,0.0,0.0,0.0,368.0,0.0,0.0,0.0,0.0,3.0
2019-03-09T16:00:00.0,0.0,527.0,0.0,979.0,12339.0,0.0,0.0,0.0,0.0,0.0,0.0,0.0,0.0,0.0,369.0,0.0,0.0,0.0,0.0,3.0
2019-03-09T17:00:00.0,0.0,576.0,0.0,981.0,12976.0,0.0,0.0,0.0,0.0,0.0,0.0,0.0,0.0,0.0,366.0,0.0,0.0,0.0,0.0,3.0
2019-03-09T18:00:00.0,0.0,575.0,0.0,984.0,13877.0,0.0,0.0,0.0,0.0,0.0,0.0,0.0,0.0,0.0,371.0,0.0,0.0,0.0,0.0,3.0
2019-03-09T19:00:00.0,0.0,677.0,0.0,983.0,13701.0,0.0,0.0,0.0,0.0,0.0,0.0,0.0,0.0,0.0,368.0,0.0,0.0,0.0,0.0,3.0
2019-03-09T20:00:00.0,0.0,734.0,0.0,982.0,13071.0,0.0,0.0,0.0,0.0,0.0,0.0,0.0,0.0,0.0,368.0,0.0,0.0,0.0,0.0,3.0
2019-03-09T21:00:00.0,0.0,694.0,0.0,981.0,13351.0,0.0,0.0,0.0,0.0,0.0,0.0,0.0,0.0,0.0,366.0,0.0,0.0,0.0,0.0,3.0
2019-03-09T22:00:00.0,0.0,702.0,0.0,979.0,13002.0,0.0,0.0,0.0,0.0,0.0,0.0,0.0,0.0,0.0,368.0,0.0,0.0,0.0,0.0,3.0
2019-03-09T23:00:00.0,0.0,656.0,0.0,978.0,12495.0,0.0,0.0,0.0,0.0,0.0,0.0,0.0,0.0,0.0,369.0,0.0,0.0,0.0,0.0,3.0
2019-03-10T00:00:00.0,0.0,712.0,0.0,941.0,12114.0,0.0,0.0,0.0,0.0,0.0,0.0,0.0,0.0,0.0,369.0,0.0,0.0,0.0,0.0,3.0
2019-03-10T01:00:00.0,0.0,702.0,0.0,933.0,12301.0,0.0,0.0,0.0,0.0,0.0,0.0,0.0,0.0,0.0,369.0,0.0,0.0,0.0,0.0,3.0
2019-03-10T02:00:00.0,0.0,684.0,0.0,928.0,12248.0,0.0,0.0,0.0,0.0,0.0,0.0,0.0,0.0,0.0,367.0,0.0,0.0,0.0,0.0,3.0
2019-03-10T03:00:00.0,0.0,640.0,0.0,924.0,12070.0,0.0,0.0,0.0,0.0,0.0,0.0,0.0,0.0,0.0,367.0,0.0,0.0,0.0,0.0,3.0
2019-03-10T04:00:00.0,0.0,581.0,0.0,922.0,12138.0,0.0,0.0,0.0,0.0,0.0,0.0,0.0,0.0,0.0,366.0,0.0,0.0,0.0,0.0,3.0
2019-03-10T05:00:00.0,0.0,480.0,0.0,922.0,11933.0,0.0,0.0,0.0,0.0,0.0,0.0,0.0,0.0,0.0,366.0,0.0,0.0,0.0,0.0,3.0
2019-03-10T06:00:00.0,0.0,387.0,0.0,920.0,11725.0,0.0,0.0,0.0,0.0,0.0,0.0,0.0,0.0,0.0,365.0,0.0,0.0,0.0,0.0,3.0
2019-03-10T07:00:00.0,0.0,313.0,0.0,911.0,11732.0,0.0,0.0,0.0,0.0,0.0,0.0,0.0,0.0,0.0,361.0,0.0,0.0,0.0,0.0,3.0
2019-03-10T08:00:00.0,0.0,276.0,0.0,905.0,12163.0,0.0,0.0,0.0,0.0,0.0,0.0,0.0,0.0,0.0,363.0,0.0,0.0,0.0,0.0,3.0
2019-03-10T09:00:00.0,0.0,205.0,0.0,902.0,12727.0,0.0,0.0,0.0,0.0,0.0,0.0,0.0,0.0,0.0,362.0,0.0,0.0,0.0,0.0,3.0
2019-03-10T10:00:00.0,0.0,182.0,0.0,900.0,12233.0,0.0,0.0,0.0,0.0,0.0,0.0,0.0,0.0,0.0,351.0,0.0,0.0,0.0,0.0,3.0
2019-03-10T11:00:00.0,0.0,163.0,0.0,900.0,12183.0,0.0,0.0,0.0,0.0,0.0,0.0,0.0,0.0,0.0,349.0,0.0,0.0,0.0,0.0,3.0
2019-03-10T12:00:00.0,0.0,144.0,0.0,897.0,11906.0,0.0,0.0,0.0,0.0,0.0,0.0,0.0,0.0,0.0,353.0,0.0,0.0,0.0,0.0,3.0
2019-03-10T13:00:00.0,0.0,126.0,0.0,898.0,11587.0,0.0,0.0,0.0,0.0,0.0,0.0,0.0,0.0,0.0,352.0,0.0,0.0,0.0,0.0,3.0
2019-03-10T14:00:00.0,0.0,147.0,0.0,898.0,11704.0,0.0,0.0,0.0,0.0,0.0,0.0,0.0,0.0,0.0,342.0,0.0,0.0,0.0,0.0,3.0
2019-03-10T15:00:00.0,0.0,117.0,0.0,897.0,11640.0,0.0,0.0,0.0,0.0,0.0,0.0,0.0,0.0,0.0,344.0,0.0,0.0,0.0,0.0,3.0
2019-03-10T16:00:00.0,0.0,130.0,0.0,896.0,11642.0,0.0,0.0,0.0,0.0,0.0,0.0,0.0,0.0,0.0,353.0,0.0,0.0,0.0,0.0,3.0
2019-03-10T17:00:00.0,0.0,147.0,0.0,896.0,12564.0,0.0,0.0,0.0,0.0,0.0,0.0,0.0,0.0,0.0,355.0,0.0,0.0,0.0,0.0,3.0
2019-03-10T18:00:00.0,0.0,194.0,0.0,896.0,13995.0,0.0,0.0,0.0,0.0,0.0,0.0,0.0,0.0,0.0,357.0,0.0,0.0,0.0,0.0,3.0
2019-03-10T19:00:00.0,0.0,155.0,0.0,893.0,13603.0,0.0,0.0,0.0,0.0,0.0,0.0,0.0,0.0,0.0,364.0,0.0,0.0,0.0,0.0,3.0
2019-03-10T20:00:00.0,0.0,104.0,0.0,892.0,12466.0,0.0,0.0,0.0,0.0,0.0,0.0,0.0,0.0,0.0,363.0,0.0,0.0,0.0,0.0,3.0
2019-03-10T21:00:00.0,0.0,114.0,0.0,872.0,12261.0,0.0,0.0,0.0,0.0,0.0,0.0,0.0,0.0,0.0,366.0,0.0,0.0,0.0,0.0,3.0
2019-03-10T22:00:00.0,0.0,120.0,0.0,872.0,12123.0,0.0,0.0,0.0,0.0,0.0,0.0,0.0,0.0,0.0,359.0,0.0,0.0,0.0,0.0,3.0
2019-03-10T23:00:00.0,0.0,110.0,0.0,871.0,11573.0,0.0,0.0,0.0,0.0,0.0,0.0,0.0,0.0,0.0,354.0,0.0,0.0,0.0,0.0,3.0
2019-03-11T00:00:00.0,0.0,121.0,0.0,856.0,11363.0,0.0,0.0,0.0,0.0,0.0,0.0,0.0,0.0,0.0,358.0,0.0,0.0,0.0,0.0,3.0
2019-03-11T01:00:00.0,0.0,140.0,0.0,855.0,10826.0,0.0,0.0,0.0,0.0,0.0,0.0,0.0,0.0,0.0,358.0,0.0,0.0,0.0,0.0,3.0
2019-03-11T02:00:00.0,0.0,142.0,0.0,856.0,10959.0,0.0,0.0,0.0,0.0,0.0,0.0,0.0,0.0,0.0,359.0,0.0,0.0,0.0,0.0,3.0
2019-03-11T03:00:00.0,0.0,185.0,0.0,855.0,10839.0,0.0,0.0,0.0,0.0,0.0,0.0,0.0,0.0,0.0,357.0,0.0,0.0,0.0,0.0,3.0
2019-03-11T04:00:00.0,0.0,205.0,0.0,855.0,11082.0,0.0,0.0,0.0,0.0,0.0,0.0,0.0,0.0,0.0,357.0,0.0,0.0,0.0,0.0,3.0
2019-03-11T05:00:00.0,0.0,218.0,0.0,855.0,13168.0,0.0,0.0,0.0,0.0,0.0,0.0,0.0,0.0,0.0,359.0,0.0,0.0,0.0,0.0,3.0
2019-03-11T06:00:00.0,0.0,222.0,0.0,854.0,16606.0,0.0,0.0,0.0,0.0,0.0,0.0,0.0,0.0,0.0,363.0,0.0,0.0,0.0,0.0,3.0
2019-03-11T07:00:00.0,0.0,224.0,0.0,872.0,19930.0,0.0,0.0,0.0,0.0,0.0,0.0,0.0,0.0,0.0,354.0,0.0,0.0,0.0,0.0,3.0
2019-03-11T08:00:00.0,0.0,201.0,0.0,876.0,20629.0,0.0,0.0,0.0,0.0,0.0,0.0,0.0,0.0,0.0,358.0,0.0,0.0,0.0,0.0,3.0
2019-03-11T09:00:00.0,0.0,210.0,0.0,883.0,20107.0,0.0,0.0,0.0,0.0,0.0,0.0,0.0,0.0,0.0,358.0,0.0,0.0,0.0,0.0,3.0
2019-03-11T10:00:00.0,0.0,238.0,0.0,896.0,19535.0,0.0,0.0,0.0,0.0,0.0,0.0,0.0,0.0,0.0,356.0,0.0,0.0,0.0,0.0,3.0
2019-03-11T11:00:00.0,0.0,258.0,0.0,900.0,17951.0,0.0,0.0,0.0,0.0,0.0,0.0,0.0,0.0,0.0,347.0,0.0,0.0,0.0,0.0,3.0
2019-03-11T12:00:00.0,0.0,291.0,0.0,900.0,17006.0,0.0,0.0,0.0,0.0,0.0,0.0,0.0,0.0,0.0,356.0,0.0,0.0,0.0,0.0,3.0
2019-03-11T13:00:00.0,0.0,316.0,0.0,902.0,16063.0,0.0,0.0,0.0,0.0,0.0,0.0,0.0,0.0,0.0,335.0,0.0,0.0,0.0,0.0,3.0
2019-03-11T14:00:00.0,0.0,344.0,0.0,902.0,15283.0,0.0,0.0,0.0,0.0,0.0,0.0,0.0,0.0,0.0,339.0,0.0,0.0,0.0,0.0,3.0
2019-03-11T15:00:00.0,0.0,309.0,0.0,902.0,14640.0,0.0,0.0,0.0,0.0,0.0,0.0,0.0,0.0,0.0,276.0,0.0,0.0,0.0,0.0,3.0
2019-03-11T16:00:00.0,0.0,379.0,0.0,904.0,15130.0,0.0,0.0,0.0,0.0,0.0,0.0,0.0,0.0,0.0,279.0,0.0,0.0,0.0,0.0,3.0
2019-03-11T17:00:00.0,0.0,338.0,0.0,903.0,17366.0,0.0,0.0,0.0,0.0,0.0,0.0,0.0,0.0,0.0,277.0,0.0,0.0,0.0,0.0,3.0
2019-03-11T18:00:00.0,0.0,286.0,0.0,904.0,20137.0,0.0,0.0,0.0,0.0,0.0,0.0,0.0,0.0,0.0,282.0,0.0,0.0,0.0,0.0,3.0
2019-03-11T19:00:00.0,0.0,228.0,0.0,902.0,20161.0,0.0,0.0,0.0,0.0,0.0,0.0,0.0,0.0,0.0,279.0,0.0,0.0,0.0,0.0,3.0
2019-03-11T20:00:00.0,0.0,209.0,0.0,901.0,18892.0,0.0,0.0,0.0,0.0,0.0,0.0,0.0,0.0,0.0,285.0,0.0,0.0,0.0,0.0,3.0
2019-03-11T21:00:00.0,0.0,230.0,0.0,900.0,17837.0,0.0,0.0,0.0,0.0,0.0,0.0,0.0,0.0,0.0,284.0,0.0,0.0,0.0,0.0,3.0
2019-03-11T22:00:00.0,0.0,237.0,0.0,893.0,17024.0,0.0,0.0,0.0,0.0,0.0,0.0,0.0,0.0,0.0,293.0,0.0,0.0,0.0,0.0,3.0
2019-03-11T23:00:00.0,0.0,269.0,0.0,889.0,13752.0,0.0,0.0,0.0,0.0,0.0,0.0,0.0,0.0,0.0,294.0,0.0,0.0,0.0,0.0,3.0
2019-03-12T00:00:00.0,0.0,217.0,0.0,881.0,11805.0,0.0,0.0,0.0,0.0,0.0,0.0,0.0,0.0,0.0,289.0,0.0,0.0,0.0,0.0,3.0
2019-03-12T01:00:00.0,0.0,266.0,0.0,880.0,11123.0,0.0,0.0,0.0,0.0,0.0,0.0,0.0,0.0,0.0,277.0,0.0,0.0,0.0,0.0,3.0
2019-03-12T02:00:00.0,0.0,328.0,0.0,880.0,11106.0,0.0,0.0,0.0,0.0,0.0,0.0,0.0,0.0,0.0,289.0,0.0,0.0,0.0,0.0,3.0
2019-03-12T03:00:00.0,0.0,410.0,0.0,879.0,11039.0,0.0,0.0,0.0,0.0,0.0,0.0,0.0,0.0,0.0,289.0,0.0,0.0,0.0,0.0,3.0
2019-03-12T04:00:00.0,0.0,542.0,0.0,879.0,11950.0,0.0,0.0,0.0,0.0,0.0,0.0,0.0,0.0,0.0,292.0,0.0,0.0,0.0,0.0,3.0
2019-03-12T05:00:00.0,0.0,810.0,0.0,879.0,14125.0,0.0,0.0,0.0,0.0,0.0,0.0,0.0,0.0,0.0,282.0,0.0,0.0,0.0,0.0,3.0
2019-03-12T06:00:00.0,0.0,813.0,0.0,878.0,17771.0,0.0,0.0,0.0,0.0,0.0,0.0,0.0,0.0,0.0,298.0,0.0,0.0,0.0,0.0,3.0
2019-03-12T07:00:00.0,0.0,902.0,0.0,886.0,21214.0,0.0,0.0,0.0,0.0,0.0,0.0,0.0,0.0,0.0,299.0,0.0,0.0,0.0,0.0,3.0
2019-03-12T08:00:00.0,0.0,1008.0,0.0,888.0,21477.0,0.0,0.0,0.0,0.0,0.0,0.0,0.0,0.0,0.0,301.0,0.0,0.0,0.0,0.0,3.0
2019-03-12T09:00:00.0,0.0,1024.0,0.0,889.0,20019.0,0.0,0.0,0.0,0.0,0.0,0.0,0.0,0.0,0.0,292.0,0.0,0.0,0.0,0.0,3.0
2019-03-12T10:00:00.0,0.0,1024.0,0.0,889.0,19191.0,0.0,0.0,0.0,0.0,0.0,0.0,0.0,0.0,0.0,260.0,0.0,0.0,0.0,0.0,3.0
2019-03-12T11:00:00.0,0.0,1057.0,0.0,887.0,17717.0,0.0,0.0,0.0,0.0,0.0,0.0,0.0,0.0,0.0,260.0,0.0,0.0,0.0,0.0,3.0
2019-03-12T12:00:00.0,0.0,1035.0,0.0,887.0,16920.0,0.0,0.0,0.0,0.0,0.0,0.0,0.0,0.0,0.0,259.0,0.0,0.0,0.0,0.0,3.0
2019-03-12T13:00:00.0,0.0,1033.0,0.0,890.0,16570.0,0.0,0.0,0.0,0.0,0.0,0.0,0.0,0.0,0.0,236.0,0.0,0.0,0.0,0.0,3.0
2019-03-12T14:00:00.0,0.0,1089.0,0.0,888.0,16068.0,0.0,0.0,0.0,0.0,0.0,0.0,0.0,0.0,0.0,245.0,0.0,0.0,0.0,0.0,3.0
2019-03-12T15:00:00.0,0.0,1158.0,0.0,890.0,15712.0,0.0,0.0,0.0,0.0,0.0,0.0,0.0,0.0,0.0,260.0,0.0,0.0,0.0,0.0,3.0
2019-03-12T16:00:00.0,0.0,1186.0,0.0,889.0,15316.0,0.0,0.0,0.0,0.0,0.0,0.0,0.0,0.0,0.0,261.0,0.0,0.0,0.0,0.0,3.0
2019-03-12T17:00:00.0,0.0,1095.0,0.0,891.0,15371.0,0.0,0.0,0.0,0.0,0.0,0.0,0.0,0.0,0.0,266.0,0.0,0.0,0.0,0.0,3.0
2019-03-12T18:00:00.0,0.0,868.0,0.0,893.0,15982.0,0.0,0.0,0.0,0.0,0.0,0.0,0.0,0.0,0.0,283.0,0.0,0.0,0.0,0.0,3.0
2019-03-12T19:00:00.0,0.0,796.0,0.0,893.0,15315.0,0.0,0.0,0.0,0.0,0.0,0.0,0.0,0.0,0.0,283.0,0.0,0.0,0.0,0.0,3.0
2019-03-12T20:00:00.0,0.0,761.0,0.0,893.0,14011.0,0.0,0.0,0.0,0.0,0.0,0.0,0.0,0.0,0.0,295.0,0.0,0.0,0.0,0.0,3.0
2019-03-12T21:00:00.0,0.0,777.0,0.0,894.0,12693.0,0.0,0.0,0.0,0.0,0.0,0.0,0.0,0.0,0.0,309.0,0.0,0.0,0.0,0.0,3.0
2019-03-12T22:00:00.0,0.0,742.0,0.0,888.0,11549.0,0.0,0.0,0.0,0.0,0.0,0.0,0.0,0.0,0.0,311.0,0.0,0.0,0.0,0.0,3.0
2019-03-12T23:00:00.0,0.0,741.0,0.0,886.0,10971.0,0.0,0.0,0.0,0.0,0.0,0.0,0.0,0.0,0.0,313.0,0.0,0.0,0.0,0.0,3.0
2019-03-13T00:00:00.0,0.0,770.0,0.0,894.0,10297.0,0.0,0.0,0.0,0.0,0.0,0.0,0.0,0.0,0.0,314.0,0.0,0.0,0.0,0.0,3.0
2019-03-13T01:00:00.0,0.0,847.0,0.0,892.0,10123.0,0.0,0.0,0.0,0.0,0.0,0.0,0.0,0.0,0.0,310.0,0.0,0.0,0.0,0.0,3.0
2019-03-13T02:00:00.0,0.0,849.0,0.0,889.0,9825.0,0.0,0.0,0.0,0.0,0.0,0.0,0.0,0.0,0.0,317.0,0.0,0.0,0.0,0.0,3.0
2019-03-13T03:00:00.0,0.0,853.0,0.0,887.0,9458.0,0.0,0.0,0.0,0.0,0.0,0.0,0.0,0.0,0.0,318.0,0.0,0.0,0.0,0.0,3.0
2019-03-13T04:00:00.0,0.0,814.0,0.0,888.0,9790.0,0.0,0.0,0.0,0.0,0.0,0.0,0.0,0.0,0.0,329.0,0.0,0.0,0.0,0.0,3.0
2019-03-13T05:00:00.0,0.0,842.0,0.0,888.0,10609.0,0.0,0.0,0.0,0.0,0.0,0.0,0.0,0.0,0.0,330.0,0.0,0.0,0.0,0.0,3.0
2019-03-13T06:00:00.0,0.0,855.0,0.0,889.0,12247.0,0.0,0.0,0.0,0.0,0.0,0.0,0.0,0.0,0.0,334.0,0.0,0.0,0.0,0.0,3.0
2019-03-13T07:00:00.0,0.0,855.0,0.0,898.0,14602.0,0.0,0.0,0.0,0.0,0.0,0.0,0.0,0.0,0.0,331.0,0.0,0.0,0.0,0.0,3.0
2019-03-13T08:00:00.0,0.0,876.0,0.0,896.0,15697.0,0.0,0.0,0.0,0.0,0.0,0.0,0.0,0.0,0.0,330.0,0.0,0.0,0.0,0.0,3.0
2019-03-13T09:00:00.0,0.0,802.0,0.0,897.0,15640.0,0.0,0.0,0.0,0.0,0.0,0.0,0.0,0.0,0.0,330.0,0.0,0.0,0.0,0.0,3.0
2019-03-13T10:00:00.0,0.0,688.0,0.0,900.0,15014.0,0.0,0.0,0.0,0.0,0.0,0.0,0.0,0.0,0.0,333.0,0.0,0.0,0.0,0.0,3.0
2019-03-13T11:00:00.0,0.0,755.0,0.0,892.0,14676.0,0.0,0.0,0.0,0.0,0.0,0.0,0.0,0.0,0.0,336.0,0.0,0.0,0.0,0.0,3.0
2019-03-13T12:00:00.0,0.0,690.0,0.0,889.0,13935.0,0.0,0.0,0.0,0.0,0.0,0.0,0.0,0.0,0.0,333.0,0.0,0.0,0.0,0.0,3.0
2019-03-13T13:00:00.0,0.0,708.0,0.0,886.0,13631.0,0.0,0.0,0.0,0.0,0.0,0.0,0.0,0.0,0.0,315.0,0.0,0.0,0.0,0.0,3.0
2019-03-13T14:00:00.0,0.0,610.0,0.0,885.0,13282.0,0.0,0.0,0.0,0.0,0.0,0.0,0.0,0.0,0.0,316.0,0.0,0.0,0.0,0.0,3.0
2019-03-13T15:00:00.0,0.0,591.0,0.0,884.0,13332.0,0.0,0.0,0.0,0.0,0.0,0.0,0.0,0.0,0.0,317.0,0.0,0.0,0.0,0.0,3.0
2019-03-13T16:00:00.0,0.0,579.0,0.0,883.0,13889.0,0.0,0.0,0.0,0.0,0.0,0.0,0.0,0.0,0.0,316.0,0.0,0.0,0.0,0.0,3.0
2019-03-13T17:00:00.0,0.0,535.0,0.0,884.0,14957.0,0.0,0.0,0.0,0.0,0.0,0.0,0.0,0.0,0.0,315.0,0.0,0.0,0.0,0.0,3.0
2019-03-13T18:00:00.0,0.0,488.0,0.0,884.0,15699.0,0.0,0.0,0.0,0.0,0.0,0.0,0.0,0.0,0.0,314.0,0.0,0.0,0.0,0.0,3.0
2019-03-13T19:00:00.0,0.0,442.0,0.0,882.0,14871.0,0.0,0.0,0.0,0.0,0.0,0.0,0.0,0.0,0.0,311.0,0.0,0.0,0.0,0.0,3.0
2019-03-13T20:00:00.0,0.0,495.0,0.0,881.0,12869.0,0.0,0.0,0.0,0.0,0.0,0.0,0.0,0.0,0.0,313.0,0.0,0.0,0.0,0.0,3.0
2019-03-13T21:00:00.0,0.0,517.0,0.0,882.0,12170.0,0.0,0.0,0.0,0.0,0.0,0.0,0.0,0.0,0.0,312.0,0.0,0.0,0.0,0.0,3.0
2019-03-13T22:00:00.0,0.0,515.0,0.0,875.0,11561.0,0.0,0.0,0.0,0.0,0.0,0.0,0.0,0.0,0.0,314.0,0.0,0.0,0.0,0.0,3.0
2019-03-13T23:00:00.0,0.0,526.0,0.0,872.0,10931.0,0.0,0.0,0.0,0.0,0.0,0.0,0.0,0.0,0.0,311.0,0.0,0.0,0.0,0.0,3.0
2019-03-14T00:00:00.0,0.0,454.0,0.0,856.0,10800.0,0.0,0.0,0.0,0.0,0.0,0.0,0.0,0.0,0.0,309.0,0.0,0.0,0.0,0.0,3.0
2019-03-14T01:00:00.0,0.0,484.0,0.0,856.0,10527.0,0.0,0.0,0.0,0.0,0.0,0.0,0.0,0.0,0.0,313.0,0.0,0.0,0.0,0.0,3.0
2019-03-14T02:00:00.0,0.0,462.0,0.0,856.0,10262.0,0.0,0.0,0.0,0.0,0.0,0.0,0.0,0.0,0.0,315.0,0.0,0.0,0.0,0.0,3.0
2019-03-14T03:00:00.0,0.0,439.0,0.0,856.0,10213.0,0.0,0.0,0.0,0.0,0.0,0.0,0.0,0.0,0.0,313.0,0.0,0.0,0.0,0.0,3.0
2019-03-14T04:00:00.0,0.0,425.0,0.0,855.0,10187.0,0.0,0.0,0.0,0.0,0.0,0.0,0.0,0.0,0.0,317.0,0.0,0.0,0.0,0.0,3.0
2019-03-14T05:00:00.0,0.0,484.0,0.0,854.0,10827.0,0.0,0.0,0.0,0.0,0.0,0.0,0.0,0.0,0.0,316.0,0.0,0.0,0.0,0.0,3.0
2019-03-14T06:00:00.0,0.0,481.0,0.0,857.0,12863.0,0.0,0.0,0.0,0.0,0.0,0.0,0.0,0.0,0.0,312.0,0.0,0.0,0.0,0.0,3.0
2019-03-14T07:00:00.0,0.0,381.0,0.0,867.0,16677.0,0.0,0.0,0.0,0.0,0.0,0.0,0.0,0.0,0.0,308.0,0.0,0.0,0.0,0.0,3.0
2019-03-14T08:00:00.0,0.0,433.0,0.0,872.0,18086.0,0.0,0.0,0.0,0.0,0.0,0.0,0.0,0.0,0.0,306.0,0.0,0.0,0.0,0.0,3.0
2019-03-14T09:00:00.0,0.0,407.0,0.0,870.0,17834.0,0.0,0.0,0.0,0.0,0.0,0.0,0.0,0.0,0.0,302.0,0.0,0.0,0.0,0.0,3.0
2019-03-14T10:00:00.0,0.0,375.0,0.0,869.0,17764.0,0.0,0.0,0.0,0.0,0.0,0.0,0.0,0.0,0.0,310.0,0.0,0.0,0.0,0.0,3.0
2019-03-14T11:00:00.0,0.0,422.0,0.0,869.0,16739.0,0.0,0.0,0.0,0.0,0.0,0.0,0.0,0.0,0.0,308.0,0.0,0.0,0.0,0.0,3.0
2019-03-14T12:00:00.0,0.0,440.0,0.0,868.0,16285.0,0.0,0.0,0.0,0.0,0.0,0.0,0.0,0.0,0.0,311.0,0.0,0.0,0.0,0.0,3.0
2019-03-14T13:00:00.0,0.0,442.0,0.0,868.0,15753.0,0.0,0.0,0.0,0.0,0.0,0.0,0.0,0.0,0.0,306.0,0.0,0.0,0.0,0.0,3.0
2019-03-14T14:00:00.0,0.0,389.0,0.0,868.0,15650.0,0.0,0.0,0.0,0.0,0.0,0.0,0.0,0.0,0.0,306.0,0.0,0.0,0.0,0.0,3.0
2019-03-14T15:00:00.0,0.0,340.0,0.0,868.0,15887.0,0.0,0.0,0.0,0.0,0.0,0.0,0.0,0.0,0.0,311.0,0.0,0.0,0.0,0.0,3.0
2019-03-14T16:00:00.0,0.0,335.0,0.0,868.0,16188.0,0.0,0.0,0.0,0.0,0.0,0.0,0.0,0.0,0.0,305.0,0.0,0.0,0.0,0.0,3.0
2019-03-14T17:00:00.0,0.0,336.0,0.0,869.0,17288.0,0.0,0.0,0.0,0.0,0.0,0.0,0.0,0.0,0.0,305.0,0.0,0.0,0.0,0.0,3.0
2019-03-14T18:00:00.0,0.0,304.0,0.0,869.0,18356.0,0.0,0.0,0.0,0.0,0.0,0.0,0.0,0.0,0.0,312.0,0.0,0.0,0.0,0.0,3.0
2019-03-14T19:00:00.0,0.0,346.0,0.0,869.0,17812.0,0.0,0.0,0.0,0.0,0.0,0.0,0.0,0.0,0.0,312.0,0.0,0.0,0.0,0.0,3.0
2019-03-14T20:00:00.0,0.0,385.0,0.0,866.0,16066.0,0.0,0.0,0.0,0.0,0.0,0.0,0.0,0.0,0.0,310.0,0.0,0.0,0.0,0.0,3.0
2019-03-14T21:00:00.0,0.0,365.0,0.0,861.0,14561.0,0.0,0.0,0.0,0.0,0.0,0.0,0.0,0.0,0.0,309.0,0.0,0.0,0.0,0.0,3.0
2019-03-14T22:00:00.0,0.0,327.0,0.0,857.0,13172.0,0.0,0.0,0.0,0.0,0.0,0.0,0.0,0.0,0.0,311.0,0.0,0.0,0.0,0.0,3.0
2019-03-14T23:00:00.0,0.0,276.0,0.0,851.0,11394.0,0.0,0.0,0.0,0.0,0.0,0.0,0.0,0.0,0.0,311.0,0.0,0.0,0.0,0.0,3.0
2019-03-15T00:00:00.0,0.0,225.0,0.0,851.0,10658.0,0.0,0.0,0.0,0.0,0.0,0.0,0.0,0.0,0.0,316.0,0.0,0.0,0.0,0.0,3.0
2019-03-15T01:00:00.0,0.0,240.0,0.0,855.0,10502.0,0.0,0.0,0.0,0.0,0.0,0.0,0.0,0.0,0.0,312.0,0.0,0.0,0.0,0.0,3.0
2019-03-15T02:00:00.0,0.0,237.0,0.0,855.0,10515.0,0.0,0.0,0.0,0.0,0.0,0.0,0.0,0.0,0.0,313.0,0.0,0.0,0.0,0.0,3.0
2019-03-15T03:00:00.0,0.0,255.0,0.0,854.0,10798.0,0.0,0.0,0.0,0.0,0.0,0.0,0.0,0.0,0.0,313.0,0.0,0.0,0.0,0.0,3.0
2019-03-15T04:00:00.0,0.0,268.0,0.0,854.0,11479.0,0.0,0.0,0.0,0.0,0.0,0.0,0.0,0.0,0.0,311.0,0.0,0.0,0.0,0.0,3.0
2019-03-15T05:00:00.0,0.0,267.0,0.0,855.0,12918.0,0.0,0.0,0.0,0.0,0.0,0.0,0.0,0.0,0.0,275.0,0.0,0.0,0.0,0.0,3.0
2019-03-15T06:00:00.0,0.0,420.0,0.0,858.0,15232.0,0.0,0.0,0.0,0.0,0.0,0.0,0.0,0.0,0.0,299.0,0.0,0.0,0.0,0.0,3.0
2019-03-15T07:00:00.0,0.0,439.0,0.0,867.0,18193.0,0.0,0.0,0.0,0.0,0.0,0.0,0.0,0.0,0.0,299.0,0.0,0.0,0.0,0.0,3.0
2019-03-15T08:00:00.0,0.0,396.0,0.0,868.0,18848.0,0.0,0.0,0.0,0.0,0.0,0.0,0.0,0.0,0.0,296.0,0.0,0.0,0.0,0.0,3.0
2019-03-15T09:00:00.0,0.0,361.0,0.0,868.0,18337.0,0.0,0.0,0.0,0.0,0.0,0.0,0.0,0.0,0.0,299.0,0.0,0.0,0.0,0.0,3.0
2019-03-15T10:00:00.0,0.0,343.0,0.0,864.0,17918.0,0.0,0.0,0.0,0.0,0.0,0.0,0.0,0.0,0.0,301.0,0.0,0.0,0.0,0.0,3.0
2019-03-15T11:00:00.0,0.0,249.0,0.0,865.0,17600.0,0.0,0.0,0.0,0.0,0.0,0.0,0.0,0.0,0.0,296.0,0.0,0.0,0.0,0.0,3.0
2019-03-15T12:00:00.0,0.0,231.0,0.0,866.0,17333.0,0.0,0.0,0.0,0.0,0.0,0.0,0.0,0.0,0.0,297.0,0.0,0.0,0.0,0.0,3.0
2019-03-15T13:00:00.0,0.0,154.0,0.0,867.0,16777.0,0.0,0.0,0.0,0.0,0.0,0.0,0.0,0.0,0.0,299.0,0.0,0.0,0.0,0.0,3.0
2019-03-15T14:00:00.0,0.0,163.0,0.0,863.0,15862.0,0.0,0.0,0.0,0.0,0.0,0.0,0.0,0.0,0.0,293.0,0.0,0.0,0.0,0.0,3.0
2019-03-15T15:00:00.0,0.0,142.0,0.0,858.0,15461.0,0.0,0.0,0.0,0.0,0.0,0.0,0.0,0.0,0.0,295.0,0.0,0.0,0.0,0.0,3.0
2019-03-15T16:00:00.0,0.0,154.0,0.0,856.0,15536.0,0.0,0.0,0.0,0.0,0.0,0.0,0.0,0.0,0.0,300.0,0.0,0.0,0.0,0.0,3.0
2019-03-15T17:00:00.0,0.0,244.0,0.0,854.0,16261.0,0.0,0.0,0.0,0.0,0.0,0.0,0.0,0.0,0.0,355.0,0.0,0.0,0.0,0.0,3.0
2019-03-15T18:00:00.0,0.0,271.0,0.0,855.0,16747.0,0.0,0.0,0.0,0.0,0.0,0.0,0.0,0.0,0.0,368.0,0.0,0.0,0.0,0.0,3.0
2019-03-15T19:00:00.0,0.0,388.0,0.0,855.0,15504.0,0.0,0.0,0.0,0.0,0.0,0.0,0.0,0.0,0.0,363.0,0.0,0.0,0.0,0.0,3.0
2019-03-15T20:00:00.0,0.0,404.0,0.0,851.0,13769.0,0.0,0.0,0.0,0.0,0.0,0.0,0.0,0.0,0.0,360.0,0.0,0.0,0.0,0.0,3.0
2019-03-15T21:00:00.0,0.0,475.0,0.0,846.0,12569.0,0.0,0.0,0.0,0.0,0.0,0.0,0.0,0.0,0.0,361.0,0.0,0.0,0.0,0.0,3.0
2019-03-15T22:00:00.0,0.0,404.0,0.0,841.0,11447.0,0.0,0.0,0.0,0.0,0.0,0.0,0.0,0.0,0.0,360.0,0.0,0.0,0.0,0.0,3.0
2019-03-15T23:00:00.0,0.0,339.0,0.0,833.0,11181.0,0.0,0.0,0.0,0.0,0.0,0.0,0.0,0.0,0.0,372.0,0.0,0.0,0.0,0.0,3.0
2019-03-16T00:00:00.0,0.0,353.0,0.0,829.0,10960.0,0.0,0.0,0.0,0.0,0.0,0.0,0.0,0.0,0.0,360.0,0.0,0.0,0.0,0.0,3.0
2019-03-16T01:00:00.0,0.0,345.0,0.0,829.0,10750.0,0.0,0.0,0.0,0.0,0.0,0.0,0.0,0.0,0.0,369.0,0.0,0.0,0.0,0.0,3.0
2019-03-16T02:00:00.0,0.0,356.0,0.0,827.0,10431.0,0.0,0.0,0.0,0.0,0.0,0.0,0.0,0.0,0.0,367.0,0.0,0.0,0.0,0.0,3.0
2019-03-16T03:00:00.0,0.0,331.0,0.0,825.0,10081.0,0.0,0.0,0.0,0.0,0.0,0.0,0.0,0.0,0.0,367.0,0.0,0.0,0.0,0.0,3.0
2019-03-16T04:00:00.0,0.0,310.0,0.0,825.0,10241.0,0.0,0.0,0.0,0.0,0.0,0.0,0.0,0.0,0.0,355.0,0.0,0.0,0.0,0.0,3.0
2019-03-16T05:00:00.0,0.0,290.0,0.0,826.0,10486.0,0.0,0.0,0.0,0.0,0.0,0.0,0.0,0.0,0.0,346.0,0.0,0.0,0.0,0.0,3.0
2019-03-16T06:00:00.0,0.0,263.0,0.0,829.0,10740.0,0.0,0.0,0.0,0.0,0.0,0.0,0.0,0.0,0.0,351.0,0.0,0.0,0.0,0.0,3.0
2019-03-16T07:00:00.0,0.0,243.0,0.0,829.0,11339.0,0.0,0.0,0.0,0.0,0.0,0.0,0.0,0.0,0.0,361.0,0.0,0.0,0.0,0.0,3.0
2019-03-16T08:00:00.0,0.0,257.0,0.0,832.0,11895.0,0.0,0.0,0.0,0.0,0.0,0.0,0.0,0.0,0.0,364.0,0.0,0.0,0.0,0.0,3.0
2019-03-16T09:00:00.0,0.0,194.0,0.0,832.0,12478.0,0.0,0.0,0.0,0.0,0.0,0.0,0.0,0.0,0.0,363.0,0.0,0.0,0.0,0.0,3.0
2019-03-16T10:00:00.0,0.0,177.0,0.0,831.0,12713.0,0.0,0.0,0.0,0.0,0.0,0.0,0.0,0.0,0.0,366.0,0.0,0.0,0.0,0.0,3.0
2019-03-16T11:00:00.0,0.0,206.0,0.0,830.0,12473.0,0.0,0.0,0.0,0.0,0.0,0.0,0.0,0.0,0.0,365.0,0.0,0.0,0.0,0.0,3.0
2019-03-16T12:00:00.0,0.0,179.0,0.0,828.0,12068.0,0.0,0.0,0.0,0.0,0.0,0.0,0.0,0.0,0.0,367.0,0.0,0.0,0.0,0.0,3.0
2019-03-16T13:00:00.0,0.0,282.0,0.0,827.0,11847.0,0.0,0.0,0.0,0.0,0.0,0.0,0.0,0.0,0.0,378.0,0.0,0.0,0.0,0.0,3.0
2019-03-16T14:00:00.0,0.0,322.0,0.0,827.0,11638.0,0.0,0.0,0.0,0.0,0.0,0.0,0.0,0.0,0.0,376.0,0.0,0.0,0.0,0.0,3.0
2019-03-16T15:00:00.0,0.0,293.0,0.0,830.0,11691.0,0.0,0.0,0.0,0.0,0.0,0.0,0.0,0.0,0.0,377.0,0.0,0.0,0.0,0.0,3.0
2019-03-16T16:00:00.0,0.0,432.0,0.0,833.0,12121.0,0.0,0.0,0.0,0.0,0.0,0.0,0.0,0.0,0.0,372.0,0.0,0.0,0.0,0.0,3.0
2019-03-16T17:00:00.0,0.0,477.0,0.0,835.0,12975.0,0.0,0.0,0.0,0.0,0.0,0.0,0.0,0.0,0.0,375.0,0.0,0.0,0.0,0.0,3.0
2019-03-16T18:00:00.0,0.0,543.0,0.0,835.0,14079.0,0.0,0.0,0.0,0.0,0.0,0.0,0.0,0.0,0.0,371.0,0.0,0.0,0.0,0.0,3.0
2019-03-16T19:00:00.0,0.0,701.0,0.0,834.0,13099.0,0.0,0.0,0.0,0.0,0.0,0.0,0.0,0.0,0.0,376.0,0.0,0.0,0.0,0.0,3.0
2019-03-16T20:00:00.0,0.0,761.0,0.0,833.0,11781.0,0.0,0.0,0.0,0.0,0.0,0.0,0.0,0.0,0.0,371.0,0.0,0.0,0.0,0.0,3.0
2019-03-16T21:00:00.0,0.0,828.0,0.0,832.0,10937.0,0.0,0.0,0.0,0.0,0.0,0.0,0.0,0.0,0.0,370.0,0.0,0.0,0.0,0.0,3.0
2019-03-16T22:00:00.0,0.0,880.0,0.0,830.0,10546.0,0.0,0.0,0.0,0.0,0.0,0.0,0.0,0.0,0.0,369.0,0.0,0.0,0.0,0.0,3.0
2019-03-16T23:00:00.0,0.0,869.0,0.0,830.0,9753.0,0.0,0.0,0.0,0.0,0.0,0.0,0.0,0.0,0.0,374.0,0.0,0.0,0.0,0.0,3.0
2019-03-17T00:00:00.0,0.0,1029.0,0.0,820.0,9521.0,0.0,0.0,0.0,0.0,0.0,0.0,0.0,0.0,0.0,382.0,0.0,0.0,0.0,0.0,3.0
2019-03-17T01:00:00.0,0.0,1095.0,0.0,815.0,9116.0,0.0,0.0,0.0,0.0,0.0,0.0,0.0,0.0,0.0,377.0,0.0,0.0,0.0,0.0,3.0
2019-03-17T02:00:00.0,0.0,1139.0,0.0,813.0,9005.0,0.0,0.0,0.0,0.0,0.0,0.0,0.0,0.0,0.0,379.0,0.0,0.0,0.0,0.0,3.0
2019-03-17T03:00:00.0,0.0,1185.0,0.0,809.0,8904.0,0.0,0.0,0.0,0.0,0.0,0.0,0.0,0.0,0.0,385.0,0.0,0.0,0.0,0.0,3.0
2019-03-17T04:00:00.0,0.0,1151.0,0.0,809.0,9129.0,0.0,0.0,0.0,0.0,0.0,0.0,0.0,0.0,0.0,387.0,0.0,0.0,0.0,0.0,3.0
2019-03-17T05:00:00.0,0.0,1154.0,0.0,804.0,9211.0,0.0,0.0,0.0,0.0,0.0,0.0,0.0,0.0,0.0,382.0,0.0,0.0,0.0,0.0,3.0
2019-03-17T06:00:00.0,0.0,1138.0,0.0,804.0,9385.0,0.0,0.0,0.0,0.0,0.0,0.0,0.0,0.0,0.0,385.0,0.0,0.0,0.0,0.0,3.0
2019-03-17T07:00:00.0,0.0,1147.0,0.0,804.0,9586.0,0.0,0.0,0.0,0.0,0.0,0.0,0.0,0.0,0.0,371.0,0.0,0.0,0.0,0.0,3.0
2019-03-17T08:00:00.0,0.0,1111.0,0.0,804.0,10292.0,0.0,0.0,0.0,0.0,0.0,0.0,0.0,0.0,0.0,371.0,0.0,0.0,0.0,0.0,3.0
2019-03-17T09:00:00.0,0.0,1049.0,0.0,809.0,10797.0,0.0,0.0,0.0,0.0,0.0,0.0,0.0,0.0,0.0,368.0,0.0,0.0,0.0,0.0,3.0
2019-03-17T10:00:00.0,0.0,1141.0,0.0,802.0,10809.0,0.0,0.0,0.0,0.0,0.0,0.0,0.0,0.0,0.0,367.0,0.0,0.0,0.0,0.0,3.0
2019-03-17T11:00:00.0,0.0,1165.0,0.0,806.0,10642.0,0.0,0.0,0.0,0.0,0.0,0.0,0.0,0.0,0.0,372.0,0.0,0.0,0.0,0.0,3.0
2019-03-17T12:00:00.0,0.0,1147.0,0.0,807.0,10433.0,0.0,0.0,0.0,0.0,0.0,0.0,0.0,0.0,0.0,367.0,0.0,0.0,0.0,0.0,3.0
2019-03-17T13:00:00.0,0.0,1125.0,0.0,807.0,10515.0,0.0,0.0,0.0,0.0,0.0,0.0,0.0,0.0,0.0,371.0,0.0,0.0,0.0,0.0,3.0
2019-03-17T14:00:00.0,0.0,1124.0,0.0,806.0,10235.0,0.0,0.0,0.0,0.0,0.0,0.0,0.0,0.0,0.0,368.0,0.0,0.0,0.0,0.0,3.0
2019-03-17T15:00:00.0,0.0,1116.0,0.0,807.0,10107.0,0.0,0.0,0.0,0.0,0.0,0.0,0.0,0.0,0.0,372.0,0.0,0.0,0.0,0.0,3.0
2019-03-17T16:00:00.0,0.0,1145.0,0.0,807.0,10410.0,0.0,0.0,0.0,0.0,0.0,0.0,0.0,0.0,0.0,369.0,0.0,0.0,0.0,0.0,3.0
2019-03-17T17:00:00.0,0.0,1108.0,0.0,810.0,11180.0,0.0,0.0,0.0,0.0,0.0,0.0,0.0,0.0,0.0,370.0,0.0,0.0,0.0,0.0,3.0
2019-03-17T18:00:00.0,0.0,1102.0,0.0,809.0,11700.0,0.0,0.0,0.0,0.0,0.0,0.0,0.0,0.0,0.0,371.0,0.0,0.0,0.0,0.0,3.0
2019-03-17T19:00:00.0,0.0,1152.0,0.0,810.0,12518.0,0.0,0.0,0.0,0.0,0.0,0.0,0.0,0.0,0.0,370.0,0.0,0.0,0.0,0.0,3.0
2019-03-17T20:00:00.0,0.0,1069.0,0.0,810.0,12260.0,0.0,0.0,0.0,0.0,0.0,0.0,0.0,0.0,0.0,366.0,0.0,0.0,0.0,0.0,3.0
2019-03-17T21:00:00.0,0.0,1011.0,0.0,809.0,11642.0,0.0,0.0,0.0,0.0,0.0,0.0,0.0,0.0,0.0,366.0,0.0,0.0,0.0,0.0,3.0
2019-03-17T22:00:00.0,0.0,943.0,0.0,809.0,11081.0,0.0,0.0,0.0,0.0,0.0,0.0,0.0,0.0,0.0,369.0,0.0,0.0,0.0,0.0,3.0
2019-03-17T23:00:00.0,0.0,832.0,0.0,807.0,10633.0,0.0,0.0,0.0,0.0,0.0,0.0,0.0,0.0,0.0,359.0,0.0,0.0,0.0,0.0,3.0
2019-03-18T00:00:00.0,0.0,883.0,0.0,808.0,9894.0,0.0,0.0,0.0,0.0,0.0,0.0,0.0,0.0,0.0,370.0,0.0,0.0,0.0,0.0,3.0
2019-03-18T01:00:00.0,0.0,896.0,0.0,804.0,9609.0,0.0,0.0,0.0,0.0,0.0,0.0,0.0,0.0,0.0,369.0,0.0,0.0,0.0,0.0,3.0
2019-03-18T02:00:00.0,0.0,897.0,0.0,801.0,9708.0,0.0,0.0,0.0,0.0,0.0,0.0,0.0,0.0,0.0,366.0,0.0,0.0,0.0,0.0,3.0
2019-03-18T03:00:00.0,0.0,875.0,0.0,799.0,9688.0,0.0,0.0,0.0,0.0,0.0,0.0,0.0,0.0,0.0,367.0,0.0,0.0,0.0,0.0,3.0
2019-03-18T04:00:00.0,0.0,853.0,0.0,799.0,9823.0,0.0,0.0,0.0,0.0,0.0,0.0,0.0,0.0,0.0,369.0,0.0,0.0,0.0,0.0,3.0
2019-03-18T05:00:00.0,0.0,959.0,0.0,797.0,11348.0,0.0,0.0,0.0,0.0,0.0,0.0,0.0,0.0,0.0,363.0,0.0,0.0,0.0,0.0,3.0
2019-03-18T06:00:00.0,0.0,1096.0,0.0,798.0,14229.0,0.0,0.0,0.0,0.0,0.0,0.0,0.0,0.0,0.0,371.0,0.0,0.0,0.0,0.0,3.0
2019-03-18T07:00:00.0,0.0,929.0,0.0,812.0,18265.0,0.0,0.0,0.0,0.0,0.0,0.0,0.0,0.0,0.0,369.0,0.0,0.0,0.0,0.0,3.0
2019-03-18T08:00:00.0,0.0,991.0,0.0,814.0,16891.0,0.0,0.0,0.0,0.0,0.0,0.0,0.0,0.0,0.0,365.0,0.0,0.0,0.0,0.0,3.0
2019-03-18T09:00:00.0,0.0,1143.0,0.0,806.0,14988.0,0.0,0.0,0.0,0.0,0.0,0.0,0.0,0.0,0.0,357.0,0.0,0.0,0.0,0.0,3.0
2019-03-18T10:00:00.0,0.0,1042.0,0.0,803.0,14806.0,0.0,0.0,0.0,0.0,0.0,0.0,0.0,0.0,0.0,375.0,0.0,0.0,0.0,0.0,3.0
2019-03-18T11:00:00.0,0.0,1120.0,0.0,801.0,13789.0,0.0,0.0,0.0,0.0,0.0,0.0,0.0,0.0,0.0,380.0,0.0,0.0,0.0,0.0,3.0
2019-03-18T12:00:00.0,0.0,1079.0,0.0,797.0,13872.0,0.0,0.0,0.0,0.0,0.0,0.0,0.0,0.0,0.0,371.0,0.0,0.0,0.0,0.0,3.0
2019-03-18T13:00:00.0,0.0,1095.0,0.0,794.0,13765.0,0.0,0.0,0.0,0.0,0.0,0.0,0.0,0.0,0.0,363.0,0.0,0.0,0.0,0.0,3.0
2019-03-18T14:00:00.0,0.0,1142.0,0.0,791.0,13475.0,0.0,0.0,0.0,0.0,0.0,0.0,0.0,0.0,0.0,383.0,0.0,0.0,0.0,0.0,3.0
2019-03-18T15:00:00.0,0.0,1127.0,0.0,792.0,13706.0,0.0,0.0,0.0,0.0,0.0,0.0,0.0,0.0,0.0,368.0,0.0,0.0,0.0,0.0,3.0
2019-03-18T16:00:00.0,0.0,975.0,0.0,792.0,13850.0,0.0,0.0,0.0,0.0,0.0,0.0,0.0,0.0,0.0,366.0,0.0,0.0,0.0,0.0,3.0
2019-03-18T17:00:00.0,0.0,1004.0,0.0,793.0,15676.0,0.0,0.0,0.0,0.0,0.0,0.0,0.0,0.0,0.0,364.0,0.0,0.0,0.0,0.0,3.0
2019-03-18T18:00:00.0,0.0,891.0,0.0,794.0,17920.0,0.0,0.0,0.0,0.0,0.0,0.0,0.0,0.0,0.0,365.0,0.0,0.0,0.0,0.0,3.0
2019-03-18T19:00:00.0,0.0,835.0,0.0,793.0,18409.0,0.0,0.0,0.0,0.0,0.0,0.0,0.0,0.0,0.0,370.0,0.0,0.0,0.0,0.0,3.0
2019-03-18T20:00:00.0,0.0,745.0,0.0,792.0,17139.0,0.0,0.0,0.0,0.0,0.0,0.0,0.0,0.0,0.0,374.0,0.0,0.0,0.0,0.0,3.0
2019-03-18T21:00:00.0,0.0,628.0,0.0,793.0,15175.0,0.0,0.0,0.0,0.0,0.0,0.0,0.0,0.0,0.0,373.0,0.0,0.0,0.0,0.0,3.0
2019-03-18T22:00:00.0,0.0,556.0,0.0,788.0,13104.0,0.0,0.0,0.0,0.0,0.0,0.0,0.0,0.0,0.0,373.0,0.0,0.0,0.0,0.0,3.0
2019-03-18T23:00:00.0,0.0,377.0,0.0,785.0,11772.0,0.0,0.0,0.0,0.0,0.0,0.0,0.0,0.0,0.0,372.0,0.0,0.0,0.0,0.0,3.0
2019-03-19T00:00:00.0,0.0,373.0,0.0,785.0,10977.0,0.0,0.0,0.0,0.0,0.0,0.0,0.0,0.0,0.0,367.0,0.0,0.0,0.0,0.0,3.0
2019-03-19T01:00:00.0,0.0,303.0,0.0,784.0,10714.0,0.0,0.0,0.0,0.0,0.0,0.0,0.0,0.0,0.0,369.0,0.0,0.0,0.0,0.0,3.0
2019-03-19T02:00:00.0,0.0,237.0,0.0,784.0,10701.0,0.0,0.0,0.0,0.0,0.0,0.0,0.0,0.0,0.0,369.0,0.0,0.0,0.0,0.0,3.0
2019-03-19T03:00:00.0,0.0,238.0,0.0,784.0,10895.0,0.0,0.0,0.0,0.0,0.0,0.0,0.0,0.0,0.0,369.0,0.0,0.0,0.0,0.0,3.0
2019-03-19T04:00:00.0,0.0,250.0,0.0,784.0,11523.0,0.0,0.0,0.0,0.0,0.0,0.0,0.0,0.0,0.0,371.0,0.0,0.0,0.0,0.0,3.0
2019-03-19T05:00:00.0,0.0,232.0,0.0,785.0,13567.0,0.0,0.0,0.0,0.0,0.0,0.0,0.0,0.0,0.0,361.0,0.0,0.0,0.0,0.0,3.0
2019-03-19T06:00:00.0,0.0,209.0,0.0,783.0,18080.0,0.0,0.0,0.0,0.0,0.0,0.0,0.0,0.0,0.0,361.0,0.0,0.0,0.0,0.0,3.0
2019-03-19T07:00:00.0,0.0,182.0,0.0,796.0,19750.0,0.0,0.0,0.0,0.0,0.0,0.0,0.0,0.0,0.0,371.0,0.0,0.0,0.0,0.0,3.0
2019-03-19T08:00:00.0,0.0,177.0,0.0,801.0,19805.0,0.0,0.0,0.0,0.0,0.0,0.0,0.0,0.0,0.0,370.0,0.0,0.0,0.0,0.0,3.0
2019-03-19T09:00:00.0,0.0,199.0,0.0,805.0,19312.0,0.0,0.0,0.0,0.0,0.0,0.0,0.0,0.0,0.0,364.0,0.0,0.0,0.0,0.0,3.0
2019-03-19T10:00:00.0,0.0,200.0,0.0,808.0,18603.0,0.0,0.0,0.0,0.0,0.0,0.0,0.0,0.0,0.0,369.0,0.0,0.0,0.0,0.0,3.0
2019-03-19T11:00:00.0,0.0,223.0,0.0,808.0,17670.0,0.0,0.0,0.0,0.0,0.0,0.0,0.0,0.0,0.0,369.0,0.0,0.0,0.0,0.0,3.0
2019-03-19T12:00:00.0,0.0,253.0,0.0,809.0,17171.0,0.0,0.0,0.0,0.0,0.0,0.0,0.0,0.0,0.0,343.0,0.0,0.0,0.0,0.0,3.0
2019-03-19T13:00:00.0,0.0,284.0,0.0,807.0,16809.0,0.0,0.0,0.0,0.0,0.0,0.0,0.0,0.0,0.0,340.0,0.0,0.0,0.0,0.0,3.0
2019-03-19T14:00:00.0,0.0,307.0,0.0,807.0,15819.0,0.0,0.0,0.0,0.0,0.0,0.0,0.0,0.0,0.0,342.0,0.0,0.0,0.0,0.0,3.0
2019-03-19T15:00:00.0,0.0,373.0,0.0,807.0,16086.0,0.0,0.0,0.0,0.0,0.0,0.0,0.0,0.0,0.0,342.0,0.0,0.0,0.0,0.0,3.0
2019-03-19T16:00:00.0,0.0,479.0,0.0,808.0,17978.0,0.0,0.0,0.0,0.0,0.0,0.0,0.0,0.0,0.0,337.0,0.0,0.0,0.0,0.0,3.0
2019-03-19T17:00:00.0,0.0,619.0,0.0,810.0,20111.0,0.0,0.0,0.0,0.0,0.0,0.0,0.0,0.0,0.0,337.0,0.0,0.0,0.0,0.0,3.0
2019-03-19T18:00:00.0,0.0,718.0,0.0,810.0,20850.0,0.0,0.0,0.0,0.0,0.0,0.0,0.0,0.0,0.0,340.0,0.0,0.0,0.0,0.0,3.0
2019-03-19T19:00:00.0,0.0,818.0,0.0,809.0,20852.0,0.0,0.0,0.0,0.0,0.0,0.0,0.0,0.0,0.0,337.0,0.0,0.0,0.0,0.0,3.0
2019-03-19T20:00:00.0,0.0,867.0,0.0,809.0,19834.0,0.0,0.0,0.0,0.0,0.0,0.0,0.0,0.0,0.0,344.0,0.0,0.0,0.0,0.0,3.0
2019-03-19T21:00:00.0,0.0,921.0,0.0,811.0,17941.0,0.0,0.0,0.0,0.0,0.0,0.0,0.0,0.0,0.0,343.0,0.0,0.0,0.0,0.0,3.0
2019-03-19T22:00:00.0,0.0,1010.0,0.0,811.0,15491.0,0.0,0.0,0.0,0.0,0.0,0.0,0.0,0.0,0.0,341.0,0.0,0.0,0.0,0.0,3.0
2019-03-19T23:00:00.0,0.0,1104.0,0.0,807.0,12120.0,0.0,0.0,0.0,0.0,0.0,0.0,0.0,0.0,0.0,348.0,0.0,0.0,0.0,0.0,3.0
2019-03-20T00:00:00.0,0.0,1049.0,0.0,814.0,10606.0,0.0,0.0,0.0,0.0,0.0,0.0,0.0,0.0,0.0,344.0,0.0,0.0,0.0,0.0,3.0
2019-03-20T01:00:00.0,0.0,1032.0,0.0,815.0,9434.0,0.0,0.0,0.0,0.0,0.0,0.0,0.0,0.0,0.0,344.0,0.0,0.0,0.0,0.0,3.0
2019-03-20T02:00:00.0,0.0,1089.0,0.0,816.0,8811.0,0.0,0.0,0.0,0.0,0.0,0.0,0.0,0.0,0.0,343.0,0.0,0.0,0.0,0.0,3.0
2019-03-20T03:00:00.0,0.0,1057.0,0.0,818.0,8801.0,0.0,0.0,0.0,0.0,0.0,0.0,0.0,0.0,0.0,341.0,0.0,0.0,0.0,0.0,3.0
2019-03-20T04:00:00.0,0.0,1066.0,0.0,821.0,9487.0,0.0,0.0,0.0,0.0,0.0,0.0,0.0,0.0,0.0,345.0,0.0,0.0,0.0,0.0,3.0
2019-03-20T05:00:00.0,0.0,1038.0,0.0,823.0,11195.0,0.0,0.0,0.0,0.0,0.0,0.0,0.0,0.0,0.0,349.0,0.0,0.0,0.0,0.0,3.0
2019-03-20T06:00:00.0,0.0,1056.0,0.0,826.0,14424.0,0.0,0.0,0.0,0.0,0.0,0.0,0.0,0.0,0.0,346.0,0.0,0.0,0.0,0.0,3.0
2019-03-20T07:00:00.0,0.0,1012.0,0.0,839.0,17315.0,0.0,0.0,0.0,0.0,0.0,0.0,0.0,0.0,0.0,346.0,0.0,0.0,0.0,0.0,3.0
2019-03-20T08:00:00.0,0.0,1055.0,0.0,847.0,17045.0,0.0,0.0,0.0,0.0,0.0,0.0,0.0,0.0,0.0,345.0,0.0,0.0,0.0,0.0,3.0
2019-03-20T09:00:00.0,0.0,1041.0,0.0,848.0,15205.0,0.0,0.0,0.0,0.0,0.0,0.0,0.0,0.0,0.0,357.0,0.0,0.0,0.0,0.0,3.0
2019-03-20T10:00:00.0,0.0,1084.0,0.0,853.0,14404.0,0.0,0.0,0.0,0.0,0.0,0.0,0.0,0.0,0.0,364.0,0.0,0.0,0.0,0.0,3.0
2019-03-20T11:00:00.0,0.0,1112.0,0.0,853.0,13700.0,0.0,0.0,0.0,0.0,0.0,0.0,0.0,0.0,0.0,363.0,0.0,0.0,0.0,0.0,3.0
2019-03-20T12:00:00.0,0.0,1145.0,0.0,850.0,12811.0,0.0,0.0,0.0,0.0,0.0,0.0,0.0,0.0,0.0,361.0,0.0,0.0,0.0,0.0,3.0
2019-03-20T13:00:00.0,0.0,1056.0,0.0,850.0,12452.0,0.0,0.0,0.0,0.0,0.0,0.0,0.0,0.0,0.0,388.0,0.0,0.0,0.0,0.0,3.0
2019-03-20T14:00:00.0,0.0,1028.0,0.0,853.0,12188.0,0.0,0.0,0.0,0.0,0.0,0.0,0.0,0.0,0.0,362.0,0.0,0.0,0.0,0.0,3.0
2019-03-20T15:00:00.0,0.0,903.0,0.0,862.0,12718.0,0.0,0.0,0.0,0.0,0.0,0.0,0.0,0.0,0.0,362.0,0.0,0.0,0.0,0.0,3.0
2019-03-20T16:00:00.0,0.0,884.0,0.0,863.0,14563.0,0.0,0.0,0.0,0.0,0.0,0.0,0.0,0.0,0.0,358.0,0.0,0.0,0.0,0.0,3.0
2019-03-20T17:00:00.0,0.0,821.0,0.0,864.0,17159.0,0.0,0.0,0.0,0.0,0.0,0.0,0.0,0.0,0.0,361.0,0.0,0.0,0.0,0.0,3.0
2019-03-20T18:00:00.0,0.0,840.0,0.0,866.0,19028.0,0.0,0.0,0.0,0.0,0.0,0.0,0.0,0.0,0.0,382.0,0.0,0.0,0.0,0.0,3.0
2019-03-20T19:00:00.0,0.0,897.0,0.0,870.0,18388.0,0.0,0.0,0.0,0.0,0.0,0.0,0.0,0.0,0.0,384.0,0.0,0.0,0.0,0.0,3.0
2019-03-20T20:00:00.0,0.0,844.0,0.0,873.0,16898.0,0.0,0.0,0.0,0.0,0.0,0.0,0.0,0.0,0.0,387.0,0.0,0.0,0.0,0.0,3.0
2019-03-20T21:00:00.0,0.0,716.0,0.0,876.0,15437.0,0.0,0.0,0.0,0.0,0.0,0.0,0.0,0.0,0.0,386.0,0.0,0.0,0.0,0.0,3.0
2019-03-20T22:00:00.0,0.0,752.0,0.0,872.0,13188.0,0.0,0.0,0.0,0.0,0.0,0.0,0.0,0.0,0.0,384.0,0.0,0.0,0.0,0.0,3.0
2019-03-20T23:00:00.0,0.0,793.0,0.0,872.0,11002.0,0.0,0.0,0.0,0.0,0.0,0.0,0.0,0.0,0.0,364.0,0.0,0.0,0.0,0.0,3.0
2019-03-21T00:00:00.0,0.0,780.0,0.0,882.0,9153.0,0.0,0.0,0.0,0.0,0.0,0.0,0.0,0.0,0.0,375.0,0.0,0.0,0.0,0.0,3.0
2019-03-21T01:00:00.0,0.0,850.0,0.0,886.0,8555.0,0.0,0.0,0.0,0.0,0.0,0.0,0.0,0.0,0.0,377.0,0.0,0.0,0.0,0.0,3.0
2019-03-21T02:00:00.0,0.0,930.0,0.0,892.0,8341.0,0.0,0.0,0.0,0.0,0.0,0.0,0.0,0.0,0.0,371.0,0.0,0.0,0.0,0.0,3.0
2019-03-21T03:00:00.0,0.0,1016.0,0.0,895.0,8205.0,0.0,0.0,0.0,0.0,0.0,0.0,0.0,0.0,0.0,379.0,0.0,0.0,0.0,0.0,3.0
2019-03-21T04:00:00.0,0.0,1043.0,0.0,908.0,8335.0,0.0,0.0,0.0,0.0,0.0,0.0,0.0,0.0,0.0,379.0,0.0,0.0,0.0,0.0,4.0
2019-03-21T05:00:00.0,0.0,1048.0,0.0,917.0,10046.0,0.0,0.0,0.0,0.0,0.0,0.0,0.0,0.0,0.0,376.0,0.0,0.0,0.0,0.0,4.0
2019-03-21T06:00:00.0,0.0,1048.0,0.0,928.0,13272.0,0.0,0.0,0.0,0.0,0.0,0.0,0.0,0.0,0.0,375.0,0.0,0.0,0.0,0.0,7.0
2019-03-21T07:00:00.0,0.0,986.0,0.0,949.0,15926.0,0.0,0.0,0.0,0.0,0.0,0.0,0.0,0.0,0.0,375.0,0.0,0.0,0.0,0.0,8.0
2019-03-21T08:00:00.0,0.0,929.0,0.0,955.0,16119.0,0.0,0.0,0.0,0.0,0.0,0.0,0.0,0.0,0.0,373.0,0.0,0.0,0.0,0.0,8.0
2019-03-21T09:00:00.0,0.0,881.0,0.0,956.0,13624.0,0.0,0.0,0.0,0.0,0.0,0.0,0.0,0.0,0.0,364.0,0.0,0.0,0.0,0.0,8.0
2019-03-21T10:00:00.0,0.0,922.0,0.0,968.0,11720.0,0.0,0.0,0.0,0.0,0.0,0.0,0.0,0.0,0.0,347.0,0.0,0.0,0.0,0.0,8.0
2019-03-21T11:00:00.0,0.0,887.0,0.0,976.0,10994.0,0.0,0.0,0.0,0.0,0.0,0.0,0.0,0.0,0.0,337.0,0.0,0.0,0.0,0.0,8.0
2019-03-21T12:00:00.0,0.0,875.0,0.0,976.0,10707.0,0.0,0.0,0.0,0.0,0.0,0.0,0.0,0.0,0.0,344.0,0.0,0.0,0.0,0.0,8.0
2019-03-21T13:00:00.0,0.0,825.0,0.0,979.0,10351.0,0.0,0.0,0.0,0.0,0.0,0.0,0.0,0.0,0.0,350.0,0.0,0.0,0.0,0.0,8.0
2019-03-21T14:00:00.0,0.0,833.0,0.0,979.0,10363.0,0.0,0.0,0.0,0.0,0.0,0.0,0.0,0.0,0.0,339.0,0.0,0.0,0.0,0.0,8.0
2019-03-21T15:00:00.0,0.0,770.0,0.0,973.0,10558.0,0.0,0.0,0.0,0.0,0.0,0.0,0.0,0.0,0.0,356.0,0.0,0.0,0.0,0.0,8.0
2019-03-21T16:00:00.0,0.0,737.0,0.0,979.0,11854.0,0.0,0.0,0.0,0.0,0.0,0.0,0.0,0.0,0.0,352.0,0.0,0.0,0.0,0.0,8.0
2019-03-21T17:00:00.0,0.0,695.0,0.0,983.0,13982.0,0.0,0.0,0.0,0.0,0.0,0.0,0.0,0.0,0.0,351.0,0.0,0.0,0.0,0.0,8.0
2019-03-21T18:00:00.0,0.0,654.0,0.0,992.0,15655.0,0.0,0.0,0.0,0.0,0.0,0.0,0.0,0.0,0.0,357.0,0.0,0.0,0.0,0.0,8.0
2019-03-21T19:00:00.0,0.0,657.0,0.0,992.0,15704.0,0.0,0.0,0.0,0.0,0.0,0.0,0.0,0.0,0.0,357.0,0.0,0.0,0.0,0.0,8.0
2019-03-21T20:00:00.0,0.0,637.0,0.0,994.0,14940.0,0.0,0.0,0.0,0.0,0.0,0.0,0.0,0.0,0.0,363.0,0.0,0.0,0.0,0.0,8.0
2019-03-21T21:00:00.0,0.0,459.0,0.0,986.0,14172.0,0.0,0.0,0.0,0.0,0.0,0.0,0.0,0.0,0.0,363.0,0.0,0.0,0.0,0.0,8.0
2019-03-21T22:00:00.0,0.0,374.0,0.0,983.0,13221.0,0.0,0.0,0.0,0.0,0.0,0.0,0.0,0.0,0.0,379.0,0.0,0.0,0.0,0.0,8.0
2019-03-21T23:00:00.0,0.0,482.0,0.0,980.0,11714.0,0.0,0.0,0.0,0.0,0.0,0.0,0.0,0.0,0.0,381.0,0.0,0.0,0.0,0.0,8.0
2019-03-22T00:00:00.0,0.0,442.0,0.0,1044.0,10271.0,0.0,0.0,0.0,0.0,0.0,0.0,0.0,0.0,0.0,381.0,0.0,0.0,0.0,0.0,9.0
2019-03-22T01:00:00.0,0.0,450.0,0.0,1039.0,9617.0,0.0,0.0,0.0,0.0,0.0,0.0,0.0,0.0,0.0,377.0,0.0,0.0,0.0,0.0,9.0
2019-03-22T02:00:00.0,0.0,651.0,0.0,1038.0,9590.0,0.0,0.0,0.0,0.0,0.0,0.0,0.0,0.0,0.0,378.0,0.0,0.0,0.0,0.0,9.0
2019-03-22T03:00:00.0,0.0,614.0,0.0,1035.0,9687.0,0.0,0.0,0.0,0.0,0.0,0.0,0.0,0.0,0.0,374.0,0.0,0.0,0.0,0.0,9.0
2019-03-22T04:00:00.0,0.0,855.0,0.0,1039.0,10639.0,0.0,0.0,0.0,0.0,0.0,0.0,0.0,0.0,0.0,375.0,0.0,0.0,0.0,0.0,9.0
2019-03-22T05:00:00.0,0.0,899.0,0.0,1038.0,13230.0,0.0,0.0,0.0,0.0,0.0,0.0,0.0,0.0,0.0,379.0,0.0,0.0,0.0,0.0,9.0
2019-03-22T06:00:00.0,0.0,954.0,0.0,1037.0,17472.0,0.0,0.0,0.0,0.0,0.0,0.0,0.0,0.0,0.0,380.0,0.0,0.0,0.0,0.0,9.0
2019-03-22T07:00:00.0,0.0,897.0,0.0,1044.0,19871.0,0.0,0.0,0.0,0.0,0.0,0.0,0.0,0.0,0.0,382.0,0.0,0.0,0.0,0.0,9.0
2019-03-22T08:00:00.0,0.0,930.0,0.0,1043.0,19631.0,0.0,0.0,0.0,0.0,0.0,0.0,0.0,0.0,0.0,382.0,0.0,0.0,0.0,0.0,9.0
2019-03-22T09:00:00.0,0.0,1011.0,0.0,1037.0,18689.0,0.0,0.0,0.0,0.0,0.0,0.0,0.0,0.0,0.0,381.0,0.0,0.0,0.0,0.0,9.0
2019-03-22T10:00:00.0,0.0,1118.0,0.0,1042.0,16792.0,0.0,0.0,0.0,0.0,0.0,0.0,0.0,0.0,0.0,382.0,0.0,0.0,0.0,0.0,9.0
2019-03-22T11:00:00.0,0.0,1130.0,0.0,1038.0,14800.0,0.0,0.0,0.0,0.0,0.0,0.0,0.0,0.0,0.0,379.0,0.0,0.0,0.0,0.0,9.0
2019-03-22T12:00:00.0,0.0,1190.0,0.0,1042.0,13611.0,0.0,0.0,0.0,0.0,0.0,0.0,0.0,0.0,0.0,379.0,0.0,0.0,0.0,0.0,9.0
2019-03-22T13:00:00.0,0.0,1211.0,0.0,1037.0,12508.0,0.0,0.0,0.0,0.0,0.0,0.0,0.0,0.0,0.0,384.0,0.0,0.0,0.0,0.0,9.0
2019-03-22T14:00:00.0,0.0,1238.0,0.0,1033.0,12233.0,0.0,0.0,0.0,0.0,0.0,0.0,0.0,0.0,0.0,385.0,0.0,0.0,0.0,0.0,9.0
2019-03-22T15:00:00.0,0.0,1193.0,0.0,1030.0,11997.0,0.0,0.0,0.0,0.0,0.0,0.0,0.0,0.0,0.0,380.0,0.0,0.0,0.0,0.0,9.0
2019-03-22T16:00:00.0,0.0,1280.0,0.0,1029.0,12673.0,0.0,0.0,0.0,0.0,0.0,0.0,0.0,0.0,0.0,385.0,0.0,0.0,0.0,0.0,9.0
2019-03-22T17:00:00.0,0.0,1219.0,0.0,1031.0,14796.0,0.0,0.0,0.0,0.0,0.0,0.0,0.0,0.0,0.0,380.0,0.0,0.0,0.0,0.0,9.0
2019-03-22T18:00:00.0,0.0,1270.0,0.0,1032.0,15777.0,0.0,0.0,0.0,0.0,0.0,0.0,0.0,0.0,0.0,380.0,0.0,0.0,0.0,0.0,9.0
2019-03-22T19:00:00.0,0.0,1343.0,0.0,1036.0,14321.0,0.0,0.0,0.0,0.0,0.0,0.0,0.0,0.0,0.0,379.0,0.0,0.0,0.0,0.0,9.0
2019-03-22T20:00:00.0,0.0,1263.0,0.0,1042.0,12931.0,0.0,0.0,0.0,0.0,0.0,0.0,0.0,0.0,0.0,364.0,0.0,0.0,0.0,0.0,9.0
2019-03-22T21:00:00.0,0.0,1178.0,0.0,1045.0,11324.0,0.0,0.0,0.0,0.0,0.0,0.0,0.0,0.0,0.0,364.0,0.0,0.0,0.0,0.0,9.0
2019-03-22T22:00:00.0,0.0,1271.0,0.0,1054.0,10296.0,0.0,0.0,0.0,0.0,0.0,0.0,0.0,0.0,0.0,366.0,0.0,0.0,0.0,0.0,9.0
2019-03-22T23:00:00.0,0.0,1335.0,0.0,1063.0,9090.0,0.0,0.0,0.0,0.0,0.0,0.0,0.0,0.0,0.0,365.0,0.0,0.0,0.0,0.0,9.0
2019-03-23T00:00:00.0,0.0,1286.0,0.0,1097.0,8415.0,0.0,0.0,0.0,0.0,0.0,0.0,0.0,0.0,0.0,370.0,0.0,0.0,0.0,0.0,9.0
2019-03-23T01:00:00.0,0.0,1333.0,0.0,1099.0,8236.0,0.0,0.0,0.0,0.0,0.0,0.0,0.0,0.0,0.0,371.0,0.0,0.0,0.0,0.0,9.0
2019-03-23T02:00:00.0,0.0,1421.0,0.0,1101.0,8108.0,0.0,0.0,0.0,0.0,0.0,0.0,0.0,0.0,0.0,372.0,0.0,0.0,0.0,0.0,9.0
2019-03-23T03:00:00.0,0.0,1415.0,0.0,1095.0,8136.0,0.0,0.0,0.0,0.0,0.0,0.0,0.0,0.0,0.0,372.0,0.0,0.0,0.0,0.0,9.0
2019-03-23T04:00:00.0,0.0,1448.0,0.0,1100.0,8125.0,0.0,0.0,0.0,0.0,0.0,0.0,0.0,0.0,0.0,372.0,0.0,0.0,0.0,0.0,9.0
2019-03-23T05:00:00.0,0.0,1453.0,0.0,1095.0,8271.0,0.0,0.0,0.0,0.0,0.0,0.0,0.0,0.0,0.0,373.0,0.0,0.0,0.0,0.0,9.0
2019-03-23T06:00:00.0,0.0,1365.0,0.0,1095.0,8590.0,0.0,0.0,0.0,0.0,0.0,0.0,0.0,0.0,0.0,371.0,0.0,0.0,0.0,0.0,9.0
2019-03-23T07:00:00.0,0.0,1282.0,0.0,1090.0,9907.0,0.0,0.0,0.0,0.0,0.0,0.0,0.0,0.0,0.0,373.0,0.0,0.0,0.0,0.0,9.0
2019-03-23T08:00:00.0,0.0,1360.0,0.0,1089.0,10737.0,0.0,0.0,0.0,0.0,0.0,0.0,0.0,0.0,0.0,371.0,0.0,0.0,0.0,0.0,9.0
2019-03-23T09:00:00.0,0.0,1292.0,0.0,1094.0,10807.0,0.0,0.0,0.0,0.0,0.0,0.0,0.0,0.0,0.0,370.0,0.0,0.0,0.0,0.0,9.0
2019-03-23T10:00:00.0,0.0,1279.0,0.0,1100.0,10391.0,0.0,0.0,0.0,0.0,0.0,0.0,0.0,0.0,0.0,371.0,0.0,0.0,0.0,0.0,9.0
2019-03-23T11:00:00.0,0.0,1265.0,0.0,1098.0,10061.0,0.0,0.0,0.0,0.0,0.0,0.0,0.0,0.0,0.0,371.0,0.0,0.0,0.0,0.0,9.0
2019-03-23T12:00:00.0,0.0,1302.0,0.0,1101.0,9757.0,0.0,0.0,0.0,0.0,0.0,0.0,0.0,0.0,0.0,370.0,0.0,0.0,0.0,0.0,9.0
2019-03-23T13:00:00.0,0.0,1439.0,0.0,1095.0,9727.0,0.0,0.0,0.0,0.0,0.0,0.0,0.0,0.0,0.0,373.0,0.0,0.0,0.0,0.0,9.0
2019-03-23T14:00:00.0,0.0,1388.0,0.0,1095.0,9517.0,0.0,0.0,0.0,0.0,0.0,0.0,0.0,0.0,0.0,370.0,0.0,0.0,0.0,0.0,9.0
2019-03-23T15:00:00.0,0.0,1312.0,0.0,1091.0,9310.0,0.0,0.0,0.0,0.0,0.0,0.0,0.0,0.0,0.0,369.0,0.0,0.0,0.0,0.0,9.0
2019-03-23T16:00:00.0,0.0,1315.0,0.0,1091.0,9684.0,0.0,0.0,0.0,0.0,0.0,0.0,0.0,0.0,0.0,371.0,0.0,0.0,0.0,0.0,9.0
2019-03-23T17:00:00.0,0.0,1287.0,0.0,1089.0,10186.0,0.0,0.0,0.0,0.0,0.0,0.0,0.0,0.0,0.0,370.0,0.0,0.0,0.0,0.0,9.0
2019-03-23T18:00:00.0,0.0,1230.0,0.0,1083.0,11847.0,0.0,0.0,0.0,0.0,0.0,0.0,0.0,0.0,0.0,370.0,0.0,0.0,0.0,0.0,9.0
2019-03-23T19:00:00.0,0.0,1240.0,0.0,1081.0,12679.0,0.0,0.0,0.0,0.0,0.0,0.0,0.0,0.0,0.0,371.0,0.0,0.0,0.0,0.0,9.0
2019-03-23T20:00:00.0,0.0,1139.0,0.0,1079.0,12160.0,0.0,0.0,0.0,0.0,0.0,0.0,0.0,0.0,0.0,365.0,0.0,0.0,0.0,0.0,9.0
2019-03-23T21:00:00.0,0.0,1098.0,0.0,1077.0,10987.0,0.0,0.0,0.0,0.0,0.0,0.0,0.0,0.0,0.0,372.0,0.0,0.0,0.0,0.0,9.0
2019-03-23T22:00:00.0,0.0,1007.0,0.0,1073.0,10634.0,0.0,0.0,0.0,0.0,0.0,0.0,0.0,0.0,0.0,368.0,0.0,0.0,0.0,0.0,9.0
2019-03-23T23:00:00.0,0.0,1011.0,0.0,1067.0,10191.0,0.0,0.0,0.0,0.0,0.0,0.0,0.0,0.0,0.0,368.0,0.0,0.0,0.0,0.0,9.0
2019-03-24T00:00:00.0,0.0,993.0,0.0,1077.0,9310.0,0.0,0.0,0.0,0.0,0.0,0.0,0.0,0.0,0.0,374.0,0.0,0.0,0.0,0.0,9.0
2019-03-24T01:00:00.0,0.0,998.0,0.0,1076.0,8332.0,0.0,0.0,0.0,0.0,0.0,0.0,0.0,0.0,0.0,371.0,0.0,0.0,0.0,0.0,9.0
2019-03-24T02:00:00.0,0.0,1009.0,0.0,1075.0,8112.0,0.0,0.0,0.0,0.0,0.0,0.0,0.0,0.0,0.0,372.0,0.0,0.0,0.0,0.0,9.0
2019-03-24T03:00:00.0,0.0,1012.0,0.0,1070.0,8306.0,0.0,0.0,0.0,0.0,0.0,0.0,0.0,0.0,0.0,370.0,0.0,0.0,0.0,0.0,9.0
2019-03-24T04:00:00.0,0.0,1025.0,0.0,1069.0,8345.0,0.0,0.0,0.0,0.0,0.0,0.0,0.0,0.0,0.0,371.0,0.0,0.0,0.0,0.0,9.0
2019-03-24T05:00:00.0,0.0,1007.0,0.0,1067.0,8434.0,0.0,0.0,0.0,0.0,0.0,0.0,0.0,0.0,0.0,370.0,0.0,0.0,0.0,0.0,9.0
2019-03-24T06:00:00.0,0.0,799.0,0.0,1065.0,8516.0,0.0,0.0,0.0,0.0,0.0,0.0,0.0,0.0,0.0,372.0,0.0,0.0,0.0,0.0,9.0
2019-03-24T07:00:00.0,0.0,763.0,0.0,1068.0,9020.0,0.0,0.0,0.0,0.0,0.0,0.0,0.0,0.0,0.0,373.0,0.0,0.0,0.0,0.0,9.0
2019-03-24T08:00:00.0,0.0,769.0,0.0,1071.0,9406.0,0.0,0.0,0.0,0.0,0.0,0.0,0.0,0.0,0.0,371.0,0.0,0.0,0.0,0.0,9.0
2019-03-24T09:00:00.0,0.0,743.0,0.0,995.0,9614.0,0.0,0.0,0.0,0.0,0.0,0.0,0.0,0.0,0.0,367.0,0.0,0.0,0.0,0.0,9.0
2019-03-24T10:00:00.0,0.0,769.0,0.0,994.0,9520.0,0.0,0.0,0.0,0.0,0.0,0.0,0.0,0.0,0.0,372.0,0.0,0.0,0.0,0.0,9.0
2019-03-24T11:00:00.0,0.0,771.0,0.0,1067.0,9361.0,0.0,0.0,0.0,0.0,0.0,0.0,0.0,0.0,0.0,369.0,0.0,0.0,0.0,0.0,9.0
2019-03-24T12:00:00.0,0.0,794.0,0.0,1061.0,9256.0,0.0,0.0,0.0,0.0,0.0,0.0,0.0,0.0,0.0,371.0,0.0,0.0,0.0,0.0,9.0
2019-03-24T13:00:00.0,0.0,848.0,0.0,1059.0,9124.0,0.0,0.0,0.0,0.0,0.0,0.0,0.0,0.0,0.0,370.0,0.0,0.0,0.0,0.0,9.0
2019-03-24T14:00:00.0,0.0,735.0,0.0,1058.0,9342.0,0.0,0.0,0.0,0.0,0.0,0.0,0.0,0.0,0.0,370.0,0.0,0.0,0.0,0.0,9.0
2019-03-24T15:00:00.0,0.0,749.0,0.0,1060.0,9782.0,0.0,0.0,0.0,0.0,0.0,0.0,0.0,0.0,0.0,373.0,0.0,0.0,0.0,0.0,9.0
2019-03-24T16:00:00.0,0.0,740.0,0.0,1066.0,10097.0,0.0,0.0,0.0,0.0,0.0,0.0,0.0,0.0,0.0,371.0,0.0,0.0,0.0,0.0,8.0
2019-03-24T17:00:00.0,0.0,703.0,0.0,1067.0,10082.0,0.0,0.0,0.0,0.0,0.0,0.0,0.0,0.0,0.0,372.0,0.0,0.0,0.0,0.0,8.0
2019-03-24T18:00:00.0,0.0,706.0,0.0,1069.0,11794.0,0.0,0.0,0.0,0.0,0.0,0.0,0.0,0.0,0.0,373.0,0.0,0.0,0.0,0.0,8.0
2019-03-24T19:00:00.0,0.0,709.0,0.0,1069.0,13258.0,0.0,0.0,0.0,0.0,0.0,0.0,0.0,0.0,0.0,375.0,0.0,0.0,0.0,0.0,8.0
2019-03-24T20:00:00.0,0.0,648.0,0.0,1068.0,11594.0,0.0,0.0,0.0,0.0,0.0,0.0,0.0,0.0,0.0,374.0,0.0,0.0,0.0,0.0,8.0
2019-03-24T21:00:00.0,0.0,634.0,0.0,1066.0,10714.0,0.0,0.0,0.0,0.0,0.0,0.0,0.0,0.0,0.0,375.0,0.0,0.0,0.0,0.0,8.0
2019-03-24T22:00:00.0,0.0,634.0,0.0,1065.0,10588.0,0.0,0.0,0.0,0.0,0.0,0.0,0.0,0.0,0.0,374.0,0.0,0.0,0.0,0.0,8.0
2019-03-24T23:00:00.0,0.0,567.0,0.0,1059.0,10021.0,0.0,0.0,0.0,0.0,0.0,0.0,0.0,0.0,0.0,377.0,0.0,0.0,0.0,0.0,8.0
2019-03-25T00:00:00.0,0.0,541.0,0.0,1010.0,9297.0,0.0,0.0,0.0,0.0,0.0,0.0,0.0,0.0,0.0,378.0,0.0,0.0,0.0,0.0,7.0
2019-03-25T01:00:00.0,0.0,560.0,0.0,1006.0,9039.0,0.0,0.0,0.0,0.0,0.0,0.0,0.0,0.0,0.0,377.0,0.0,0.0,0.0,0.0,7.0
2019-03-25T02:00:00.0,0.0,533.0,0.0,1004.0,9159.0,0.0,0.0,0.0,0.0,0.0,0.0,0.0,0.0,0.0,374.0,0.0,0.0,0.0,0.0,7.0
2019-03-25T03:00:00.0,0.0,536.0,0.0,1004.0,9305.0,0.0,0.0,0.0,0.0,0.0,0.0,0.0,0.0,0.0,376.0,0.0,0.0,0.0,0.0,7.0
2019-03-25T04:00:00.0,0.0,508.0,0.0,1003.0,9330.0,0.0,0.0,0.0,0.0,0.0,0.0,0.0,0.0,0.0,374.0,0.0,0.0,0.0,0.0,6.0
2019-03-25T05:00:00.0,0.0,539.0,0.0,1003.0,10571.0,0.0,0.0,0.0,0.0,0.0,0.0,0.0,0.0,0.0,371.0,0.0,0.0,0.0,0.0,6.0
2019-03-25T06:00:00.0,0.0,523.0,0.0,1000.0,12977.0,0.0,0.0,0.0,0.0,0.0,0.0,0.0,0.0,0.0,373.0,0.0,0.0,0.0,0.0,6.0
2019-03-25T07:00:00.0,0.0,501.0,0.0,1018.0,15850.0,0.0,0.0,0.0,0.0,0.0,0.0,0.0,0.0,0.0,375.0,0.0,0.0,0.0,0.0,6.0
2019-03-25T08:00:00.0,0.0,438.0,0.0,1024.0,16456.0,0.0,0.0,0.0,0.0,0.0,0.0,0.0,0.0,0.0,376.0,0.0,0.0,0.0,0.0,6.0
2019-03-25T09:00:00.0,0.0,443.0,0.0,1024.0,15551.0,0.0,0.0,0.0,0.0,0.0,0.0,0.0,0.0,0.0,378.0,0.0,0.0,0.0,0.0,6.0
2019-03-25T10:00:00.0,0.0,378.0,0.0,1020.0,14636.0,0.0,0.0,0.0,0.0,0.0,0.0,0.0,0.0,0.0,379.0,0.0,0.0,0.0,0.0,6.0
2019-03-25T11:00:00.0,0.0,475.0,0.0,1019.0,13973.0,0.0,0.0,0.0,0.0,0.0,0.0,0.0,0.0,0.0,372.0,0.0,0.0,0.0,0.0,6.0
2019-03-25T12:00:00.0,0.0,562.0,0.0,1017.0,13246.0,0.0,0.0,0.0,0.0,0.0,0.0,0.0,0.0,0.0,358.0,0.0,0.0,0.0,0.0,6.0
2019-03-25T13:00:00.0,0.0,678.0,0.0,1016.0,12664.0,0.0,0.0,0.0,0.0,0.0,0.0,0.0,0.0,0.0,357.0,0.0,0.0,0.0,0.0,6.0
2019-03-25T14:00:00.0,0.0,766.0,0.0,1015.0,12232.0,0.0,0.0,0.0,0.0,0.0,0.0,0.0,0.0,0.0,353.0,0.0,0.0,0.0,0.0,6.0
2019-03-25T15:00:00.0,0.0,915.0,0.0,1014.0,12176.0,0.0,0.0,0.0,0.0,0.0,0.0,0.0,0.0,0.0,352.0,0.0,0.0,0.0,0.0,6.0
2019-03-25T16:00:00.0,0.0,960.0,0.0,1010.0,12815.0,0.0,0.0,0.0,0.0,0.0,0.0,0.0,0.0,0.0,369.0,0.0,0.0,0.0,0.0,6.0
2019-03-25T17:00:00.0,0.0,1022.0,0.0,1014.0,14227.0,0.0,0.0,0.0,0.0,0.0,0.0,0.0,0.0,0.0,355.0,0.0,0.0,0.0,0.0,6.0
2019-03-25T18:00:00.0,0.0,1058.0,0.0,1010.0,16217.0,0.0,0.0,0.0,0.0,0.0,0.0,0.0,0.0,0.0,367.0,0.0,0.0,0.0,0.0,5.0
2019-03-25T19:00:00.0,0.0,1078.0,0.0,1003.0,16956.0,0.0,0.0,0.0,0.0,0.0,0.0,0.0,0.0,0.0,365.0,0.0,0.0,0.0,0.0,5.0
2019-03-25T20:00:00.0,0.0,1098.0,0.0,1001.0,15703.0,0.0,0.0,0.0,0.0,0.0,0.0,0.0,0.0,0.0,366.0,0.0,0.0,0.0,0.0,5.0
2019-03-25T21:00:00.0,0.0,1082.0,0.0,998.0,13457.0,0.0,0.0,0.0,0.0,0.0,0.0,0.0,0.0,0.0,367.0,0.0,0.0,0.0,0.0,5.0
2019-03-25T22:00:00.0,0.0,1061.0,0.0,995.0,12680.0,0.0,0.0,0.0,0.0,0.0,0.0,0.0,0.0,0.0,365.0,0.0,0.0,0.0,0.0,5.0
2019-03-25T23:00:00.0,0.0,1069.0,0.0,989.0,10699.0,0.0,0.0,0.0,0.0,0.0,0.0,0.0,0.0,0.0,356.0,0.0,0.0,0.0,0.0,5.0
2019-03-26T00:00:00.0,0.0,1066.0,0.0,976.0,10230.0,0.0,0.0,0.0,0.0,0.0,0.0,0.0,0.0,0.0,356.0,0.0,0.0,0.0,0.0,5.0
2019-03-26T01:00:00.0,0.0,991.0,0.0,973.0,10010.0,0.0,0.0,0.0,0.0,0.0,0.0,0.0,0.0,0.0,356.0,0.0,0.0,0.0,0.0,5.0
2019-03-26T02:00:00.0,0.0,862.0,0.0,973.0,9979.0,0.0,0.0,0.0,0.0,0.0,0.0,0.0,0.0,0.0,354.0,0.0,0.0,0.0,0.0,5.0
2019-03-26T03:00:00.0,0.0,778.0,0.0,969.0,10015.0,0.0,0.0,0.0,0.0,0.0,0.0,0.0,0.0,0.0,348.0,0.0,0.0,0.0,0.0,5.0
2019-03-26T04:00:00.0,0.0,650.0,0.0,972.0,10392.0,0.0,0.0,0.0,0.0,0.0,0.0,0.0,0.0,0.0,352.0,0.0,0.0,0.0,0.0,5.0
2019-03-26T05:00:00.0,0.0,553.0,0.0,971.0,11164.0,0.0,0.0,0.0,0.0,0.0,0.0,0.0,0.0,0.0,350.0,0.0,0.0,0.0,0.0,5.0
2019-03-26T06:00:00.0,0.0,489.0,0.0,969.0,13352.0,0.0,0.0,0.0,0.0,0.0,0.0,0.0,0.0,0.0,353.0,0.0,0.0,0.0,0.0,5.0
2019-03-26T07:00:00.0,0.0,427.0,0.0,980.0,16482.0,0.0,0.0,0.0,0.0,0.0,0.0,0.0,0.0,0.0,357.0,0.0,0.0,0.0,0.0,5.0
2019-03-26T08:00:00.0,0.0,354.0,0.0,979.0,16397.0,0.0,0.0,0.0,0.0,0.0,0.0,0.0,0.0,0.0,356.0,0.0,0.0,0.0,0.0,5.0
2019-03-26T09:00:00.0,0.0,330.0,0.0,976.0,15197.0,0.0,0.0,0.0,0.0,0.0,0.0,0.0,0.0,0.0,355.0,0.0,0.0,0.0,0.0,5.0
2019-03-26T10:00:00.0,0.0,286.0,0.0,977.0,15379.0,0.0,0.0,0.0,0.0,0.0,0.0,0.0,0.0,0.0,360.0,0.0,0.0,0.0,0.0,5.0
2019-03-26T11:00:00.0,0.0,260.0,0.0,976.0,14885.0,0.0,0.0,0.0,0.0,0.0,0.0,0.0,0.0,0.0,358.0,0.0,0.0,0.0,0.0,5.0
2019-03-26T12:00:00.0,0.0,268.0,0.0,975.0,14310.0,0.0,0.0,0.0,0.0,0.0,0.0,0.0,0.0,0.0,351.0,0.0,0.0,0.0,0.0,5.0
2019-03-26T13:00:00.0,0.0,335.0,0.0,974.0,13998.0,0.0,0.0,0.0,0.0,0.0,0.0,0.0,0.0,0.0,350.0,0.0,0.0,0.0,0.0,5.0
2019-03-26T14:00:00.0,0.0,444.0,0.0,973.0,13978.0,0.0,0.0,0.0,0.0,0.0,0.0,0.0,0.0,0.0,355.0,0.0,0.0,0.0,0.0,4.0
2019-03-26T15:00:00.0,0.0,537.0,0.0,971.0,14013.0,0.0,0.0,0.0,0.0,0.0,0.0,0.0,0.0,0.0,354.0,0.0,0.0,0.0,0.0,4.0
2019-03-26T16:00:00.0,0.0,675.0,0.0,970.0,14528.0,0.0,0.0,0.0,0.0,0.0,0.0,0.0,0.0,0.0,291.0,0.0,0.0,0.0,0.0,4.0
2019-03-26T17:00:00.0,0.0,787.0,0.0,972.0,15805.0,0.0,0.0,0.0,0.0,0.0,0.0,0.0,0.0,0.0,288.0,0.0,0.0,0.0,0.0,4.0
2019-03-26T18:00:00.0,0.0,900.0,0.0,973.0,17225.0,0.0,0.0,0.0,0.0,0.0,0.0,0.0,0.0,0.0,300.0,0.0,0.0,0.0,0.0,4.0
2019-03-26T19:00:00.0,0.0,926.0,0.0,974.0,17756.0,0.0,0.0,0.0,0.0,0.0,0.0,0.0,0.0,0.0,294.0,0.0,0.0,0.0,0.0,4.0
2019-03-26T20:00:00.0,0.0,951.0,0.0,975.0,17168.0,0.0,0.0,0.0,0.0,0.0,0.0,0.0,0.0,0.0,297.0,0.0,0.0,0.0,0.0,4.0
2019-03-26T21:00:00.0,0.0,833.0,0.0,975.0,16442.0,0.0,0.0,0.0,0.0,0.0,0.0,0.0,0.0,0.0,348.0,0.0,0.0,0.0,0.0,4.0
2019-03-26T22:00:00.0,0.0,827.0,0.0,977.0,14201.0,0.0,0.0,0.0,0.0,0.0,0.0,0.0,0.0,0.0,353.0,0.0,0.0,0.0,0.0,4.0
2019-03-26T23:00:00.0,0.0,837.0,0.0,970.0,11408.0,0.0,0.0,0.0,0.0,0.0,0.0,0.0,0.0,0.0,353.0,0.0,0.0,0.0,0.0,4.0
2019-03-27T00:00:00.0,0.0,790.0,0.0,969.0,10017.0,0.0,0.0,0.0,0.0,0.0,0.0,0.0,0.0,0.0,356.0,0.0,0.0,0.0,0.0,4.0
2019-03-27T01:00:00.0,0.0,832.0,0.0,970.0,9440.0,0.0,0.0,0.0,0.0,0.0,0.0,0.0,0.0,0.0,355.0,0.0,0.0,0.0,0.0,4.0
2019-03-27T02:00:00.0,0.0,795.0,0.0,971.0,9185.0,0.0,0.0,0.0,0.0,0.0,0.0,0.0,0.0,0.0,352.0,0.0,0.0,0.0,0.0,4.0
2019-03-27T03:00:00.0,0.0,778.0,0.0,969.0,9614.0,0.0,0.0,0.0,0.0,0.0,0.0,0.0,0.0,0.0,353.0,0.0,0.0,0.0,0.0,4.0
2019-03-27T04:00:00.0,0.0,790.0,0.0,976.0,9786.0,0.0,0.0,0.0,0.0,0.0,0.0,0.0,0.0,0.0,347.0,0.0,0.0,0.0,0.0,4.0
2019-03-27T05:00:00.0,0.0,710.0,0.0,978.0,11178.0,0.0,0.0,0.0,0.0,0.0,0.0,0.0,0.0,0.0,348.0,0.0,0.0,0.0,0.0,4.0
2019-03-27T06:00:00.0,0.0,735.0,0.0,980.0,14201.0,0.0,0.0,0.0,0.0,0.0,0.0,0.0,0.0,0.0,356.0,0.0,0.0,0.0,0.0,4.0
2019-03-27T07:00:00.0,0.0,709.0,0.0,992.0,16904.0,0.0,0.0,0.0,0.0,0.0,0.0,0.0,0.0,0.0,359.0,0.0,0.0,0.0,0.0,4.0
2019-03-27T08:00:00.0,0.0,604.0,0.0,995.0,17429.0,0.0,0.0,0.0,0.0,0.0,0.0,0.0,0.0,0.0,356.0,0.0,0.0,0.0,0.0,4.0
2019-03-27T09:00:00.0,0.0,551.0,0.0,995.0,17026.0,0.0,0.0,0.0,0.0,0.0,0.0,0.0,0.0,0.0,354.0,0.0,0.0,0.0,0.0,4.0
2019-03-27T10:00:00.0,0.0,540.0,0.0,996.0,16120.0,0.0,0.0,0.0,0.0,0.0,0.0,0.0,0.0,0.0,354.0,0.0,0.0,0.0,0.0,4.0
2019-03-27T11:00:00.0,0.0,551.0,0.0,997.0,14492.0,0.0,0.0,0.0,0.0,0.0,0.0,0.0,0.0,0.0,356.0,0.0,0.0,0.0,0.0,3.0
2019-03-27T12:00:00.0,0.0,489.0,0.0,998.0,13724.0,0.0,0.0,0.0,0.0,0.0,0.0,0.0,0.0,0.0,348.0,0.0,0.0,0.0,0.0,4.0
2019-03-27T13:00:00.0,0.0,504.0,0.0,998.0,12949.0,0.0,0.0,0.0,0.0,0.0,0.0,0.0,0.0,0.0,347.0,0.0,0.0,0.0,0.0,4.0
2019-03-27T14:00:00.0,0.0,528.0,0.0,994.0,12529.0,0.0,0.0,0.0,0.0,0.0,0.0,0.0,0.0,0.0,357.0,0.0,0.0,0.0,0.0,4.0
2019-03-27T15:00:00.0,0.0,570.0,0.0,996.0,12676.0,0.0,0.0,0.0,0.0,0.0,0.0,0.0,0.0,0.0,358.0,0.0,0.0,0.0,0.0,4.0
2019-03-27T16:00:00.0,0.0,610.0,0.0,995.0,13483.0,0.0,0.0,0.0,0.0,0.0,0.0,0.0,0.0,0.0,355.0,0.0,0.0,0.0,0.0,4.0
2019-03-27T17:00:00.0,0.0,620.0,0.0,998.0,15515.0,0.0,0.0,0.0,0.0,0.0,0.0,0.0,0.0,0.0,364.0,0.0,0.0,0.0,0.0,4.0
2019-03-27T18:00:00.0,0.0,657.0,0.0,998.0,16815.0,0.0,0.0,0.0,0.0,0.0,0.0,0.0,0.0,0.0,368.0,0.0,0.0,0.0,0.0,4.0
2019-03-27T19:00:00.0,0.0,668.0,0.0,1000.0,17241.0,0.0,0.0,0.0,0.0,0.0,0.0,0.0,0.0,0.0,369.0,0.0,0.0,0.0,0.0,4.0
2019-03-27T20:00:00.0,0.0,810.0,0.0,1001.0,16240.0,0.0,0.0,0.0,0.0,0.0,0.0,0.0,0.0,0.0,364.0,0.0,0.0,0.0,0.0,4.0
2019-03-27T21:00:00.0,0.0,761.0,0.0,1001.0,14442.0,0.0,0.0,0.0,0.0,0.0,0.0,0.0,0.0,0.0,376.0,0.0,0.0,0.0,0.0,4.0
2019-03-27T22:00:00.0,0.0,928.0,0.0,998.0,12998.0,0.0,0.0,0.0,0.0,0.0,0.0,0.0,0.0,0.0,372.0,0.0,0.0,0.0,0.0,4.0
2019-03-27T23:00:00.0,0.0,937.0,0.0,996.0,10626.0,0.0,0.0,0.0,0.0,0.0,0.0,0.0,0.0,0.0,375.0,0.0,0.0,0.0,0.0,4.0
2019-03-28T00:00:00.0,0.0,1067.0,0.0,1016.0,10361.0,0.0,0.0,0.0,0.0,0.0,0.0,0.0,0.0,0.0,375.0,0.0,0.0,0.0,0.0,4.0
2019-03-28T01:00:00.0,0.0,1025.0,0.0,1019.0,9739.0,0.0,0.0,0.0,0.0,0.0,0.0,0.0,0.0,0.0,374.0,0.0,0.0,0.0,0.0,4.0
2019-03-28T02:00:00.0,0.0,1077.0,0.0,1017.0,9488.0,0.0,0.0,0.0,0.0,0.0,0.0,0.0,0.0,0.0,369.0,0.0,0.0,0.0,0.0,4.0
2019-03-28T03:00:00.0,0.0,1079.0,0.0,1018.0,9338.0,0.0,0.0,0.0,0.0,0.0,0.0,0.0,0.0,0.0,361.0,0.0,0.0,0.0,0.0,4.0
2019-03-28T04:00:00.0,0.0,1057.0,0.0,1021.0,9427.0,0.0,0.0,0.0,0.0,0.0,0.0,0.0,0.0,0.0,361.0,0.0,0.0,0.0,0.0,4.0
2019-03-28T05:00:00.0,0.0,1093.0,0.0,1032.0,11153.0,0.0,0.0,0.0,0.0,0.0,0.0,0.0,0.0,0.0,365.0,0.0,0.0,0.0,0.0,4.0
2019-03-28T06:00:00.0,0.0,1108.0,0.0,1038.0,13679.0,0.0,0.0,0.0,0.0,0.0,0.0,0.0,0.0,0.0,365.0,0.0,0.0,0.0,0.0,4.0
2019-03-28T07:00:00.0,0.0,1044.0,0.0,1045.0,15938.0,0.0,0.0,0.0,0.0,0.0,0.0,0.0,0.0,0.0,366.0,0.0,0.0,0.0,0.0,5.0
2019-03-28T08:00:00.0,0.0,1007.0,0.0,1049.0,16224.0,0.0,0.0,0.0,0.0,0.0,0.0,0.0,0.0,0.0,369.0,0.0,0.0,0.0,0.0,5.0
2019-03-28T09:00:00.0,0.0,971.0,0.0,1056.0,15744.0,0.0,0.0,0.0,0.0,0.0,0.0,0.0,0.0,0.0,360.0,0.0,0.0,0.0,0.0,3.0
2019-03-28T10:00:00.0,0.0,939.0,0.0,1058.0,15432.0,0.0,0.0,0.0,0.0,0.0,0.0,0.0,0.0,0.0,366.0,0.0,0.0,0.0,0.0,3.0
2019-03-28T11:00:00.0,0.0,961.0,0.0,1064.0,14953.0,0.0,0.0,0.0,0.0,0.0,0.0,0.0,0.0,0.0,364.0,0.0,0.0,0.0,0.0,3.0
2019-03-28T12:00:00.0,0.0,985.0,0.0,1070.0,14194.0,0.0,0.0,0.0,0.0,0.0,0.0,0.0,0.0,0.0,360.0,0.0,0.0,0.0,0.0,3.0
2019-03-28T13:00:00.0,0.0,1013.0,0.0,1077.0,13415.0,0.0,0.0,0.0,0.0,0.0,0.0,0.0,0.0,0.0,362.0,0.0,0.0,0.0,0.0,3.0
2019-03-28T14:00:00.0,0.0,1035.0,0.0,1083.0,13199.0,0.0,0.0,0.0,0.0,0.0,0.0,0.0,0.0,0.0,366.0,0.0,0.0,0.0,0.0,3.0
2019-03-28T15:00:00.0,0.0,1038.0,0.0,1088.0,12926.0,0.0,0.0,0.0,0.0,0.0,0.0,0.0,0.0,0.0,361.0,0.0,0.0,0.0,0.0,3.0
2019-03-28T16:00:00.0,0.0,924.0,0.0,1092.0,13448.0,0.0,0.0,0.0,0.0,0.0,0.0,0.0,0.0,0.0,357.0,0.0,0.0,0.0,0.0,3.0
2019-03-28T17:00:00.0,0.0,944.0,0.0,1095.0,13433.0,0.0,0.0,0.0,0.0,0.0,0.0,0.0,0.0,0.0,358.0,0.0,0.0,0.0,0.0,3.0
2019-03-28T18:00:00.0,0.0,829.0,0.0,1103.0,13648.0,0.0,0.0,0.0,0.0,0.0,0.0,0.0,0.0,0.0,374.0,0.0,0.0,0.0,0.0,3.0
2019-03-28T19:00:00.0,0.0,889.0,0.0,1111.0,13798.0,0.0,0.0,0.0,0.0,0.0,0.0,0.0,0.0,0.0,371.0,0.0,0.0,0.0,0.0,8.0
2019-03-28T20:00:00.0,0.0,812.0,0.0,1115.0,13598.0,0.0,0.0,0.0,0.0,0.0,0.0,0.0,0.0,0.0,374.0,0.0,0.0,0.0,0.0,8.0
2019-03-28T21:00:00.0,0.0,802.0,0.0,1123.0,13389.0,0.0,0.0,0.0,0.0,0.0,0.0,0.0,0.0,0.0,376.0,0.0,0.0,0.0,0.0,8.0
2019-03-28T22:00:00.0,0.0,892.0,0.0,1125.0,12080.0,0.0,0.0,0.0,0.0,0.0,0.0,0.0,0.0,0.0,370.0,0.0,0.0,0.0,0.0,8.0
2019-03-28T23:00:00.0,0.0,890.0,0.0,1120.0,10741.0,0.0,0.0,0.0,0.0,0.0,0.0,0.0,0.0,0.0,377.0,0.0,0.0,0.0,0.0,9.0
2019-03-29T00:00:00.0,0.0,858.0,0.0,1177.0,9503.0,0.0,0.0,0.0,0.0,0.0,0.0,0.0,0.0,0.0,379.0,0.0,0.0,0.0,0.0,9.0
2019-03-29T01:00:00.0,0.0,875.0,0.0,1176.0,8236.0,0.0,0.0,0.0,0.0,0.0,0.0,0.0,0.0,0.0,376.0,0.0,0.0,0.0,0.0,9.0
2019-03-29T02:00:00.0,0.0,860.0,0.0,1176.0,7867.0,0.0,0.0,0.0,0.0,0.0,0.0,0.0,0.0,0.0,373.0,0.0,0.0,0.0,0.0,9.0
2019-03-29T03:00:00.0,0.0,847.0,0.0,1175.0,8307.0,0.0,0.0,0.0,0.0,0.0,0.0,0.0,0.0,0.0,376.0,0.0,0.0,0.0,0.0,9.0
2019-03-29T04:00:00.0,0.0,857.0,0.0,1176.0,8681.0,0.0,0.0,0.0,0.0,0.0,0.0,0.0,0.0,0.0,379.0,0.0,0.0,0.0,0.0,9.0
2019-03-29T05:00:00.0,0.0,930.0,0.0,1174.0,9717.0,0.0,0.0,0.0,0.0,0.0,0.0,0.0,0.0,0.0,374.0,0.0,0.0,0.0,0.0,9.0
2019-03-29T06:00:00.0,0.0,943.0,0.0,1183.0,12078.0,0.0,0.0,0.0,0.0,0.0,0.0,0.0,0.0,0.0,377.0,0.0,0.0,0.0,0.0,9.0
2019-03-29T07:00:00.0,0.0,1014.0,0.0,1189.0,13656.0,0.0,0.0,0.0,0.0,0.0,0.0,0.0,0.0,0.0,377.0,0.0,0.0,0.0,0.0,9.0
2019-03-29T08:00:00.0,0.0,959.0,0.0,1191.0,13645.0,0.0,0.0,0.0,0.0,0.0,0.0,0.0,0.0,0.0,369.0,0.0,0.0,0.0,0.0,9.0
2019-03-29T09:00:00.0,0.0,951.0,0.0,1194.0,12777.0,0.0,0.0,0.0,0.0,0.0,0.0,0.0,0.0,0.0,374.0,0.0,0.0,0.0,0.0,4.0
2019-03-29T10:00:00.0,0.0,941.0,0.0,1186.0,11590.0,0.0,0.0,0.0,0.0,0.0,0.0,0.0,0.0,0.0,378.0,0.0,0.0,0.0,0.0,4.0
2019-03-29T11:00:00.0,0.0,993.0,0.0,1188.0,10651.0,0.0,0.0,0.0,0.0,0.0,0.0,0.0,0.0,0.0,377.0,0.0,0.0,0.0,0.0,4.0
2019-03-29T12:00:00.0,0.0,911.0,0.0,1184.0,10718.0,0.0,0.0,0.0,0.0,0.0,0.0,0.0,0.0,0.0,375.0,0.0,0.0,0.0,0.0,4.0
2019-03-29T13:00:00.0,0.0,998.0,0.0,1180.0,10462.0,0.0,0.0,0.0,0.0,0.0,0.0,0.0,0.0,0.0,371.0,0.0,0.0,0.0,0.0,4.0
2019-03-29T14:00:00.0,0.0,1034.0,0.0,1191.0,10378.0,0.0,0.0,0.0,0.0,0.0,0.0,0.0,0.0,0.0,373.0,0.0,0.0,0.0,0.0,4.0
2019-03-29T15:00:00.0,0.0,1014.0,0.0,1189.0,10653.0,0.0,0.0,0.0,0.0,0.0,0.0,0.0,0.0,0.0,378.0,0.0,0.0,0.0,0.0,4.0
2019-03-29T16:00:00.0,0.0,1056.0,0.0,1188.0,11289.0,0.0,0.0,0.0,0.0,0.0,0.0,0.0,0.0,0.0,376.0,0.0,0.0,0.0,0.0,4.0
2019-03-29T17:00:00.0,0.0,1061.0,0.0,1199.0,11948.0,0.0,0.0,0.0,0.0,0.0,0.0,0.0,0.0,0.0,376.0,0.0,0.0,0.0,0.0,4.0
2019-03-29T18:00:00.0,0.0,1073.0,0.0,1201.0,12218.0,0.0,0.0,0.0,0.0,0.0,0.0,0.0,0.0,0.0,370.0,0.0,0.0,0.0,0.0,4.0
2019-03-29T19:00:00.0,0.0,1077.0,0.0,1208.0,12107.0,0.0,0.0,0.0,0.0,0.0,0.0,0.0,0.0,0.0,374.0,0.0,0.0,0.0,0.0,4.0
2019-03-29T20:00:00.0,0.0,1052.0,0.0,1209.0,11428.0,0.0,0.0,0.0,0.0,0.0,0.0,0.0,0.0,0.0,378.0,0.0,0.0,0.0,0.0,7.0
2019-03-29T21:00:00.0,0.0,1065.0,0.0,1210.0,11377.0,0.0,0.0,0.0,0.0,0.0,0.0,0.0,0.0,0.0,379.0,0.0,0.0,0.0,0.0,9.0
2019-03-29T22:00:00.0,0.0,1007.0,0.0,1209.0,10987.0,0.0,0.0,0.0,0.0,0.0,0.0,0.0,0.0,0.0,377.0,0.0,0.0,0.0,0.0,9.0
2019-03-29T23:00:00.0,0.0,1020.0,0.0,1210.0,9944.0,0.0,0.0,0.0,0.0,0.0,0.0,0.0,0.0,0.0,375.0,0.0,0.0,0.0,0.0,9.0
2019-03-30T00:00:00.0,0.0,971.0,0.0,1277.0,9477.0,0.0,0.0,0.0,0.0,0.0,0.0,0.0,0.0,0.0,368.0,0.0,0.0,0.0,0.0,10.0
2019-03-30T01:00:00.0,0.0,926.0,0.0,1276.0,9123.0,0.0,0.0,0.0,0.0,0.0,0.0,0.0,0.0,0.0,368.0,0.0,0.0,0.0,0.0,10.0
2019-03-30T02:00:00.0,0.0,894.0,0.0,1268.0,8891.0,0.0,0.0,0.0,0.0,0.0,0.0,0.0,0.0,0.0,366.0,0.0,0.0,0.0,0.0,10.0
2019-03-30T03:00:00.0,0.0,855.0,0.0,1263.0,8959.0,0.0,0.0,0.0,0.0,0.0,0.0,0.0,0.0,0.0,369.0,0.0,0.0,0.0,0.0,10.0
2019-03-30T04:00:00.0,0.0,888.0,0.0,1264.0,8946.0,0.0,0.0,0.0,0.0,0.0,0.0,0.0,0.0,0.0,368.0,0.0,0.0,0.0,0.0,10.0
2019-03-30T05:00:00.0,0.0,870.0,0.0,1269.0,8893.0,0.0,0.0,0.0,0.0,0.0,0.0,0.0,0.0,0.0,368.0,0.0,0.0,0.0,0.0,10.0
2019-03-30T06:00:00.0,0.0,869.0,0.0,1268.0,9158.0,0.0,0.0,0.0,0.0,0.0,0.0,0.0,0.0,0.0,367.0,0.0,0.0,0.0,0.0,10.0
2019-03-30T07:00:00.0,0.0,902.0,0.0,1277.0,9618.0,0.0,0.0,0.0,0.0,0.0,0.0,0.0,0.0,0.0,368.0,0.0,0.0,0.0,0.0,10.0
2019-03-30T08:00:00.0,0.0,868.0,0.0,1286.0,10059.0,0.0,0.0,0.0,0.0,0.0,0.0,0.0,0.0,0.0,367.0,0.0,0.0,0.0,0.0,10.0
2019-03-30T09:00:00.0,0.0,675.0,0.0,1290.0,10080.0,0.0,0.0,0.0,0.0,0.0,0.0,0.0,0.0,0.0,360.0,0.0,0.0,0.0,0.0,10.0
2019-03-30T10:00:00.0,0.0,726.0,0.0,1285.0,9968.0,0.0,0.0,0.0,0.0,0.0,0.0,0.0,0.0,0.0,368.0,0.0,0.0,0.0,0.0,10.0
2019-03-30T11:00:00.0,0.0,707.0,0.0,1291.0,9772.0,0.0,0.0,0.0,0.0,0.0,0.0,0.0,0.0,0.0,367.0,0.0,0.0,0.0,0.0,4.0
2019-03-30T12:00:00.0,0.0,732.0,0.0,1286.0,9838.0,0.0,0.0,0.0,0.0,0.0,0.0,0.0,0.0,0.0,364.0,0.0,0.0,0.0,0.0,4.0
2019-03-30T13:00:00.0,0.0,766.0,0.0,1281.0,9774.0,0.0,0.0,0.0,0.0,0.0,0.0,0.0,0.0,0.0,373.0,0.0,0.0,0.0,0.0,4.0
2019-03-30T14:00:00.0,0.0,792.0,0.0,1280.0,9819.0,0.0,0.0,0.0,0.0,0.0,0.0,0.0,0.0,0.0,370.0,0.0,0.0,0.0,0.0,4.0
2019-03-30T15:00:00.0,0.0,813.0,0.0,1279.0,9970.0,0.0,0.0,0.0,0.0,0.0,0.0,0.0,0.0,0.0,374.0,0.0,0.0,0.0,0.0,10.0
2019-03-30T16:00:00.0,0.0,844.0,0.0,1274.0,10247.0,0.0,0.0,0.0,0.0,0.0,0.0,0.0,0.0,0.0,374.0,0.0,0.0,0.0,0.0,10.0
2019-03-30T17:00:00.0,0.0,867.0,0.0,1271.0,11237.0,0.0,0.0,0.0,0.0,0.0,0.0,0.0,0.0,0.0,369.0,0.0,0.0,0.0,0.0,10.0
2019-03-30T18:00:00.0,0.0,906.0,0.0,1271.0,12198.0,0.0,0.0,0.0,0.0,0.0,0.0,0.0,0.0,0.0,368.0,0.0,0.0,0.0,0.0,10.0
2019-03-30T19:00:00.0,0.0,999.0,0.0,1266.0,12412.0,0.0,0.0,0.0,0.0,0.0,0.0,0.0,0.0,0.0,345.0,0.0,0.0,0.0,0.0,10.0
2019-03-30T20:00:00.0,0.0,960.0,0.0,1264.0,12023.0,0.0,0.0,0.0,0.0,0.0,0.0,0.0,0.0,0.0,345.0,0.0,0.0,0.0,0.0,10.0
2019-03-30T21:00:00.0,0.0,939.0,0.0,1257.0,11613.0,0.0,0.0,0.0,0.0,0.0,0.0,0.0,0.0,0.0,366.0,0.0,0.0,0.0,0.0,10.0
2019-03-30T22:00:00.0,0.0,1004.0,0.0,1252.0,11181.0,0.0,0.0,0.0,0.0,0.0,0.0,0.0,0.0,0.0,362.0,0.0,0.0,0.0,0.0,10.0
2019-03-30T23:00:00.0,0.0,1091.0,0.0,1248.0,10069.0,0.0,0.0,0.0,0.0,0.0,0.0,0.0,0.0,0.0,363.0,0.0,0.0,0.0,0.0,10.0
2019-03-31T00:00:00.0,0.0,1085.0,0.0,1241.0,10064.0,0.0,0.0,0.0,0.0,0.0,0.0,0.0,0.0,0.0,358.0,0.0,0.0,0.0,0.0,10.0
2019-03-31T01:00:00.0,0.0,1088.0,0.0,1236.0,9336.0,0.0,0.0,0.0,0.0,0.0,0.0,0.0,0.0,0.0,359.0,0.0,0.0,0.0,0.0,10.0
2019-03-31T02:00:00.0,0.0,1084.0,0.0,1229.0,9791.0,0.0,0.0,0.0,0.0,0.0,0.0,0.0,0.0,0.0,362.0,0.0,0.0,0.0,0.0,10.0
2019-03-31T03:00:00.0,0.0,1088.0,0.0,1225.0,9443.0,0.0,0.0,0.0,0.0,0.0,0.0,0.0,0.0,0.0,360.0,0.0,0.0,0.0,0.0,10.0
2019-03-31T04:00:00.0,0.0,1150.0,0.0,1213.0,9326.0,0.0,0.0,0.0,0.0,0.0,0.0,0.0,0.0,0.0,358.0,0.0,0.0,0.0,0.0,10.0
2019-03-31T05:00:00.0,0.0,1076.0,0.0,1214.0,8979.0,0.0,0.0,0.0,0.0,0.0,0.0,0.0,0.0,0.0,360.0,0.0,0.0,0.0,0.0,10.0
2019-03-31T06:00:00.0,0.0,1042.0,0.0,1213.0,8792.0,0.0,0.0,0.0,0.0,0.0,0.0,0.0,0.0,0.0,360.0,0.0,0.0,0.0,0.0,10.0
2019-03-31T07:00:00.0,0.0,948.0,0.0,1211.0,9121.0,0.0,0.0,0.0,0.0,0.0,0.0,0.0,0.0,0.0,361.0,0.0,0.0,0.0,0.0,10.0
2019-03-31T08:00:00.0,0.0,981.0,0.0,1202.0,9224.0,0.0,0.0,0.0,0.0,0.0,0.0,0.0,0.0,0.0,360.0,0.0,0.0,0.0,0.0,10.0
2019-03-31T09:00:00.0,0.0,842.0,0.0,1195.0,9296.0,0.0,0.0,0.0,0.0,0.0,0.0,0.0,0.0,0.0,362.0,0.0,0.0,0.0,0.0,10.0
2019-03-31T10:00:00.0,0.0,811.0,0.0,1193.0,9341.0,0.0,0.0,0.0,0.0,0.0,0.0,0.0,0.0,0.0,361.0,0.0,0.0,0.0,0.0,10.0
2019-03-31T11:00:00.0,0.0,804.0,0.0,1187.0,9551.0,0.0,0.0,0.0,0.0,0.0,0.0,0.0,0.0,0.0,356.0,0.0,0.0,0.0,0.0,9.0
2019-03-31T12:00:00.0,0.0,749.0,0.0,1186.0,8979.0,0.0,0.0,0.0,0.0,0.0,0.0,0.0,0.0,0.0,357.0,0.0,0.0,0.0,0.0,9.0
2019-03-31T13:00:00.0,0.0,839.0,0.0,1191.0,9036.0,0.0,0.0,0.0,0.0,0.0,0.0,0.0,0.0,0.0,355.0,0.0,0.0,0.0,0.0,9.0
2019-03-31T14:00:00.0,0.0,836.0,0.0,1187.0,9070.0,0.0,0.0,0.0,0.0,0.0,0.0,0.0,0.0,0.0,351.0,0.0,0.0,0.0,0.0,9.0
2019-03-31T15:00:00.0,0.0,801.0,0.0,1185.0,9165.0,0.0,0.0,0.0,0.0,0.0,0.0,0.0,0.0,0.0,360.0,0.0,0.0,0.0,0.0,9.0
2019-03-31T16:00:00.0,0.0,833.0,0.0,1186.0,9440.0,0.0,0.0,0.0,0.0,0.0,0.0,0.0,0.0,0.0,362.0,0.0,0.0,0.0,0.0,8.0
2019-03-31T17:00:00.0,0.0,779.0,0.0,1182.0,9669.0,0.0,0.0,0.0,0.0,0.0,0.0,0.0,0.0,0.0,362.0,0.0,0.0,0.0,0.0,8.0
2019-03-31T18:00:00.0,0.0,756.0,0.0,1180.0,12001.0,0.0,0.0,0.0,0.0,0.0,0.0,0.0,0.0,0.0,361.0,0.0,0.0,0.0,0.0,8.0
2019-03-31T19:00:00.0,0.0,648.0,0.0,1183.0,13607.0,0.0,0.0,0.0,0.0,0.0,0.0,0.0,0.0,0.0,367.0,0.0,0.0,0.0,0.0,8.0
2019-03-31T20:00:00.0,0.0,647.0,0.0,1181.0,12454.0,0.0,0.0,0.0,0.0,0.0,0.0,0.0,0.0,0.0,369.0,0.0,0.0,0.0,0.0,8.0
2019-03-31T21:00:00.0,0.0,608.0,0.0,1178.0,12028.0,0.0,0.0,0.0,0.0,0.0,0.0,0.0,0.0,0.0,371.0,0.0,0.0,0.0,0.0,8.0
2019-03-31T22:00:00.0,0.0,625.0,0.0,1176.0,10788.0,0.0,0.0,0.0,0.0,0.0,0.0,0.0,0.0,0.0,369.0,0.0,0.0,0.0,0.0,7.0
2019-03-31T23:00:00.0,0.0,711.0,0.0,1162.0,9519.0,0.0,0.0,0.0,0.0,0.0,0.0,0.0,0.0,0.0,363.0,0.0,0.0,0.0,0.0,7.0
2019-04-01T00:00:00.0,0.0,727.0,0.0,1162.0,9472.0,0.0,0.0,0.0,0.0,0.0,0.0,0.0,0.0,0.0,363.0,0.0,0.0,0.0,0.0,7.0
2019-04-01T01:00:00.0,0.0,745.0,0.0,1161.0,9541.0,0.0,0.0,0.0,0.0,0.0,0.0,0.0,0.0,0.0,364.0,0.0,0.0,0.0,0.0,7.0
2019-04-01T02:00:00.0,0.0,784.0,0.0,1153.0,9544.0,0.0,0.0,0.0,0.0,0.0,0.0,0.0,0.0,0.0,365.0,0.0,0.0,0.0,0.0,7.0
2019-04-01T03:00:00.0,0.0,834.0,0.0,1152.0,9593.0,0.0,0.0,0.0,0.0,0.0,0.0,0.0,0.0,0.0,365.0,0.0,0.0,0.0,0.0,7.0
2019-04-01T04:00:00.0,0.0,870.0,0.0,1150.0,11826.0,0.0,0.0,0.0,0.0,0.0,0.0,0.0,0.0,0.0,365.0,0.0,0.0,0.0,0.0,6.0
2019-04-01T05:00:00.0,0.0,863.0,0.0,1146.0,17052.0,0.0,0.0,0.0,0.0,0.0,0.0,0.0,0.0,0.0,366.0,0.0,0.0,0.0,0.0,6.0
2019-04-01T06:00:00.0,0.0,840.0,0.0,1149.0,19781.0,0.0,0.0,0.0,0.0,0.0,0.0,0.0,0.0,0.0,364.0,0.0,0.0,0.0,0.0,6.0
2019-04-01T07:00:00.0,0.0,800.0,0.0,1154.0,19799.0,0.0,0.0,0.0,0.0,0.0,0.0,0.0,0.0,0.0,361.0,0.0,0.0,0.0,0.0,6.0
2019-04-01T08:00:00.0,0.0,776.0,0.0,1151.0,18706.0,0.0,0.0,0.0,0.0,0.0,0.0,0.0,0.0,0.0,365.0,0.0,0.0,0.0,0.0,6.0
2019-04-01T09:00:00.0,0.0,715.0,0.0,1146.0,16696.0,0.0,0.0,0.0,0.0,0.0,0.0,0.0,0.0,0.0,365.0,0.0,0.0,0.0,0.0,6.0
2019-04-01T10:00:00.0,0.0,806.0,0.0,1143.0,14600.0,0.0,0.0,0.0,0.0,0.0,0.0,0.0,0.0,0.0,369.0,0.0,0.0,0.0,0.0,6.0
2019-04-01T11:00:00.0,0.0,759.0,0.0,1137.0,12758.0,0.0,0.0,0.0,0.0,0.0,0.0,0.0,0.0,0.0,363.0,0.0,0.0,0.0,0.0,6.0
2019-04-01T12:00:00.0,0.0,784.0,0.0,1136.0,12300.0,0.0,0.0,0.0,0.0,0.0,0.0,0.0,0.0,0.0,367.0,0.0,0.0,0.0,0.0,6.0
2019-04-01T13:00:00.0,0.0,824.0,0.0,1132.0,11418.0,0.0,0.0,0.0,0.0,0.0,0.0,0.0,0.0,0.0,368.0,0.0,0.0,0.0,0.0,6.0
2019-04-01T14:00:00.0,0.0,829.0,0.0,1132.0,11110.0,0.0,0.0,0.0,0.0,0.0,0.0,0.0,0.0,0.0,365.0,0.0,0.0,0.0,0.0,6.0
2019-04-01T15:00:00.0,0.0,802.0,0.0,1128.0,11673.0,0.0,0.0,0.0,0.0,0.0,0.0,0.0,0.0,0.0,367.0,0.0,0.0,0.0,0.0,6.0
2019-04-01T16:00:00.0,0.0,839.0,0.0,1125.0,12727.0,0.0,0.0,0.0,0.0,0.0,0.0,0.0,0.0,0.0,353.0,0.0,0.0,0.0,0.0,6.0
2019-04-01T17:00:00.0,0.0,904.0,0.0,1122.0,15205.0,0.0,0.0,0.0,0.0,0.0,0.0,0.0,0.0,0.0,362.0,0.0,0.0,0.0,0.0,6.0
2019-04-01T18:00:00.0,0.0,728.0,0.0,1124.0,16460.0,0.0,0.0,0.0,0.0,0.0,0.0,0.0,0.0,0.0,364.0,0.0,0.0,0.0,0.0,6.0
2019-04-01T19:00:00.0,0.0,710.0,0.0,1121.0,16213.0,0.0,0.0,0.0,0.0,0.0,0.0,0.0,0.0,0.0,367.0,0.0,0.0,0.0,0.0,6.0
2019-04-01T20:00:00.0,0.0,617.0,0.0,1117.0,13896.0,0.0,0.0,0.0,0.0,0.0,0.0,0.0,0.0,0.0,364.0,0.0,0.0,0.0,0.0,6.0
2019-04-01T21:00:00.0,0.0,660.0,0.0,1113.0,11545.0,0.0,0.0,0.0,0.0,0.0,0.0,0.0,0.0,0.0,367.0,0.0,0.0,0.0,0.0,4.0
2019-04-01T22:00:00.0,0.0,686.0,0.0,1115.0,10322.0,0.0,0.0,0.0,0.0,0.0,0.0,0.0,0.0,0.0,380.0,0.0,0.0,0.0,0.0,4.0
2019-04-01T23:00:00.0,0.0,714.0,0.0,1077.0,9581.0,0.0,0.0,0.0,0.0,0.0,0.0,0.0,0.0,0.0,367.0,0.0,0.0,0.0,0.0,3.0
2019-04-02T00:00:00.0,0.0,752.0,0.0,1078.0,9062.0,0.0,0.0,0.0,0.0,0.0,0.0,0.0,0.0,0.0,369.0,0.0,0.0,0.0,0.0,3.0
2019-04-02T01:00:00.0,0.0,758.0,0.0,1077.0,8641.0,0.0,0.0,0.0,0.0,0.0,0.0,0.0,0.0,0.0,354.0,0.0,0.0,0.0,0.0,3.0
2019-04-02T02:00:00.0,0.0,828.0,0.0,1071.0,8764.0,0.0,0.0,0.0,0.0,0.0,0.0,0.0,0.0,0.0,348.0,0.0,0.0,0.0,0.0,3.0
2019-04-02T03:00:00.0,0.0,788.0,0.0,1074.0,8888.0,0.0,0.0,0.0,0.0,0.0,0.0,0.0,0.0,0.0,347.0,0.0,0.0,0.0,0.0,3.0
2019-04-02T04:00:00.0,0.0,808.0,0.0,1074.0,9351.0,0.0,0.0,0.0,0.0,0.0,0.0,0.0,0.0,0.0,350.0,0.0,0.0,0.0,0.0,3.0
2019-04-02T05:00:00.0,0.0,844.0,0.0,1075.0,12825.0,0.0,0.0,0.0,0.0,0.0,0.0,0.0,0.0,0.0,353.0,0.0,0.0,0.0,0.0,3.0
2019-04-02T06:00:00.0,0.0,873.0,0.0,1076.0,16339.0,0.0,0.0,0.0,0.0,0.0,0.0,0.0,0.0,0.0,351.0,0.0,0.0,0.0,0.0,3.0
2019-04-02T07:00:00.0,0.0,832.0,0.0,1083.0,17064.0,0.0,0.0,0.0,0.0,0.0,0.0,0.0,0.0,0.0,336.0,0.0,0.0,0.0,0.0,3.0
2019-04-02T08:00:00.0,0.0,851.0,0.0,1065.0,15232.0,0.0,0.0,0.0,0.0,0.0,0.0,0.0,0.0,0.0,337.0,0.0,0.0,0.0,0.0,3.0
2019-04-02T09:00:00.0,0.0,836.0,0.0,1066.0,13106.0,0.0,0.0,0.0,0.0,0.0,0.0,0.0,0.0,0.0,334.0,0.0,0.0,0.0,0.0,3.0
2019-04-02T10:00:00.0,0.0,840.0,0.0,1064.0,11790.0,0.0,0.0,0.0,0.0,0.0,0.0,0.0,0.0,0.0,318.0,0.0,0.0,0.0,0.0,3.0
2019-04-02T11:00:00.0,0.0,885.0,0.0,1059.0,11798.0,0.0,0.0,0.0,0.0,0.0,0.0,0.0,0.0,0.0,337.0,0.0,0.0,0.0,0.0,3.0
2019-04-02T12:00:00.0,0.0,773.0,0.0,1063.0,11557.0,0.0,0.0,0.0,0.0,0.0,0.0,0.0,0.0,0.0,339.0,0.0,0.0,0.0,0.0,3.0
2019-04-02T13:00:00.0,0.0,770.0,0.0,1062.0,10836.0,0.0,0.0,0.0,0.0,0.0,0.0,0.0,0.0,0.0,340.0,0.0,0.0,0.0,0.0,3.0
2019-04-02T14:00:00.0,0.0,762.0,0.0,1059.0,10420.0,0.0,0.0,0.0,0.0,0.0,0.0,0.0,0.0,0.0,339.0,0.0,0.0,0.0,0.0,3.0
2019-04-02T15:00:00.0,0.0,729.0,0.0,1057.0,10606.0,0.0,0.0,0.0,0.0,0.0,0.0,0.0,0.0,0.0,340.0,0.0,0.0,0.0,0.0,3.0
2019-04-02T16:00:00.0,0.0,675.0,0.0,1056.0,10838.0,0.0,0.0,0.0,0.0,0.0,0.0,0.0,0.0,0.0,348.0,0.0,0.0,0.0,0.0,3.0
2019-04-02T17:00:00.0,0.0,644.0,0.0,1051.0,12204.0,0.0,0.0,0.0,0.0,0.0,0.0,0.0,0.0,0.0,344.0,0.0,0.0,0.0,0.0,3.0
2019-04-02T18:00:00.0,0.0,668.0,0.0,1049.0,13192.0,0.0,0.0,0.0,0.0,0.0,0.0,0.0,0.0,0.0,339.0,0.0,0.0,0.0,0.0,3.0
2019-04-02T19:00:00.0,0.0,678.0,0.0,1047.0,12974.0,0.0,0.0,0.0,0.0,0.0,0.0,0.0,0.0,0.0,342.0,0.0,0.0,0.0,0.0,3.0
2019-04-02T20:00:00.0,0.0,713.0,0.0,1044.0,11954.0,0.0,0.0,0.0,0.0,0.0,0.0,0.0,0.0,0.0,343.0,0.0,0.0,0.0,0.0,3.0
2019-04-02T21:00:00.0,0.0,732.0,0.0,1044.0,10903.0,0.0,0.0,0.0,0.0,0.0,0.0,0.0,0.0,0.0,344.0,0.0,0.0,0.0,0.0,3.0
2019-04-02T22:00:00.0,0.0,786.0,0.0,1042.0,10253.0,0.0,0.0,0.0,0.0,0.0,0.0,0.0,0.0,0.0,346.0,0.0,0.0,0.0,0.0,3.0
2019-04-02T23:00:00.0,0.0,810.0,0.0,1020.0,9819.0,0.0,0.0,0.0,0.0,0.0,0.0,0.0,0.0,0.0,346.0,0.0,0.0,0.0,0.0,3.0
2019-04-03T00:00:00.0,0.0,807.0,0.0,1018.0,9477.0,0.0,0.0,0.0,0.0,0.0,0.0,0.0,0.0,0.0,343.0,0.0,0.0,0.0,0.0,3.0
2019-04-03T01:00:00.0,0.0,764.0,0.0,1019.0,9271.0,0.0,0.0,0.0,0.0,0.0,0.0,0.0,0.0,0.0,341.0,0.0,0.0,0.0,0.0,3.0
2019-04-03T02:00:00.0,0.0,772.0,0.0,1013.0,9542.0,0.0,0.0,0.0,0.0,0.0,0.0,0.0,0.0,0.0,340.0,0.0,0.0,0.0,0.0,3.0
2019-04-03T03:00:00.0,0.0,738.0,0.0,1013.0,9858.0,0.0,0.0,0.0,0.0,0.0,0.0,0.0,0.0,0.0,341.0,0.0,0.0,0.0,0.0,3.0
2019-04-03T04:00:00.0,0.0,778.0,0.0,1010.0,11358.0,0.0,0.0,0.0,0.0,0.0,0.0,0.0,0.0,0.0,341.0,0.0,0.0,0.0,0.0,3.0
2019-04-03T05:00:00.0,0.0,781.0,0.0,1012.0,15998.0,0.0,0.0,0.0,0.0,0.0,0.0,0.0,0.0,0.0,342.0,0.0,0.0,0.0,0.0,3.0
2019-04-03T06:00:00.0,0.0,674.0,0.0,1020.0,18378.0,0.0,0.0,0.0,0.0,0.0,0.0,0.0,0.0,0.0,341.0,0.0,0.0,0.0,0.0,3.0
2019-04-03T07:00:00.0,0.0,627.0,0.0,1026.0,19140.0,0.0,0.0,0.0,0.0,0.0,0.0,0.0,0.0,0.0,343.0,0.0,0.0,0.0,0.0,3.0
2019-04-03T08:00:00.0,0.0,579.0,0.0,1013.0,18838.0,0.0,0.0,0.0,0.0,0.0,0.0,0.0,0.0,0.0,348.0,0.0,0.0,0.0,0.0,3.0
2019-04-03T09:00:00.0,0.0,577.0,0.0,1018.0,18786.0,0.0,0.0,0.0,0.0,0.0,0.0,0.0,0.0,0.0,346.0,0.0,0.0,0.0,0.0,3.0
2019-04-03T10:00:00.0,0.0,570.0,0.0,1017.0,18401.0,0.0,0.0,0.0,0.0,0.0,0.0,0.0,0.0,0.0,350.0,0.0,0.0,0.0,0.0,3.0
2019-04-03T11:00:00.0,0.0,506.0,0.0,1011.0,17526.0,0.0,0.0,0.0,0.0,0.0,0.0,0.0,0.0,0.0,342.0,0.0,0.0,0.0,0.0,3.0
2019-04-03T12:00:00.0,0.0,472.0,0.0,1013.0,16913.0,0.0,0.0,0.0,0.0,0.0,0.0,0.0,0.0,0.0,347.0,0.0,0.0,0.0,0.0,5.0
2019-04-03T13:00:00.0,0.0,401.0,0.0,1013.0,16372.0,0.0,0.0,0.0,0.0,0.0,0.0,0.0,0.0,0.0,350.0,0.0,0.0,0.0,0.0,5.0
2019-04-03T14:00:00.0,0.0,351.0,0.0,1014.0,15972.0,0.0,0.0,0.0,0.0,0.0,0.0,0.0,0.0,0.0,347.0,0.0,0.0,0.0,0.0,5.0
2019-04-03T15:00:00.0,0.0,323.0,0.0,1019.0,16277.0,0.0,0.0,0.0,0.0,0.0,0.0,0.0,0.0,0.0,345.0,0.0,0.0,0.0,0.0,5.0
2019-04-03T16:00:00.0,0.0,354.0,0.0,1019.0,16864.0,0.0,0.0,0.0,0.0,0.0,0.0,0.0,0.0,0.0,352.0,0.0,0.0,0.0,0.0,5.0
2019-04-03T17:00:00.0,0.0,364.0,0.0,1021.0,16868.0,0.0,0.0,0.0,0.0,0.0,0.0,0.0,0.0,0.0,350.0,0.0,0.0,0.0,0.0,5.0
2019-04-03T18:00:00.0,0.0,395.0,0.0,1031.0,16954.0,0.0,0.0,0.0,0.0,0.0,0.0,0.0,0.0,0.0,348.0,0.0,0.0,0.0,0.0,5.0
2019-04-03T19:00:00.0,0.0,341.0,0.0,1032.0,16497.0,0.0,0.0,0.0,0.0,0.0,0.0,0.0,0.0,0.0,369.0,0.0,0.0,0.0,0.0,5.0
2019-04-03T20:00:00.0,0.0,377.0,0.0,1030.0,14916.0,0.0,0.0,0.0,0.0,0.0,0.0,0.0,0.0,0.0,365.0,0.0,0.0,0.0,0.0,5.0
2019-04-03T21:00:00.0,0.0,457.0,0.0,1025.0,12494.0,0.0,0.0,0.0,0.0,0.0,0.0,0.0,0.0,0.0,370.0,0.0,0.0,0.0,0.0,5.0
2019-04-03T22:00:00.0,0.0,480.0,0.0,1025.0,10665.0,0.0,0.0,0.0,0.0,0.0,0.0,0.0,0.0,0.0,367.0,0.0,0.0,0.0,0.0,5.0
2019-04-03T23:00:00.0,0.0,496.0,0.0,999.0,10092.0,0.0,0.0,0.0,0.0,0.0,0.0,0.0,0.0,0.0,363.0,0.0,0.0,0.0,0.0,4.0
2019-04-04T00:00:00.0,0.0,521.0,0.0,999.0,10004.0,0.0,0.0,0.0,0.0,0.0,0.0,0.0,0.0,0.0,364.0,0.0,0.0,0.0,0.0,4.0
2019-04-04T01:00:00.0,0.0,529.0,0.0,1000.0,9927.0,0.0,0.0,0.0,0.0,0.0,0.0,0.0,0.0,0.0,365.0,0.0,0.0,0.0,0.0,4.0
2019-04-04T02:00:00.0,0.0,555.0,0.0,997.0,9879.0,0.0,0.0,0.0,0.0,0.0,0.0,0.0,0.0,0.0,360.0,0.0,0.0,0.0,0.0,4.0
2019-04-04T03:00:00.0,0.0,621.0,0.0,1000.0,10061.0,0.0,0.0,0.0,0.0,0.0,0.0,0.0,0.0,0.0,358.0,0.0,0.0,0.0,0.0,4.0
2019-04-04T04:00:00.0,0.0,631.0,0.0,1000.0,11803.0,0.0,0.0,0.0,0.0,0.0,0.0,0.0,0.0,0.0,360.0,0.0,0.0,0.0,0.0,4.0
2019-04-04T05:00:00.0,0.0,659.0,0.0,1000.0,15621.0,0.0,0.0,0.0,0.0,0.0,0.0,0.0,0.0,0.0,361.0,0.0,0.0,0.0,0.0,4.0
2019-04-04T06:00:00.0,0.0,655.0,0.0,1005.0,18170.0,0.0,0.0,0.0,0.0,0.0,0.0,0.0,0.0,0.0,361.0,0.0,0.0,0.0,0.0,4.0
2019-04-04T07:00:00.0,0.0,695.0,0.0,1014.0,18349.0,0.0,0.0,0.0,0.0,0.0,0.0,0.0,0.0,0.0,359.0,0.0,0.0,0.0,0.0,4.0
2019-04-04T08:00:00.0,0.0,615.0,0.0,1004.0,17979.0,0.0,0.0,0.0,0.0,0.0,0.0,0.0,0.0,0.0,356.0,0.0,0.0,0.0,0.0,4.0
2019-04-04T09:00:00.0,0.0,645.0,0.0,1004.0,18079.0,0.0,0.0,0.0,0.0,0.0,0.0,0.0,0.0,0.0,355.0,0.0,0.0,0.0,0.0,4.0
2019-04-04T10:00:00.0,0.0,672.0,0.0,1002.0,17752.0,0.0,0.0,0.0,0.0,0.0,0.0,0.0,0.0,0.0,352.0,0.0,0.0,0.0,0.0,4.0
2019-04-04T11:00:00.0,0.0,762.0,0.0,1002.0,17275.0,0.0,0.0,0.0,0.0,0.0,0.0,0.0,0.0,0.0,349.0,0.0,0.0,0.0,0.0,4.0
2019-04-04T12:00:00.0,0.0,794.0,0.0,1005.0,16471.0,0.0,0.0,0.0,0.0,0.0,0.0,0.0,0.0,0.0,356.0,0.0,0.0,0.0,0.0,4.0
2019-04-04T13:00:00.0,0.0,808.0,0.0,1011.0,15001.0,0.0,0.0,0.0,0.0,0.0,0.0,0.0,0.0,0.0,352.0,0.0,0.0,0.0,0.0,4.0
2019-04-04T14:00:00.0,0.0,773.0,0.0,1013.0,14135.0,0.0,0.0,0.0,0.0,0.0,0.0,0.0,0.0,0.0,349.0,0.0,0.0,0.0,0.0,4.0
2019-04-04T15:00:00.0,0.0,762.0,0.0,1018.0,14851.0,0.0,0.0,0.0,0.0,0.0,0.0,0.0,0.0,0.0,344.0,0.0,0.0,0.0,0.0,4.0
2019-04-04T16:00:00.0,0.0,751.0,0.0,1031.0,15793.0,0.0,0.0,0.0,0.0,0.0,0.0,0.0,0.0,0.0,346.0,0.0,0.0,0.0,0.0,4.0
2019-04-04T17:00:00.0,0.0,753.0,0.0,1034.0,16493.0,0.0,0.0,0.0,0.0,0.0,0.0,0.0,0.0,0.0,357.0,0.0,0.0,0.0,0.0,4.0
2019-04-04T18:00:00.0,0.0,777.0,0.0,1035.0,16556.0,0.0,0.0,0.0,0.0,0.0,0.0,0.0,0.0,0.0,357.0,0.0,0.0,0.0,0.0,4.0
2019-04-04T19:00:00.0,0.0,840.0,0.0,1039.0,15446.0,0.0,0.0,0.0,0.0,0.0,0.0,0.0,0.0,0.0,357.0,0.0,0.0,0.0,0.0,4.0
2019-04-04T20:00:00.0,0.0,811.0,0.0,1038.0,14350.0,0.0,0.0,0.0,0.0,0.0,0.0,0.0,0.0,0.0,353.0,0.0,0.0,0.0,0.0,4.0
2019-04-04T21:00:00.0,0.0,845.0,0.0,1037.0,12695.0,0.0,0.0,0.0,0.0,0.0,0.0,0.0,0.0,0.0,357.0,0.0,0.0,0.0,0.0,4.0
2019-04-04T22:00:00.0,0.0,928.0,0.0,1040.0,10805.0,0.0,0.0,0.0,0.0,0.0,0.0,0.0,0.0,0.0,351.0,0.0,0.0,0.0,0.0,4.0
2019-04-04T23:00:00.0,0.0,984.0,0.0,1017.0,9495.0,0.0,0.0,0.0,0.0,0.0,0.0,0.0,0.0,0.0,367.0,0.0,0.0,0.0,0.0,4.0
2019-04-05T00:00:00.0,0.0,1010.0,0.0,1013.0,9032.0,0.0,0.0,0.0,0.0,0.0,0.0,0.0,0.0,0.0,370.0,0.0,0.0,0.0,0.0,4.0
2019-04-05T01:00:00.0,0.0,878.0,0.0,1011.0,9074.0,0.0,0.0,0.0,0.0,0.0,0.0,0.0,0.0,0.0,374.0,0.0,0.0,0.0,0.0,4.0
2019-04-05T02:00:00.0,0.0,874.0,0.0,1007.0,8981.0,0.0,0.0,0.0,0.0,0.0,0.0,0.0,0.0,0.0,375.0,0.0,0.0,0.0,0.0,4.0
2019-04-05T03:00:00.0,0.0,893.0,0.0,1010.0,10137.0,0.0,0.0,0.0,0.0,0.0,0.0,0.0,0.0,0.0,371.0,0.0,0.0,0.0,0.0,4.0
2019-04-05T04:00:00.0,0.0,915.0,0.0,1009.0,12571.0,0.0,0.0,0.0,0.0,0.0,0.0,0.0,0.0,0.0,374.0,0.0,0.0,0.0,0.0,4.0
2019-04-05T05:00:00.0,0.0,930.0,0.0,1008.0,15569.0,0.0,0.0,0.0,0.0,0.0,0.0,0.0,0.0,0.0,373.0,0.0,0.0,0.0,0.0,4.0
2019-04-05T06:00:00.0,0.0,930.0,0.0,1010.0,17903.0,0.0,0.0,0.0,0.0,0.0,0.0,0.0,0.0,0.0,366.0,0.0,0.0,0.0,0.0,4.0
2019-04-05T07:00:00.0,0.0,904.0,0.0,1019.0,18618.0,0.0,0.0,0.0,0.0,0.0,0.0,0.0,0.0,0.0,361.0,0.0,0.0,0.0,0.0,4.0
2019-04-05T08:00:00.0,0.0,925.0,0.0,1018.0,18148.0,0.0,0.0,0.0,0.0,0.0,0.0,0.0,0.0,0.0,367.0,0.0,0.0,0.0,0.0,4.0
2019-04-05T09:00:00.0,0.0,887.0,0.0,1018.0,17477.0,0.0,0.0,0.0,0.0,0.0,0.0,0.0,0.0,0.0,370.0,0.0,0.0,0.0,0.0,4.0
2019-04-05T10:00:00.0,0.0,848.0,0.0,1017.0,16393.0,0.0,0.0,0.0,0.0,0.0,0.0,0.0,0.0,0.0,373.0,0.0,0.0,0.0,0.0,4.0
2019-04-05T11:00:00.0,0.0,822.0,0.0,1013.0,15514.0,0.0,0.0,0.0,0.0,0.0,0.0,0.0,0.0,0.0,370.0,0.0,0.0,0.0,0.0,4.0
2019-04-05T12:00:00.0,0.0,812.0,0.0,1013.0,14904.0,0.0,0.0,0.0,0.0,0.0,0.0,0.0,0.0,0.0,365.0,0.0,0.0,0.0,0.0,4.0
2019-04-05T13:00:00.0,0.0,797.0,0.0,1011.0,14125.0,0.0,0.0,0.0,0.0,0.0,0.0,0.0,0.0,0.0,360.0,0.0,0.0,0.0,0.0,4.0
2019-04-05T14:00:00.0,0.0,844.0,0.0,1012.0,13315.0,0.0,0.0,0.0,0.0,0.0,0.0,0.0,0.0,0.0,356.0,0.0,0.0,0.0,0.0,4.0
2019-04-05T15:00:00.0,0.0,831.0,0.0,1015.0,13930.0,0.0,0.0,0.0,0.0,0.0,0.0,0.0,0.0,0.0,357.0,0.0,0.0,0.0,0.0,4.0
2019-04-05T16:00:00.0,0.0,832.0,0.0,1030.0,14981.0,0.0,0.0,0.0,0.0,0.0,0.0,0.0,0.0,0.0,358.0,0.0,0.0,0.0,0.0,4.0
2019-04-05T17:00:00.0,0.0,860.0,0.0,1033.0,15175.0,0.0,0.0,0.0,0.0,0.0,0.0,0.0,0.0,0.0,361.0,0.0,0.0,0.0,0.0,4.0
2019-04-05T18:00:00.0,0.0,909.0,0.0,1048.0,15201.0,0.0,0.0,0.0,0.0,0.0,0.0,0.0,0.0,0.0,358.0,0.0,0.0,0.0,0.0,4.0
2019-04-05T19:00:00.0,0.0,882.0,0.0,1054.0,14715.0,0.0,0.0,0.0,0.0,0.0,0.0,0.0,0.0,0.0,362.0,0.0,0.0,0.0,0.0,5.0
2019-04-05T20:00:00.0,0.0,932.0,0.0,1065.0,14633.0,0.0,0.0,0.0,0.0,0.0,0.0,0.0,0.0,0.0,366.0,0.0,0.0,0.0,0.0,5.0
2019-04-05T21:00:00.0,0.0,903.0,0.0,1062.0,13380.0,0.0,0.0,0.0,0.0,0.0,0.0,0.0,0.0,0.0,364.0,0.0,0.0,0.0,0.0,5.0
2019-04-05T22:00:00.0,0.0,945.0,0.0,1062.0,12229.0,0.0,0.0,0.0,0.0,0.0,0.0,0.0,0.0,0.0,364.0,0.0,0.0,0.0,0.0,5.0
2019-04-05T23:00:00.0,0.0,949.0,0.0,1083.0,11697.0,0.0,0.0,0.0,0.0,0.0,0.0,0.0,0.0,0.0,361.0,0.0,0.0,0.0,0.0,6.0
2019-04-06T00:00:00.0,0.0,935.0,0.0,1087.0,10973.0,0.0,0.0,0.0,0.0,0.0,0.0,0.0,0.0,0.0,360.0,0.0,0.0,0.0,0.0,6.0
2019-04-06T01:00:00.0,0.0,888.0,0.0,1088.0,9952.0,0.0,0.0,0.0,0.0,0.0,0.0,0.0,0.0,0.0,361.0,0.0,0.0,0.0,0.0,6.0
2019-04-06T02:00:00.0,0.0,872.0,0.0,1086.0,9566.0,0.0,0.0,0.0,0.0,0.0,0.0,0.0,0.0,0.0,360.0,0.0,0.0,0.0,0.0,6.0
2019-04-06T03:00:00.0,0.0,876.0,0.0,1086.0,9552.0,0.0,0.0,0.0,0.0,0.0,0.0,0.0,0.0,0.0,357.0,0.0,0.0,0.0,0.0,6.0
2019-04-06T04:00:00.0,0.0,824.0,0.0,1085.0,10003.0,0.0,0.0,0.0,0.0,0.0,0.0,0.0,0.0,0.0,362.0,0.0,0.0,0.0,0.0,6.0
2019-04-06T05:00:00.0,0.0,803.0,0.0,1082.0,11377.0,0.0,0.0,0.0,0.0,0.0,0.0,0.0,0.0,0.0,361.0,0.0,0.0,0.0,0.0,6.0
2019-04-06T06:00:00.0,0.0,707.0,0.0,1081.0,12546.0,0.0,0.0,0.0,0.0,0.0,0.0,0.0,0.0,0.0,358.0,0.0,0.0,0.0,0.0,6.0
2019-04-06T07:00:00.0,0.0,640.0,0.0,1082.0,14040.0,0.0,0.0,0.0,0.0,0.0,0.0,0.0,0.0,0.0,356.0,0.0,0.0,0.0,0.0,6.0
2019-04-06T08:00:00.0,0.0,468.0,0.0,1079.0,14731.0,0.0,0.0,0.0,0.0,0.0,0.0,0.0,0.0,0.0,361.0,0.0,0.0,0.0,0.0,6.0
2019-04-06T09:00:00.0,0.0,452.0,0.0,1078.0,14209.0,0.0,0.0,0.0,0.0,0.0,0.0,0.0,0.0,0.0,360.0,0.0,0.0,0.0,0.0,6.0
2019-04-06T10:00:00.0,0.0,413.0,0.0,1073.0,12514.0,0.0,0.0,0.0,0.0,0.0,0.0,0.0,0.0,0.0,358.0,0.0,0.0,0.0,0.0,6.0
2019-04-06T11:00:00.0,0.0,425.0,0.0,1069.0,10954.0,0.0,0.0,0.0,0.0,0.0,0.0,0.0,0.0,0.0,358.0,0.0,0.0,0.0,0.0,6.0
2019-04-06T12:00:00.0,0.0,370.0,0.0,1068.0,10740.0,0.0,0.0,0.0,0.0,0.0,0.0,0.0,0.0,0.0,359.0,0.0,0.0,0.0,0.0,6.0
2019-04-06T13:00:00.0,0.0,309.0,0.0,1069.0,10484.0,0.0,0.0,0.0,0.0,0.0,0.0,0.0,0.0,0.0,361.0,0.0,0.0,0.0,0.0,6.0
2019-04-06T14:00:00.0,0.0,308.0,0.0,1070.0,10514.0,0.0,0.0,0.0,0.0,0.0,0.0,0.0,0.0,0.0,360.0,0.0,0.0,0.0,0.0,6.0
2019-04-06T15:00:00.0,0.0,270.0,0.0,1072.0,10531.0,0.0,0.0,0.0,0.0,0.0,0.0,0.0,0.0,0.0,356.0,0.0,0.0,0.0,0.0,6.0
2019-04-06T16:00:00.0,0.0,290.0,0.0,1074.0,11407.0,0.0,0.0,0.0,0.0,0.0,0.0,0.0,0.0,0.0,358.0,0.0,0.0,0.0,0.0,6.0
2019-04-06T17:00:00.0,0.0,206.0,0.0,1076.0,12825.0,0.0,0.0,0.0,0.0,0.0,0.0,0.0,0.0,0.0,362.0,0.0,0.0,0.0,0.0,6.0
2019-04-06T18:00:00.0,0.0,292.0,0.0,1079.0,13602.0,0.0,0.0,0.0,0.0,0.0,0.0,0.0,0.0,0.0,363.0,0.0,0.0,0.0,0.0,6.0
2019-04-06T19:00:00.0,0.0,305.0,0.0,1077.0,13952.0,0.0,0.0,0.0,0.0,0.0,0.0,0.0,0.0,0.0,359.0,0.0,0.0,0.0,0.0,6.0
2019-04-06T20:00:00.0,0.0,328.0,0.0,1084.0,12923.0,0.0,0.0,0.0,0.0,0.0,0.0,0.0,0.0,0.0,367.0,0.0,0.0,0.0,0.0,6.0
2019-04-06T21:00:00.0,0.0,303.0,0.0,1081.0,11578.0,0.0,0.0,0.0,0.0,0.0,0.0,0.0,0.0,0.0,369.0,0.0,0.0,0.0,0.0,6.0
2019-04-06T22:00:00.0,0.0,343.0,0.0,1089.0,10838.0,0.0,0.0,0.0,0.0,0.0,0.0,0.0,0.0,0.0,369.0,0.0,0.0,0.0,0.0,6.0
2019-04-06T23:00:00.0,0.0,280.0,0.0,1094.0,10221.0,0.0,0.0,0.0,0.0,0.0,0.0,0.0,0.0,0.0,376.0,0.0,0.0,0.0,0.0,6.0
2019-04-07T00:00:00.0,0.0,408.0,0.0,1092.0,9522.0,0.0,0.0,0.0,0.0,0.0,0.0,0.0,0.0,0.0,370.0,0.0,0.0,0.0,0.0,6.0
2019-04-07T01:00:00.0,0.0,358.0,0.0,1088.0,9208.0,0.0,0.0,0.0,0.0,0.0,0.0,0.0,0.0,0.0,373.0,0.0,0.0,0.0,0.0,6.0
2019-04-07T02:00:00.0,0.0,361.0,0.0,1083.0,9160.0,0.0,0.0,0.0,0.0,0.0,0.0,0.0,0.0,0.0,374.0,0.0,0.0,0.0,0.0,6.0
2019-04-07T03:00:00.0,0.0,382.0,0.0,1087.0,9410.0,0.0,0.0,0.0,0.0,0.0,0.0,0.0,0.0,0.0,372.0,0.0,0.0,0.0,0.0,6.0
2019-04-07T04:00:00.0,0.0,440.0,0.0,1084.0,9335.0,0.0,0.0,0.0,0.0,0.0,0.0,0.0,0.0,0.0,371.0,0.0,0.0,0.0,0.0,6.0
2019-04-07T05:00:00.0,0.0,484.0,0.0,1082.0,9315.0,0.0,0.0,0.0,0.0,0.0,0.0,0.0,0.0,0.0,372.0,0.0,0.0,0.0,0.0,6.0
2019-04-07T06:00:00.0,0.0,571.0,0.0,1080.0,10493.0,0.0,0.0,0.0,0.0,0.0,0.0,0.0,0.0,0.0,373.0,0.0,0.0,0.0,0.0,6.0
2019-04-07T07:00:00.0,0.0,610.0,0.0,1085.0,11645.0,0.0,0.0,0.0,0.0,0.0,0.0,0.0,0.0,0.0,369.0,0.0,0.0,0.0,0.0,6.0
2019-04-07T08:00:00.0,0.0,636.0,0.0,1084.0,11802.0,0.0,0.0,0.0,0.0,0.0,0.0,0.0,0.0,0.0,371.0,0.0,0.0,0.0,0.0,6.0
2019-04-07T09:00:00.0,0.0,648.0,0.0,1083.0,10836.0,0.0,0.0,0.0,0.0,0.0,0.0,0.0,0.0,0.0,371.0,0.0,0.0,0.0,0.0,6.0
2019-04-07T10:00:00.0,0.0,658.0,0.0,1079.0,10511.0,0.0,0.0,0.0,0.0,0.0,0.0,0.0,0.0,0.0,371.0,0.0,0.0,0.0,0.0,6.0
2019-04-07T11:00:00.0,0.0,630.0,0.0,1076.0,10247.0,0.0,0.0,0.0,0.0,0.0,0.0,0.0,0.0,0.0,372.0,0.0,0.0,0.0,0.0,6.0
2019-04-07T12:00:00.0,0.0,634.0,0.0,1076.0,9905.0,0.0,0.0,0.0,0.0,0.0,0.0,0.0,0.0,0.0,375.0,0.0,0.0,0.0,0.0,6.0
2019-04-07T13:00:00.0,0.0,647.0,0.0,1077.0,9480.0,0.0,0.0,0.0,0.0,0.0,0.0,0.0,0.0,0.0,374.0,0.0,0.0,0.0,0.0,6.0
2019-04-07T14:00:00.0,0.0,641.0,0.0,1077.0,9275.0,0.0,0.0,0.0,0.0,0.0,0.0,0.0,0.0,0.0,372.0,0.0,0.0,0.0,0.0,6.0
2019-04-07T15:00:00.0,0.0,638.0,0.0,1078.0,9459.0,0.0,0.0,0.0,0.0,0.0,0.0,0.0,0.0,0.0,373.0,0.0,0.0,0.0,0.0,6.0
2019-04-07T16:00:00.0,0.0,589.0,0.0,1081.0,10036.0,0.0,0.0,0.0,0.0,0.0,0.0,0.0,0.0,0.0,374.0,0.0,0.0,0.0,0.0,6.0
2019-04-07T17:00:00.0,0.0,588.0,0.0,1084.0,12012.0,0.0,0.0,0.0,0.0,0.0,0.0,0.0,0.0,0.0,375.0,0.0,0.0,0.0,0.0,6.0
2019-04-07T18:00:00.0,0.0,547.0,0.0,1088.0,13434.0,0.0,0.0,0.0,0.0,0.0,0.0,0.0,0.0,0.0,373.0,0.0,0.0,0.0,0.0,6.0
2019-04-07T19:00:00.0,0.0,522.0,0.0,1089.0,13749.0,0.0,0.0,0.0,0.0,0.0,0.0,0.0,0.0,0.0,374.0,0.0,0.0,0.0,0.0,6.0
2019-04-07T20:00:00.0,0.0,488.0,0.0,1090.0,13565.0,0.0,0.0,0.0,0.0,0.0,0.0,0.0,0.0,0.0,372.0,0.0,0.0,0.0,0.0,6.0
2019-04-07T21:00:00.0,0.0,460.0,0.0,1090.0,12602.0,0.0,0.0,0.0,0.0,0.0,0.0,0.0,0.0,0.0,373.0,0.0,0.0,0.0,0.0,6.0
2019-04-07T22:00:00.0,0.0,411.0,0.0,1090.0,11948.0,0.0,0.0,0.0,0.0,0.0,0.0,0.0,0.0,0.0,374.0,0.0,0.0,0.0,0.0,6.0
2019-04-07T23:00:00.0,0.0,550.0,0.0,1076.0,10237.0,0.0,0.0,0.0,0.0,0.0,0.0,0.0,0.0,0.0,368.0,0.0,0.0,0.0,0.0,6.0
2019-04-08T00:00:00.0,0.0,541.0,0.0,1086.0,9549.0,0.0,0.0,0.0,0.0,0.0,0.0,0.0,0.0,0.0,366.0,0.0,0.0,0.0,0.0,6.0
2019-04-08T01:00:00.0,0.0,506.0,0.0,1079.0,9190.0,0.0,0.0,0.0,0.0,0.0,0.0,0.0,0.0,0.0,381.0,0.0,0.0,0.0,0.0,6.0
2019-04-08T02:00:00.0,0.0,553.0,0.0,1078.0,9007.0,0.0,0.0,0.0,0.0,0.0,0.0,0.0,0.0,0.0,371.0,0.0,0.0,0.0,0.0,6.0
2019-04-08T03:00:00.0,0.0,546.0,0.0,1076.0,9124.0,0.0,0.0,0.0,0.0,0.0,0.0,0.0,0.0,0.0,372.0,0.0,0.0,0.0,0.0,6.0
2019-04-08T04:00:00.0,0.0,572.0,0.0,1074.0,11603.0,0.0,0.0,0.0,0.0,0.0,0.0,0.0,0.0,0.0,369.0,0.0,0.0,0.0,0.0,6.0
2019-04-08T05:00:00.0,0.0,564.0,0.0,1075.0,15116.0,0.0,0.0,0.0,0.0,0.0,0.0,0.0,0.0,0.0,373.0,0.0,0.0,0.0,0.0,6.0
2019-04-08T06:00:00.0,0.0,530.0,0.0,1092.0,17379.0,0.0,0.0,0.0,0.0,0.0,0.0,0.0,0.0,0.0,370.0,0.0,0.0,0.0,0.0,6.0
2019-04-08T07:00:00.0,0.0,467.0,0.0,1089.0,18017.0,0.0,0.0,0.0,0.0,0.0,0.0,0.0,0.0,0.0,382.0,0.0,0.0,0.0,0.0,6.0
2019-04-08T08:00:00.0,0.0,408.0,0.0,1089.0,17259.0,0.0,0.0,0.0,0.0,0.0,0.0,0.0,0.0,0.0,378.0,0.0,0.0,0.0,0.0,6.0
2019-04-08T09:00:00.0,0.0,333.0,0.0,1098.0,16906.0,0.0,0.0,0.0,0.0,0.0,0.0,0.0,0.0,0.0,379.0,0.0,0.0,0.0,0.0,5.0
2019-04-08T10:00:00.0,0.0,297.0,0.0,1102.0,16034.0,0.0,0.0,0.0,0.0,0.0,0.0,0.0,0.0,0.0,378.0,0.0,0.0,0.0,0.0,5.0
2019-04-08T11:00:00.0,0.0,265.0,0.0,1099.0,15176.0,0.0,0.0,0.0,0.0,0.0,0.0,0.0,0.0,0.0,380.0,0.0,0.0,0.0,0.0,5.0
2019-04-08T12:00:00.0,0.0,253.0,0.0,1099.0,14137.0,0.0,0.0,0.0,0.0,0.0,0.0,0.0,0.0,0.0,376.0,0.0,0.0,0.0,0.0,5.0
2019-04-08T13:00:00.0,0.0,271.0,0.0,1098.0,12580.0,0.0,0.0,0.0,0.0,0.0,0.0,0.0,0.0,0.0,379.0,0.0,0.0,0.0,0.0,5.0
2019-04-08T14:00:00.0,0.0,284.0,0.0,1101.0,12105.0,0.0,0.0,0.0,0.0,0.0,0.0,0.0,0.0,0.0,380.0,0.0,0.0,0.0,0.0,5.0
2019-04-08T15:00:00.0,0.0,343.0,0.0,1106.0,13154.0,0.0,0.0,0.0,0.0,0.0,0.0,0.0,0.0,0.0,375.0,0.0,0.0,0.0,0.0,5.0
2019-04-08T16:00:00.0,0.0,317.0,0.0,1108.0,14465.0,0.0,0.0,0.0,0.0,0.0,0.0,0.0,0.0,0.0,370.0,0.0,0.0,0.0,0.0,5.0
2019-04-08T17:00:00.0,0.0,349.0,0.0,1110.0,15388.0,0.0,0.0,0.0,0.0,0.0,0.0,0.0,0.0,0.0,371.0,0.0,0.0,0.0,0.0,5.0
2019-04-08T18:00:00.0,0.0,303.0,0.0,1113.0,15861.0,0.0,0.0,0.0,0.0,0.0,0.0,0.0,0.0,0.0,368.0,0.0,0.0,0.0,0.0,5.0
2019-04-08T19:00:00.0,0.0,346.0,0.0,1113.0,15463.0,0.0,0.0,0.0,0.0,0.0,0.0,0.0,0.0,0.0,366.0,0.0,0.0,0.0,0.0,5.0
2019-04-08T20:00:00.0,0.0,319.0,0.0,1114.0,14419.0,0.0,0.0,0.0,0.0,0.0,0.0,0.0,0.0,0.0,368.0,0.0,0.0,0.0,0.0,5.0
2019-04-08T21:00:00.0,0.0,289.0,0.0,1114.0,12387.0,0.0,0.0,0.0,0.0,0.0,0.0,0.0,0.0,0.0,365.0,0.0,0.0,0.0,0.0,5.0
2019-04-08T22:00:00.0,0.0,343.0,0.0,1111.0,10262.0,0.0,0.0,0.0,0.0,0.0,0.0,0.0,0.0,0.0,368.0,0.0,0.0,0.0,0.0,5.0
2019-04-08T23:00:00.0,0.0,295.0,0.0,1067.0,10041.0,0.0,0.0,0.0,0.0,0.0,0.0,0.0,0.0,0.0,378.0,0.0,0.0,0.0,0.0,4.0
2019-04-09T00:00:00.0,0.0,217.0,0.0,1062.0,9767.0,0.0,0.0,0.0,0.0,0.0,0.0,0.0,0.0,0.0,372.0,0.0,0.0,0.0,0.0,4.0
2019-04-09T01:00:00.0,0.0,234.0,0.0,1059.0,9582.0,0.0,0.0,0.0,0.0,0.0,0.0,0.0,0.0,0.0,376.0,0.0,0.0,0.0,0.0,4.0
2019-04-09T02:00:00.0,0.0,255.0,0.0,1052.0,9509.0,0.0,0.0,0.0,0.0,0.0,0.0,0.0,0.0,0.0,375.0,0.0,0.0,0.0,0.0,4.0
2019-04-09T03:00:00.0,0.0,271.0,0.0,1053.0,9589.0,0.0,0.0,0.0,0.0,0.0,0.0,0.0,0.0,0.0,380.0,0.0,0.0,0.0,0.0,4.0
2019-04-09T04:00:00.0,0.0,313.0,0.0,1050.0,10868.0,0.0,0.0,0.0,0.0,0.0,0.0,0.0,0.0,0.0,377.0,0.0,0.0,0.0,0.0,4.0
2019-04-09T05:00:00.0,0.0,280.0,0.0,1051.0,15413.0,0.0,0.0,0.0,0.0,0.0,0.0,0.0,0.0,0.0,377.0,0.0,0.0,0.0,0.0,4.0
2019-04-09T06:00:00.0,0.0,291.0,0.0,1057.0,18722.0,0.0,0.0,0.0,0.0,0.0,0.0,0.0,0.0,0.0,378.0,0.0,0.0,0.0,0.0,4.0
2019-04-09T07:00:00.0,0.0,267.0,0.0,1069.0,19216.0,0.0,0.0,0.0,0.0,0.0,0.0,0.0,0.0,0.0,376.0,0.0,0.0,0.0,0.0,4.0
2019-04-09T08:00:00.0,0.0,243.0,0.0,1059.0,18294.0,0.0,0.0,0.0,0.0,0.0,0.0,0.0,0.0,0.0,369.0,0.0,0.0,0.0,0.0,4.0
2019-04-09T09:00:00.0,0.0,213.0,0.0,1056.0,17734.0,0.0,0.0,0.0,0.0,0.0,0.0,0.0,0.0,0.0,378.0,0.0,0.0,0.0,0.0,4.0
2019-04-09T10:00:00.0,0.0,182.0,0.0,1061.0,16120.0,0.0,0.0,0.0,0.0,0.0,0.0,0.0,0.0,0.0,377.0,0.0,0.0,0.0,0.0,4.0
2019-04-09T11:00:00.0,0.0,174.0,0.0,1061.0,14913.0,0.0,0.0,0.0,0.0,0.0,0.0,0.0,0.0,0.0,360.0,0.0,0.0,0.0,0.0,4.0
2019-04-09T12:00:00.0,0.0,207.0,0.0,1060.0,13836.0,0.0,0.0,0.0,0.0,0.0,0.0,0.0,0.0,0.0,359.0,0.0,0.0,0.0,0.0,4.0
2019-04-09T13:00:00.0,0.0,258.0,0.0,1058.0,12474.0,0.0,0.0,0.0,0.0,0.0,0.0,0.0,0.0,0.0,360.0,0.0,0.0,0.0,0.0,4.0
2019-04-09T14:00:00.0,0.0,230.0,0.0,1058.0,12327.0,0.0,0.0,0.0,0.0,0.0,0.0,0.0,0.0,0.0,364.0,0.0,0.0,0.0,0.0,4.0
2019-04-09T15:00:00.0,0.0,291.0,0.0,1055.0,12891.0,0.0,0.0,0.0,0.0,0.0,0.0,0.0,0.0,0.0,352.0,0.0,0.0,0.0,0.0,4.0
2019-04-09T16:00:00.0,0.0,318.0,0.0,1054.0,13814.0,0.0,0.0,0.0,0.0,0.0,0.0,0.0,0.0,0.0,356.0,0.0,0.0,0.0,0.0,4.0
2019-04-09T17:00:00.0,0.0,273.0,0.0,1054.0,15546.0,0.0,0.0,0.0,0.0,0.0,0.0,0.0,0.0,0.0,365.0,0.0,0.0,0.0,0.0,4.0
2019-04-09T18:00:00.0,0.0,388.0,0.0,1053.0,16812.0,0.0,0.0,0.0,0.0,0.0,0.0,0.0,0.0,0.0,367.0,0.0,0.0,0.0,0.0,4.0
2019-04-09T19:00:00.0,0.0,262.0,0.0,1056.0,16380.0,0.0,0.0,0.0,0.0,0.0,0.0,0.0,0.0,0.0,373.0,0.0,0.0,0.0,0.0,4.0
2019-04-09T20:00:00.0,0.0,250.0,0.0,1051.0,14748.0,0.0,0.0,0.0,0.0,0.0,0.0,0.0,0.0,0.0,371.0,0.0,0.0,0.0,0.0,4.0
2019-04-09T21:00:00.0,0.0,253.0,0.0,1049.0,12855.0,0.0,0.0,0.0,0.0,0.0,0.0,0.0,0.0,0.0,370.0,0.0,0.0,0.0,0.0,4.0
2019-04-09T22:00:00.0,0.0,236.0,0.0,1049.0,11023.0,0.0,0.0,0.0,0.0,0.0,0.0,0.0,0.0,0.0,369.0,0.0,0.0,0.0,0.0,4.0
2019-04-09T23:00:00.0,0.0,273.0,0.0,1022.0,10681.0,0.0,0.0,0.0,0.0,0.0,0.0,0.0,0.0,0.0,371.0,0.0,0.0,0.0,0.0,3.0
2019-04-10T00:00:00.0,0.0,307.0,0.0,1014.0,10243.0,0.0,0.0,0.0,0.0,0.0,0.0,0.0,0.0,0.0,367.0,0.0,0.0,0.0,0.0,3.0
2019-04-10T01:00:00.0,0.0,307.0,0.0,1011.0,10012.0,0.0,0.0,0.0,0.0,0.0,0.0,0.0,0.0,0.0,375.0,0.0,0.0,0.0,0.0,3.0
2019-04-10T02:00:00.0,0.0,348.0,0.0,1005.0,10031.0,0.0,0.0,0.0,0.0,0.0,0.0,0.0,0.0,0.0,375.0,0.0,0.0,0.0,0.0,3.0
2019-04-10T03:00:00.0,0.0,377.0,0.0,1006.0,10239.0,0.0,0.0,0.0,0.0,0.0,0.0,0.0,0.0,0.0,370.0,0.0,0.0,0.0,0.0,4.0
2019-04-10T04:00:00.0,0.0,353.0,0.0,1004.0,12298.0,0.0,0.0,0.0,0.0,0.0,0.0,0.0,0.0,0.0,374.0,0.0,0.0,0.0,0.0,4.0
2019-04-10T05:00:00.0,0.0,353.0,0.0,1004.0,16332.0,0.0,0.0,0.0,0.0,0.0,0.0,0.0,0.0,0.0,374.0,0.0,0.0,0.0,0.0,4.0
2019-04-10T06:00:00.0,0.0,323.0,0.0,1009.0,19648.0,0.0,0.0,0.0,0.0,0.0,0.0,0.0,0.0,0.0,374.0,0.0,0.0,0.0,0.0,4.0
2019-04-10T07:00:00.0,0.0,304.0,0.0,1014.0,20269.0,0.0,0.0,0.0,0.0,0.0,0.0,0.0,0.0,0.0,370.0,0.0,0.0,0.0,0.0,4.0
2019-04-10T08:00:00.0,0.0,276.0,0.0,1014.0,19181.0,0.0,0.0,0.0,0.0,0.0,0.0,0.0,0.0,0.0,375.0,0.0,0.0,0.0,0.0,4.0
2019-04-10T09:00:00.0,0.0,246.0,0.0,1013.0,17859.0,0.0,0.0,0.0,0.0,0.0,0.0,0.0,0.0,0.0,373.0,0.0,0.0,0.0,0.0,4.0
2019-04-10T10:00:00.0,0.0,239.0,0.0,1018.0,17131.0,0.0,0.0,0.0,0.0,0.0,0.0,0.0,0.0,0.0,373.0,0.0,0.0,0.0,0.0,4.0
2019-04-10T11:00:00.0,0.0,271.0,0.0,1019.0,16198.0,0.0,0.0,0.0,0.0,0.0,0.0,0.0,0.0,0.0,370.0,0.0,0.0,0.0,0.0,4.0
2019-04-10T12:00:00.0,0.0,270.0,0.0,1019.0,16006.0,0.0,0.0,0.0,0.0,0.0,0.0,0.0,0.0,0.0,368.0,0.0,0.0,0.0,0.0,4.0
2019-04-10T13:00:00.0,0.0,263.0,0.0,1017.0,14829.0,0.0,0.0,0.0,0.0,0.0,0.0,0.0,0.0,0.0,370.0,0.0,0.0,0.0,0.0,4.0
2019-04-10T14:00:00.0,0.0,292.0,0.0,1014.0,14838.0,0.0,0.0,0.0,0.0,0.0,0.0,0.0,0.0,0.0,373.0,0.0,0.0,0.0,0.0,4.0
2019-04-10T15:00:00.0,0.0,259.0,0.0,1014.0,15984.0,0.0,0.0,0.0,0.0,0.0,0.0,0.0,0.0,0.0,363.0,0.0,0.0,0.0,0.0,4.0
2019-04-10T16:00:00.0,0.0,294.0,0.0,1013.0,16674.0,0.0,0.0,0.0,0.0,0.0,0.0,0.0,0.0,0.0,365.0,0.0,0.0,0.0,0.0,3.0
2019-04-10T17:00:00.0,0.0,223.0,0.0,1013.0,17800.0,0.0,0.0,0.0,0.0,0.0,0.0,0.0,0.0,0.0,364.0,0.0,0.0,0.0,0.0,3.0
2019-04-10T18:00:00.0,0.0,210.0,0.0,1012.0,18434.0,0.0,0.0,0.0,0.0,0.0,0.0,0.0,0.0,0.0,367.0,0.0,0.0,0.0,0.0,3.0
2019-04-10T19:00:00.0,0.0,218.0,0.0,1008.0,18366.0,0.0,0.0,0.0,0.0,0.0,0.0,0.0,0.0,0.0,370.0,0.0,0.0,0.0,0.0,3.0
2019-04-10T20:00:00.0,0.0,214.0,0.0,1007.0,16477.0,0.0,0.0,0.0,0.0,0.0,0.0,0.0,0.0,0.0,369.0,0.0,0.0,0.0,0.0,4.0
2019-04-10T21:00:00.0,0.0,192.0,0.0,1004.0,14942.0,0.0,0.0,0.0,0.0,0.0,0.0,0.0,0.0,0.0,369.0,0.0,0.0,0.0,0.0,4.0
2019-04-10T22:00:00.0,0.0,253.0,0.0,1001.0,13573.0,0.0,0.0,0.0,0.0,0.0,0.0,0.0,0.0,0.0,367.0,0.0,0.0,0.0,0.0,4.0
2019-04-10T23:00:00.0,0.0,249.0,0.0,965.0,11986.0,0.0,0.0,0.0,0.0,0.0,0.0,0.0,0.0,0.0,368.0,0.0,0.0,0.0,0.0,3.0
2019-04-11T00:00:00.0,0.0,261.0,0.0,960.0,11501.0,0.0,0.0,0.0,0.0,0.0,0.0,0.0,0.0,0.0,373.0,0.0,0.0,0.0,0.0,3.0
2019-04-11T01:00:00.0,0.0,317.0,0.0,957.0,11543.0,0.0,0.0,0.0,0.0,0.0,0.0,0.0,0.0,0.0,366.0,0.0,0.0,0.0,0.0,4.0
2019-04-11T02:00:00.0,0.0,324.0,0.0,951.0,11626.0,0.0,0.0,0.0,0.0,0.0,0.0,0.0,0.0,0.0,371.0,0.0,0.0,0.0,0.0,4.0
2019-04-11T03:00:00.0,0.0,280.0,0.0,952.0,12097.0,0.0,0.0,0.0,0.0,0.0,0.0,0.0,0.0,0.0,367.0,0.0,0.0,0.0,0.0,4.0
2019-04-11T04:00:00.0,0.0,262.0,0.0,954.0,13685.0,0.0,0.0,0.0,0.0,0.0,0.0,0.0,0.0,0.0,369.0,0.0,0.0,0.0,0.0,4.0
2019-04-11T05:00:00.0,0.0,257.0,0.0,955.0,18363.0,0.0,0.0,0.0,0.0,0.0,0.0,0.0,0.0,0.0,367.0,0.0,0.0,0.0,0.0,4.0
2019-04-11T06:00:00.0,0.0,241.0,0.0,958.0,20255.0,0.0,0.0,0.0,0.0,0.0,0.0,0.0,0.0,0.0,367.0,0.0,0.0,0.0,0.0,4.0
2019-04-11T07:00:00.0,0.0,203.0,0.0,961.0,20436.0,0.0,0.0,0.0,0.0,0.0,0.0,0.0,0.0,0.0,365.0,0.0,0.0,0.0,0.0,3.0
2019-04-11T08:00:00.0,0.0,206.0,0.0,957.0,19319.0,0.0,0.0,0.0,0.0,0.0,0.0,0.0,0.0,0.0,366.0,0.0,0.0,0.0,0.0,3.0
2019-04-11T09:00:00.0,0.0,194.0,0.0,957.0,18790.0,0.0,0.0,0.0,0.0,0.0,0.0,0.0,0.0,0.0,367.0,0.0,0.0,0.0,0.0,3.0
2019-04-11T10:00:00.0,0.0,169.0,0.0,957.0,17635.0,0.0,0.0,0.0,0.0,0.0,0.0,0.0,0.0,0.0,367.0,0.0,0.0,0.0,0.0,3.0
2019-04-11T11:00:00.0,0.0,177.0,0.0,964.0,17693.0,0.0,0.0,0.0,0.0,0.0,0.0,0.0,0.0,0.0,366.0,0.0,0.0,0.0,0.0,3.0
2019-04-11T12:00:00.0,0.0,160.0,0.0,961.0,17644.0,0.0,0.0,0.0,0.0,0.0,0.0,0.0,0.0,0.0,369.0,0.0,0.0,0.0,0.0,3.0
2019-04-11T13:00:00.0,0.0,186.0,0.0,954.0,16022.0,0.0,0.0,0.0,0.0,0.0,0.0,0.0,0.0,0.0,364.0,0.0,0.0,0.0,0.0,3.0
2019-04-11T14:00:00.0,0.0,178.0,0.0,953.0,15683.0,0.0,0.0,0.0,0.0,0.0,0.0,0.0,0.0,0.0,369.0,0.0,0.0,0.0,0.0,3.0
2019-04-11T15:00:00.0,0.0,167.0,0.0,951.0,16471.0,0.0,0.0,0.0,0.0,0.0,0.0,0.0,0.0,0.0,370.0,0.0,0.0,0.0,0.0,3.0
2019-04-11T16:00:00.0,0.0,184.0,0.0,948.0,16888.0,0.0,0.0,0.0,0.0,0.0,0.0,0.0,0.0,0.0,364.0,0.0,0.0,0.0,0.0,4.0
2019-04-11T17:00:00.0,0.0,215.0,0.0,947.0,18505.0,0.0,0.0,0.0,0.0,0.0,0.0,0.0,0.0,0.0,375.0,0.0,0.0,0.0,0.0,4.0
2019-04-11T18:00:00.0,0.0,201.0,0.0,946.0,19197.0,0.0,0.0,0.0,0.0,0.0,0.0,0.0,0.0,0.0,374.0,0.0,0.0,0.0,0.0,4.0
2019-04-11T19:00:00.0,0.0,195.0,0.0,945.0,19462.0,0.0,0.0,0.0,0.0,0.0,0.0,0.0,0.0,0.0,374.0,0.0,0.0,0.0,0.0,4.0
2019-04-11T20:00:00.0,0.0,196.0,0.0,945.0,18706.0,0.0,0.0,0.0,0.0,0.0,0.0,0.0,0.0,0.0,372.0,0.0,0.0,0.0,0.0,4.0
2019-04-11T21:00:00.0,0.0,173.0,0.0,943.0,17343.0,0.0,0.0,0.0,0.0,0.0,0.0,0.0,0.0,0.0,372.0,0.0,0.0,0.0,0.0,4.0
2019-04-11T22:00:00.0,0.0,179.0,0.0,940.0,15310.0,0.0,0.0,0.0,0.0,0.0,0.0,0.0,0.0,0.0,370.0,0.0,0.0,0.0,0.0,4.0
2019-04-11T23:00:00.0,0.0,175.0,0.0,918.0,13597.0,0.0,0.0,0.0,0.0,0.0,0.0,0.0,0.0,0.0,363.0,0.0,0.0,0.0,0.0,3.0
2019-04-12T00:00:00.0,0.0,180.0,0.0,914.0,13093.0,0.0,0.0,0.0,0.0,0.0,0.0,0.0,0.0,0.0,364.0,0.0,0.0,0.0,0.0,3.0
2019-04-12T01:00:00.0,0.0,119.0,0.0,911.0,12956.0,0.0,0.0,0.0,0.0,0.0,0.0,0.0,0.0,0.0,367.0,0.0,0.0,0.0,0.0,3.0
2019-04-12T02:00:00.0,0.0,131.0,0.0,904.0,13252.0,0.0,0.0,0.0,0.0,0.0,0.0,0.0,0.0,0.0,367.0,0.0,0.0,0.0,0.0,3.0
2019-04-12T03:00:00.0,0.0,90.0,0.0,906.0,14119.0,0.0,0.0,0.0,0.0,0.0,0.0,0.0,0.0,0.0,370.0,0.0,0.0,0.0,0.0,3.0
2019-04-12T04:00:00.0,0.0,107.0,0.0,908.0,15912.0,0.0,0.0,0.0,0.0,0.0,0.0,0.0,0.0,0.0,373.0,0.0,0.0,0.0,0.0,3.0
2019-04-12T05:00:00.0,0.0,119.0,0.0,910.0,19196.0,0.0,0.0,0.0,0.0,0.0,0.0,0.0,0.0,0.0,373.0,0.0,0.0,0.0,0.0,3.0
2019-04-12T06:00:00.0,0.0,74.0,0.0,912.0,20958.0,0.0,0.0,0.0,0.0,0.0,0.0,0.0,0.0,0.0,372.0,0.0,0.0,0.0,0.0,3.0
2019-04-12T07:00:00.0,0.0,63.0,0.0,915.0,20630.0,0.0,0.0,0.0,0.0,0.0,0.0,0.0,0.0,0.0,365.0,0.0,0.0,0.0,0.0,3.0
2019-04-12T08:00:00.0,0.0,35.0,0.0,912.0,19906.0,0.0,0.0,0.0,0.0,0.0,0.0,0.0,0.0,0.0,367.0,0.0,0.0,0.0,0.0,3.0
2019-04-12T09:00:00.0,0.0,27.0,0.0,914.0,19611.0,0.0,0.0,0.0,0.0,0.0,0.0,0.0,0.0,0.0,365.0,0.0,0.0,0.0,0.0,3.0
2019-04-12T10:00:00.0,0.0,31.0,0.0,918.0,17753.0,0.0,0.0,0.0,0.0,0.0,0.0,0.0,0.0,0.0,367.0,0.0,0.0,0.0,0.0,3.0
2019-04-12T11:00:00.0,0.0,49.0,0.0,921.0,17294.0,0.0,0.0,0.0,0.0,0.0,0.0,0.0,0.0,0.0,367.0,0.0,0.0,0.0,0.0,3.0
2019-04-12T12:00:00.0,0.0,64.0,0.0,923.0,16162.0,0.0,0.0,0.0,0.0,0.0,0.0,0.0,0.0,0.0,363.0,0.0,0.0,0.0,0.0,3.0
2019-04-12T13:00:00.0,0.0,62.0,0.0,918.0,14381.0,0.0,0.0,0.0,0.0,0.0,0.0,0.0,0.0,0.0,367.0,0.0,0.0,0.0,0.0,3.0
2019-04-12T14:00:00.0,0.0,75.0,0.0,914.0,13928.0,0.0,0.0,0.0,0.0,0.0,0.0,0.0,0.0,0.0,364.0,0.0,0.0,0.0,0.0,3.0
2019-04-12T15:00:00.0,0.0,127.0,0.0,915.0,14426.0,0.0,0.0,0.0,0.0,0.0,0.0,0.0,0.0,0.0,356.0,0.0,0.0,0.0,0.0,3.0
2019-04-12T16:00:00.0,0.0,209.0,0.0,914.0,15319.0,0.0,0.0,0.0,0.0,0.0,0.0,0.0,0.0,0.0,356.0,0.0,0.0,0.0,0.0,3.0
2019-04-12T17:00:00.0,0.0,235.0,0.0,914.0,16527.0,0.0,0.0,0.0,0.0,0.0,0.0,0.0,0.0,0.0,365.0,0.0,0.0,0.0,0.0,3.0
2019-04-12T18:00:00.0,0.0,219.0,0.0,914.0,17448.0,0.0,0.0,0.0,0.0,0.0,0.0,0.0,0.0,0.0,366.0,0.0,0.0,0.0,0.0,3.0
2019-04-12T19:00:00.0,0.0,256.0,0.0,915.0,17717.0,0.0,0.0,0.0,0.0,0.0,0.0,0.0,0.0,0.0,368.0,0.0,0.0,0.0,0.0,3.0
2019-04-12T20:00:00.0,0.0,212.0,0.0,915.0,17276.0,0.0,0.0,0.0,0.0,0.0,0.0,0.0,0.0,0.0,365.0,0.0,0.0,0.0,0.0,3.0
2019-04-12T21:00:00.0,0.0,283.0,0.0,910.0,16639.0,0.0,0.0,0.0,0.0,0.0,0.0,0.0,0.0,0.0,367.0,0.0,0.0,0.0,0.0,3.0
2019-04-12T22:00:00.0,0.0,297.0,0.0,909.0,14798.0,0.0,0.0,0.0,0.0,0.0,0.0,0.0,0.0,0.0,364.0,0.0,0.0,0.0,0.0,3.0
2019-04-12T23:00:00.0,0.0,300.0,0.0,880.0,13385.0,0.0,0.0,0.0,0.0,0.0,0.0,0.0,0.0,0.0,365.0,0.0,0.0,0.0,0.0,3.0
2019-04-13T00:00:00.0,0.0,211.0,0.0,873.0,11989.0,0.0,0.0,0.0,0.0,0.0,0.0,0.0,0.0,0.0,366.0,0.0,0.0,0.0,0.0,3.0
2019-04-13T01:00:00.0,0.0,246.0,0.0,870.0,11384.0,0.0,0.0,0.0,0.0,0.0,0.0,0.0,0.0,0.0,367.0,0.0,0.0,0.0,0.0,3.0
2019-04-13T02:00:00.0,0.0,226.0,0.0,865.0,10843.0,0.0,0.0,0.0,0.0,0.0,0.0,0.0,0.0,0.0,369.0,0.0,0.0,0.0,0.0,3.0
2019-04-13T03:00:00.0,0.0,244.0,0.0,866.0,11092.0,0.0,0.0,0.0,0.0,0.0,0.0,0.0,0.0,0.0,368.0,0.0,0.0,0.0,0.0,3.0
2019-04-13T04:00:00.0,0.0,256.0,0.0,866.0,11212.0,0.0,0.0,0.0,0.0,0.0,0.0,0.0,0.0,0.0,365.0,0.0,0.0,0.0,0.0,3.0
2019-04-13T05:00:00.0,0.0,287.0,0.0,867.0,12037.0,0.0,0.0,0.0,0.0,0.0,0.0,0.0,0.0,0.0,360.0,0.0,0.0,0.0,0.0,3.0
2019-04-13T06:00:00.0,0.0,273.0,0.0,866.0,13739.0,0.0,0.0,0.0,0.0,0.0,0.0,0.0,0.0,0.0,367.0,0.0,0.0,0.0,0.0,3.0
2019-04-13T07:00:00.0,0.0,273.0,0.0,866.0,15507.0,0.0,0.0,0.0,0.0,0.0,0.0,0.0,0.0,0.0,369.0,0.0,0.0,0.0,0.0,3.0
2019-04-13T08:00:00.0,0.0,290.0,0.0,865.0,14963.0,0.0,0.0,0.0,0.0,0.0,0.0,0.0,0.0,0.0,368.0,0.0,0.0,0.0,0.0,3.0
2019-04-13T09:00:00.0,0.0,255.0,0.0,865.0,12715.0,0.0,0.0,0.0,0.0,0.0,0.0,0.0,0.0,0.0,370.0,0.0,0.0,0.0,0.0,3.0
2019-04-13T10:00:00.0,0.0,258.0,0.0,865.0,11494.0,0.0,0.0,0.0,0.0,0.0,0.0,0.0,0.0,0.0,358.0,0.0,0.0,0.0,0.0,3.0
2019-04-13T11:00:00.0,0.0,244.0,0.0,866.0,11128.0,0.0,0.0,0.0,0.0,0.0,0.0,0.0,0.0,0.0,370.0,0.0,0.0,0.0,0.0,3.0
2019-04-13T12:00:00.0,0.0,250.0,0.0,869.0,10627.0,0.0,0.0,0.0,0.0,0.0,0.0,0.0,0.0,0.0,371.0,0.0,0.0,0.0,0.0,3.0
2019-04-13T13:00:00.0,0.0,272.0,0.0,869.0,10285.0,0.0,0.0,0.0,0.0,0.0,0.0,0.0,0.0,0.0,368.0,0.0,0.0,0.0,0.0,3.0
2019-04-13T14:00:00.0,0.0,287.0,0.0,866.0,9948.0,0.0,0.0,0.0,0.0,0.0,0.0,0.0,0.0,0.0,368.0,0.0,0.0,0.0,0.0,3.0
2019-04-13T15:00:00.0,0.0,289.0,0.0,863.0,10177.0,0.0,0.0,0.0,0.0,0.0,0.0,0.0,0.0,0.0,369.0,0.0,0.0,0.0,0.0,3.0
2019-04-13T16:00:00.0,0.0,280.0,0.0,860.0,10964.0,0.0,0.0,0.0,0.0,0.0,0.0,0.0,0.0,0.0,371.0,0.0,0.0,0.0,0.0,3.0
2019-04-13T17:00:00.0,0.0,289.0,0.0,859.0,12254.0,0.0,0.0,0.0,0.0,0.0,0.0,0.0,0.0,0.0,363.0,0.0,0.0,0.0,0.0,3.0
2019-04-13T18:00:00.0,0.0,294.0,0.0,859.0,13575.0,0.0,0.0,0.0,0.0,0.0,0.0,0.0,0.0,0.0,371.0,0.0,0.0,0.0,0.0,3.0
2019-04-13T19:00:00.0,0.0,314.0,0.0,859.0,14124.0,0.0,0.0,0.0,0.0,0.0,0.0,0.0,0.0,0.0,372.0,0.0,0.0,0.0,0.0,3.0
2019-04-13T20:00:00.0,0.0,334.0,0.0,856.0,12825.0,0.0,0.0,0.0,0.0,0.0,0.0,0.0,0.0,0.0,368.0,0.0,0.0,0.0,0.0,3.0
2019-04-13T21:00:00.0,0.0,303.0,0.0,856.0,11326.0,0.0,0.0,0.0,0.0,0.0,0.0,0.0,0.0,0.0,370.0,0.0,0.0,0.0,0.0,3.0
2019-04-13T22:00:00.0,0.0,289.0,0.0,853.0,10150.0,0.0,0.0,0.0,0.0,0.0,0.0,0.0,0.0,0.0,372.0,0.0,0.0,0.0,0.0,3.0
2019-04-13T23:00:00.0,0.0,358.0,0.0,848.0,9340.0,0.0,0.0,0.0,0.0,0.0,0.0,0.0,0.0,0.0,369.0,0.0,0.0,0.0,0.0,3.0
2019-04-14T00:00:00.0,0.0,338.0,0.0,846.0,9144.0,0.0,0.0,0.0,0.0,0.0,0.0,0.0,0.0,0.0,367.0,0.0,0.0,0.0,0.0,3.0
2019-04-14T01:00:00.0,0.0,381.0,0.0,845.0,9323.0,0.0,0.0,0.0,0.0,0.0,0.0,0.0,0.0,0.0,367.0,0.0,0.0,0.0,0.0,3.0
2019-04-14T02:00:00.0,0.0,346.0,0.0,844.0,9360.0,0.0,0.0,0.0,0.0,0.0,0.0,0.0,0.0,0.0,369.0,0.0,0.0,0.0,0.0,3.0
2019-04-14T03:00:00.0,0.0,348.0,0.0,844.0,9394.0,0.0,0.0,0.0,0.0,0.0,0.0,0.0,0.0,0.0,367.0,0.0,0.0,0.0,0.0,3.0
2019-04-14T04:00:00.0,0.0,377.0,0.0,845.0,9515.0,0.0,0.0,0.0,0.0,0.0,0.0,0.0,0.0,0.0,370.0,0.0,0.0,0.0,0.0,3.0
2019-04-14T05:00:00.0,0.0,368.0,0.0,844.0,9554.0,0.0,0.0,0.0,0.0,0.0,0.0,0.0,0.0,0.0,370.0,0.0,0.0,0.0,0.0,3.0
2019-04-14T06:00:00.0,0.0,364.0,0.0,843.0,9886.0,0.0,0.0,0.0,0.0,0.0,0.0,0.0,0.0,0.0,369.0,0.0,0.0,0.0,0.0,3.0
2019-04-14T07:00:00.0,0.0,356.0,0.0,842.0,10752.0,0.0,0.0,0.0,0.0,0.0,0.0,0.0,0.0,0.0,368.0,0.0,0.0,0.0,0.0,3.0
2019-04-14T08:00:00.0,0.0,363.0,0.0,842.0,11079.0,0.0,0.0,0.0,0.0,0.0,0.0,0.0,0.0,0.0,369.0,0.0,0.0,0.0,0.0,3.0
2019-04-14T09:00:00.0,0.0,395.0,0.0,844.0,10620.0,0.0,0.0,0.0,0.0,0.0,0.0,0.0,0.0,0.0,367.0,0.0,0.0,0.0,0.0,3.0
2019-04-14T10:00:00.0,0.0,393.0,0.0,845.0,10476.0,0.0,0.0,0.0,0.0,0.0,0.0,0.0,0.0,0.0,368.0,0.0,0.0,0.0,0.0,3.0
2019-04-14T11:00:00.0,0.0,383.0,0.0,847.0,10424.0,0.0,0.0,0.0,0.0,0.0,0.0,0.0,0.0,0.0,371.0,0.0,0.0,0.0,0.0,3.0
2019-04-14T12:00:00.0,0.0,345.0,0.0,847.0,10039.0,0.0,0.0,0.0,0.0,0.0,0.0,0.0,0.0,0.0,369.0,0.0,0.0,0.0,0.0,3.0
2019-04-14T13:00:00.0,0.0,324.0,0.0,847.0,9819.0,0.0,0.0,0.0,0.0,0.0,0.0,0.0,0.0,0.0,370.0,0.0,0.0,0.0,0.0,3.0
2019-04-14T14:00:00.0,0.0,310.0,0.0,845.0,9987.0,0.0,0.0,0.0,0.0,0.0,0.0,0.0,0.0,0.0,364.0,0.0,0.0,0.0,0.0,3.0
2019-04-14T15:00:00.0,0.0,295.0,0.0,844.0,9899.0,0.0,0.0,0.0,0.0,0.0,0.0,0.0,0.0,0.0,369.0,0.0,0.0,0.0,0.0,3.0
2019-04-14T16:00:00.0,0.0,285.0,0.0,845.0,10094.0,0.0,0.0,0.0,0.0,0.0,0.0,0.0,0.0,0.0,367.0,0.0,0.0,0.0,0.0,3.0
2019-04-14T17:00:00.0,0.0,302.0,0.0,846.0,11217.0,0.0,0.0,0.0,0.0,0.0,0.0,0.0,0.0,0.0,371.0,0.0,0.0,0.0,0.0,3.0
2019-04-14T18:00:00.0,0.0,269.0,0.0,845.0,13506.0,0.0,0.0,0.0,0.0,0.0,0.0,0.0,0.0,0.0,341.0,0.0,0.0,0.0,0.0,3.0
2019-04-14T19:00:00.0,0.0,256.0,0.0,845.0,14598.0,0.0,0.0,0.0,0.0,0.0,0.0,0.0,0.0,0.0,341.0,0.0,0.0,0.0,0.0,3.0
2019-04-14T20:00:00.0,0.0,229.0,0.0,846.0,13838.0,0.0,0.0,0.0,0.0,0.0,0.0,0.0,0.0,0.0,345.0,0.0,0.0,0.0,0.0,3.0
2019-04-14T21:00:00.0,0.0,237.0,0.0,843.0,12914.0,0.0,0.0,0.0,0.0,0.0,0.0,0.0,0.0,0.0,348.0,0.0,0.0,0.0,0.0,3.0
2019-04-14T22:00:00.0,0.0,253.0,0.0,842.0,11461.0,0.0,0.0,0.0,0.0,0.0,0.0,0.0,0.0,0.0,348.0,0.0,0.0,0.0,0.0,3.0
2019-04-14T23:00:00.0,0.0,308.0,0.0,834.0,11132.0,0.0,0.0,0.0,0.0,0.0,0.0,0.0,0.0,0.0,344.0,0.0,0.0,0.0,0.0,3.0
2019-04-15T00:00:00.0,0.0,296.0,0.0,834.0,10342.0,0.0,0.0,0.0,0.0,0.0,0.0,0.0,0.0,0.0,342.0,0.0,0.0,0.0,0.0,3.0
2019-04-15T01:00:00.0,0.0,322.0,0.0,833.0,10088.0,0.0,0.0,0.0,0.0,0.0,0.0,0.0,0.0,0.0,338.0,0.0,0.0,0.0,0.0,3.0
2019-04-15T02:00:00.0,0.0,352.0,0.0,834.0,10323.0,0.0,0.0,0.0,0.0,0.0,0.0,0.0,0.0,0.0,336.0,0.0,0.0,0.0,0.0,3.0
2019-04-15T03:00:00.0,0.0,385.0,0.0,831.0,11121.0,0.0,0.0,0.0,0.0,0.0,0.0,0.0,0.0,0.0,366.0,0.0,0.0,0.0,0.0,3.0
2019-04-15T04:00:00.0,0.0,417.0,0.0,830.0,14027.0,0.0,0.0,0.0,0.0,0.0,0.0,0.0,0.0,0.0,369.0,0.0,0.0,0.0,0.0,3.0
2019-04-15T05:00:00.0,0.0,413.0,0.0,833.0,18237.0,0.0,0.0,0.0,0.0,0.0,0.0,0.0,0.0,0.0,362.0,0.0,0.0,0.0,0.0,3.0
2019-04-15T06:00:00.0,0.0,412.0,0.0,834.0,20155.0,0.0,0.0,0.0,0.0,0.0,0.0,0.0,0.0,0.0,369.0,0.0,0.0,0.0,0.0,3.0
2019-04-15T07:00:00.0,0.0,394.0,0.0,839.0,20180.0,0.0,0.0,0.0,0.0,0.0,0.0,0.0,0.0,0.0,367.0,0.0,0.0,0.0,0.0,3.0
2019-04-15T08:00:00.0,0.0,381.0,0.0,846.0,18598.0,0.0,0.0,0.0,0.0,0.0,0.0,0.0,0.0,0.0,342.0,0.0,0.0,0.0,0.0,3.0
2019-04-15T09:00:00.0,0.0,373.0,0.0,844.0,16261.0,0.0,0.0,0.0,0.0,0.0,0.0,0.0,0.0,0.0,341.0,0.0,0.0,0.0,0.0,3.0
2019-04-15T10:00:00.0,0.0,351.0,0.0,846.0,14483.0,0.0,0.0,0.0,0.0,0.0,0.0,0.0,0.0,0.0,343.0,0.0,0.0,0.0,0.0,3.0
2019-04-15T11:00:00.0,0.0,333.0,0.0,847.0,13921.0,0.0,0.0,0.0,0.0,0.0,0.0,0.0,0.0,0.0,342.0,0.0,0.0,0.0,0.0,3.0
2019-04-15T12:00:00.0,0.0,310.0,0.0,848.0,13516.0,0.0,0.0,0.0,0.0,0.0,0.0,0.0,0.0,0.0,342.0,0.0,0.0,0.0,0.0,3.0
2019-04-15T13:00:00.0,0.0,304.0,0.0,845.0,12668.0,0.0,0.0,0.0,0.0,0.0,0.0,0.0,0.0,0.0,338.0,0.0,0.0,0.0,0.0,3.0
2019-04-15T14:00:00.0,0.0,315.0,0.0,843.0,12334.0,0.0,0.0,0.0,0.0,0.0,0.0,0.0,0.0,0.0,334.0,0.0,0.0,0.0,0.0,3.0
2019-04-15T15:00:00.0,0.0,323.0,0.0,842.0,12663.0,0.0,0.0,0.0,0.0,0.0,0.0,0.0,0.0,0.0,326.0,0.0,0.0,0.0,0.0,3.0
2019-04-15T16:00:00.0,0.0,332.0,0.0,841.0,13254.0,0.0,0.0,0.0,0.0,0.0,0.0,0.0,0.0,0.0,340.0,0.0,0.0,0.0,0.0,3.0
2019-04-15T17:00:00.0,0.0,337.0,0.0,843.0,15535.0,0.0,0.0,0.0,0.0,0.0,0.0,0.0,0.0,0.0,336.0,0.0,0.0,0.0,0.0,3.0
2019-04-15T18:00:00.0,0.0,346.0,0.0,843.0,17098.0,0.0,0.0,0.0,0.0,0.0,0.0,0.0,0.0,0.0,339.0,0.0,0.0,0.0,0.0,3.0
2019-04-15T19:00:00.0,0.0,359.0,0.0,843.0,17099.0,0.0,0.0,0.0,0.0,0.0,0.0,0.0,0.0,0.0,337.0,0.0,0.0,0.0,0.0,3.0
2019-04-15T20:00:00.0,0.0,357.0,0.0,844.0,15356.0,0.0,0.0,0.0,0.0,0.0,0.0,0.0,0.0,0.0,338.0,0.0,0.0,0.0,0.0,3.0
2019-04-15T21:00:00.0,0.0,361.0,0.0,844.0,12523.0,0.0,0.0,0.0,0.0,0.0,0.0,0.0,0.0,0.0,335.0,0.0,0.0,0.0,0.0,3.0
2019-04-15T22:00:00.0,0.0,361.0,0.0,843.0,10992.0,0.0,0.0,0.0,0.0,0.0,0.0,0.0,0.0,0.0,339.0,0.0,0.0,0.0,0.0,3.0
2019-04-15T23:00:00.0,0.0,405.0,0.0,846.0,10367.0,0.0,0.0,0.0,0.0,0.0,0.0,0.0,0.0,0.0,349.0,0.0,0.0,0.0,0.0,3.0
2019-04-16T00:00:00.0,0.0,390.0,0.0,844.0,9787.0,0.0,0.0,0.0,0.0,0.0,0.0,0.0,0.0,0.0,350.0,0.0,0.0,0.0,0.0,3.0
2019-04-16T01:00:00.0,0.0,400.0,0.0,843.0,9865.0,0.0,0.0,0.0,0.0,0.0,0.0,0.0,0.0,0.0,343.0,0.0,0.0,0.0,0.0,3.0
2019-04-16T02:00:00.0,0.0,411.0,0.0,842.0,10323.0,0.0,0.0,0.0,0.0,0.0,0.0,0.0,0.0,0.0,342.0,0.0,0.0,0.0,0.0,3.0
2019-04-16T03:00:00.0,0.0,408.0,0.0,842.0,10950.0,0.0,0.0,0.0,0.0,0.0,0.0,0.0,0.0,0.0,348.0,0.0,0.0,0.0,0.0,3.0
2019-04-16T04:00:00.0,0.0,405.0,0.0,841.0,12504.0,0.0,0.0,0.0,0.0,0.0,0.0,0.0,0.0,0.0,344.0,0.0,0.0,0.0,0.0,3.0
2019-04-16T05:00:00.0,0.0,491.0,0.0,846.0,16334.0,0.0,0.0,0.0,0.0,0.0,0.0,0.0,0.0,0.0,342.0,0.0,0.0,0.0,0.0,3.0
2019-04-16T06:00:00.0,0.0,424.0,0.0,849.0,19067.0,0.0,0.0,0.0,0.0,0.0,0.0,0.0,0.0,0.0,343.0,0.0,0.0,0.0,0.0,3.0
2019-04-16T07:00:00.0,0.0,418.0,0.0,854.0,19061.0,0.0,0.0,0.0,0.0,0.0,0.0,0.0,0.0,0.0,338.0,0.0,0.0,0.0,0.0,3.0
2019-04-16T08:00:00.0,0.0,379.0,0.0,850.0,17201.0,0.0,0.0,0.0,0.0,0.0,0.0,0.0,0.0,0.0,333.0,0.0,0.0,0.0,0.0,3.0
2019-04-16T09:00:00.0,0.0,350.0,0.0,852.0,14824.0,0.0,0.0,0.0,0.0,0.0,0.0,0.0,0.0,0.0,337.0,0.0,0.0,0.0,0.0,3.0
2019-04-16T10:00:00.0,0.0,354.0,0.0,854.0,14032.0,0.0,0.0,0.0,0.0,0.0,0.0,0.0,0.0,0.0,338.0,0.0,0.0,0.0,0.0,3.0
2019-04-16T11:00:00.0,0.0,358.0,0.0,855.0,13514.0,0.0,0.0,0.0,0.0,0.0,0.0,0.0,0.0,0.0,338.0,0.0,0.0,0.0,0.0,3.0
2019-04-16T12:00:00.0,0.0,365.0,0.0,855.0,13400.0,0.0,0.0,0.0,0.0,0.0,0.0,0.0,0.0,0.0,337.0,0.0,0.0,0.0,0.0,3.0
2019-04-16T13:00:00.0,0.0,376.0,0.0,851.0,12588.0,0.0,0.0,0.0,0.0,0.0,0.0,0.0,0.0,0.0,337.0,0.0,0.0,0.0,0.0,3.0
2019-04-16T14:00:00.0,0.0,416.0,0.0,851.0,12266.0,0.0,0.0,0.0,0.0,0.0,0.0,0.0,0.0,0.0,360.0,0.0,0.0,0.0,0.0,3.0
2019-04-16T15:00:00.0,0.0,375.0,0.0,851.0,12190.0,0.0,0.0,0.0,0.0,0.0,0.0,0.0,0.0,0.0,342.0,0.0,0.0,0.0,0.0,3.0
2019-04-16T16:00:00.0,0.0,359.0,0.0,852.0,14069.0,0.0,0.0,0.0,0.0,0.0,0.0,0.0,0.0,0.0,342.0,0.0,0.0,0.0,0.0,3.0
2019-04-16T17:00:00.0,0.0,364.0,0.0,854.0,15962.0,0.0,0.0,0.0,0.0,0.0,0.0,0.0,0.0,0.0,343.0,0.0,0.0,0.0,0.0,3.0
2019-04-16T18:00:00.0,0.0,449.0,0.0,856.0,16710.0,0.0,0.0,0.0,0.0,0.0,0.0,0.0,0.0,0.0,358.0,0.0,0.0,0.0,0.0,3.0
2019-04-16T19:00:00.0,0.0,397.0,0.0,856.0,16865.0,0.0,0.0,0.0,0.0,0.0,0.0,0.0,0.0,0.0,360.0,0.0,0.0,0.0,0.0,3.0
2019-04-16T20:00:00.0,0.0,429.0,0.0,855.0,15750.0,0.0,0.0,0.0,0.0,0.0,0.0,0.0,0.0,0.0,360.0,0.0,0.0,0.0,0.0,3.0
2019-04-16T21:00:00.0,0.0,455.0,0.0,856.0,12470.0,0.0,0.0,0.0,0.0,0.0,0.0,0.0,0.0,0.0,360.0,0.0,0.0,0.0,0.0,3.0
2019-04-16T22:00:00.0,0.0,519.0,0.0,855.0,9441.0,0.0,0.0,0.0,0.0,0.0,0.0,0.0,0.0,0.0,361.0,0.0,0.0,0.0,0.0,3.0
2019-04-16T23:00:00.0,0.0,587.0,0.0,852.0,9938.0,0.0,0.0,0.0,0.0,0.0,0.0,0.0,0.0,0.0,353.0,0.0,0.0,0.0,0.0,3.0
2019-04-17T00:00:00.0,0.0,625.0,0.0,852.0,9581.0,0.0,0.0,0.0,0.0,0.0,0.0,0.0,0.0,0.0,354.0,0.0,0.0,0.0,0.0,3.0
2019-04-17T01:00:00.0,0.0,708.0,0.0,850.0,9560.0,0.0,0.0,0.0,0.0,0.0,0.0,0.0,0.0,0.0,355.0,0.0,0.0,0.0,0.0,3.0
2019-04-17T02:00:00.0,0.0,730.0,0.0,850.0,9791.0,0.0,0.0,0.0,0.0,0.0,0.0,0.0,0.0,0.0,354.0,0.0,0.0,0.0,0.0,3.0
2019-04-17T03:00:00.0,0.0,827.0,0.0,849.0,10529.0,0.0,0.0,0.0,0.0,0.0,0.0,0.0,0.0,0.0,356.0,0.0,0.0,0.0,0.0,3.0
2019-04-17T04:00:00.0,0.0,895.0,0.0,851.0,12243.0,0.0,0.0,0.0,0.0,0.0,0.0,0.0,0.0,0.0,352.0,0.0,0.0,0.0,0.0,3.0
2019-04-17T05:00:00.0,0.0,769.0,0.0,851.0,15776.0,0.0,0.0,0.0,0.0,0.0,0.0,0.0,0.0,0.0,355.0,0.0,0.0,0.0,0.0,3.0
2019-04-17T06:00:00.0,0.0,662.0,0.0,859.0,17609.0,0.0,0.0,0.0,0.0,0.0,0.0,0.0,0.0,0.0,355.0,0.0,0.0,0.0,0.0,3.0
2019-04-17T07:00:00.0,0.0,693.0,0.0,858.0,18314.0,0.0,0.0,0.0,0.0,0.0,0.0,0.0,0.0,0.0,358.0,0.0,0.0,0.0,0.0,3.0
2019-04-17T08:00:00.0,0.0,658.0,0.0,856.0,17530.0,0.0,0.0,0.0,0.0,0.0,0.0,0.0,0.0,0.0,353.0,0.0,0.0,0.0,0.0,3.0
2019-04-17T09:00:00.0,0.0,640.0,0.0,857.0,16616.0,0.0,0.0,0.0,0.0,0.0,0.0,0.0,0.0,0.0,334.0,0.0,0.0,0.0,0.0,3.0
2019-04-17T10:00:00.0,0.0,593.0,0.0,858.0,15113.0,0.0,0.0,0.0,0.0,0.0,0.0,0.0,0.0,0.0,338.0,0.0,0.0,0.0,0.0,3.0
2019-04-17T11:00:00.0,0.0,580.0,0.0,856.0,13743.0,0.0,0.0,0.0,0.0,0.0,0.0,0.0,0.0,0.0,334.0,0.0,0.0,0.0,0.0,3.0
2019-04-17T12:00:00.0,0.0,569.0,0.0,855.0,12632.0,0.0,0.0,0.0,0.0,0.0,0.0,0.0,0.0,0.0,365.0,0.0,0.0,0.0,0.0,3.0
2019-04-17T13:00:00.0,0.0,524.0,0.0,846.0,11845.0,0.0,0.0,0.0,0.0,0.0,0.0,0.0,0.0,0.0,365.0,0.0,0.0,0.0,0.0,3.0
2019-04-17T14:00:00.0,0.0,508.0,0.0,847.0,11655.0,0.0,0.0,0.0,0.0,0.0,0.0,0.0,0.0,0.0,364.0,0.0,0.0,0.0,0.0,3.0
2019-04-17T15:00:00.0,0.0,444.0,0.0,847.0,11988.0,0.0,0.0,0.0,0.0,0.0,0.0,0.0,0.0,0.0,364.0,0.0,0.0,0.0,0.0,3.0
2019-04-17T16:00:00.0,0.0,380.0,0.0,847.0,12484.0,0.0,0.0,0.0,0.0,0.0,0.0,0.0,0.0,0.0,359.0,0.0,0.0,0.0,0.0,3.0
2019-04-17T17:00:00.0,0.0,354.0,0.0,842.0,14161.0,0.0,0.0,0.0,0.0,0.0,0.0,0.0,0.0,0.0,359.0,0.0,0.0,0.0,0.0,3.0
2019-04-17T18:00:00.0,0.0,297.0,0.0,836.0,15056.0,0.0,0.0,0.0,0.0,0.0,0.0,0.0,0.0,0.0,360.0,0.0,0.0,0.0,0.0,3.0
2019-04-17T19:00:00.0,0.0,297.0,0.0,831.0,15636.0,0.0,0.0,0.0,0.0,0.0,0.0,0.0,0.0,0.0,357.0,0.0,0.0,0.0,0.0,3.0
2019-04-17T20:00:00.0,0.0,346.0,0.0,832.0,13995.0,0.0,0.0,0.0,0.0,0.0,0.0,0.0,0.0,0.0,346.0,0.0,0.0,0.0,0.0,3.0
2019-04-17T21:00:00.0,0.0,392.0,0.0,830.0,11713.0,0.0,0.0,0.0,0.0,0.0,0.0,0.0,0.0,0.0,347.0,0.0,0.0,0.0,0.0,3.0
2019-04-17T22:00:00.0,0.0,413.0,0.0,831.0,9777.0,0.0,0.0,0.0,0.0,0.0,0.0,0.0,0.0,0.0,359.0,0.0,0.0,0.0,0.0,3.0
2019-04-17T23:00:00.0,0.0,408.0,0.0,838.0,8994.0,0.0,0.0,0.0,0.0,0.0,0.0,0.0,0.0,0.0,359.0,0.0,0.0,0.0,0.0,3.0
2019-04-18T00:00:00.0,0.0,459.0,0.0,839.0,8561.0,0.0,0.0,0.0,0.0,0.0,0.0,0.0,0.0,0.0,361.0,0.0,0.0,0.0,0.0,3.0
2019-04-18T01:00:00.0,0.0,412.0,0.0,839.0,8632.0,0.0,0.0,0.0,0.0,0.0,0.0,0.0,0.0,0.0,359.0,0.0,0.0,0.0,0.0,3.0
2019-04-18T02:00:00.0,0.0,425.0,0.0,838.0,9032.0,0.0,0.0,0.0,0.0,0.0,0.0,0.0,0.0,0.0,358.0,0.0,0.0,0.0,0.0,3.0
2019-04-18T03:00:00.0,0.0,437.0,0.0,838.0,9646.0,0.0,0.0,0.0,0.0,0.0,0.0,0.0,0.0,0.0,360.0,0.0,0.0,0.0,0.0,3.0
2019-04-18T04:00:00.0,0.0,436.0,0.0,839.0,11296.0,0.0,0.0,0.0,0.0,0.0,0.0,0.0,0.0,0.0,365.0,0.0,0.0,0.0,0.0,3.0
2019-04-18T05:00:00.0,0.0,415.0,0.0,841.0,13821.0,0.0,0.0,0.0,0.0,0.0,0.0,0.0,0.0,0.0,354.0,0.0,0.0,0.0,0.0,3.0
2019-04-18T06:00:00.0,0.0,439.0,0.0,842.0,15567.0,0.0,0.0,0.0,0.0,0.0,0.0,0.0,0.0,0.0,362.0,0.0,0.0,0.0,0.0,3.0
2019-04-18T07:00:00.0,0.0,345.0,0.0,842.0,16127.0,0.0,0.0,0.0,0.0,0.0,0.0,0.0,0.0,0.0,361.0,0.0,0.0,0.0,0.0,3.0
2019-04-18T08:00:00.0,0.0,293.0,0.0,840.0,15511.0,0.0,0.0,0.0,0.0,0.0,0.0,0.0,0.0,0.0,364.0,0.0,0.0,0.0,0.0,3.0
2019-04-18T09:00:00.0,0.0,211.0,0.0,842.0,13703.0,0.0,0.0,0.0,0.0,0.0,0.0,0.0,0.0,0.0,363.0,0.0,0.0,0.0,0.0,3.0
2019-04-18T10:00:00.0,0.0,182.0,0.0,839.0,11925.0,0.0,0.0,0.0,0.0,0.0,0.0,0.0,0.0,0.0,366.0,0.0,0.0,0.0,0.0,3.0
2019-04-18T11:00:00.0,0.0,182.0,0.0,834.0,11064.0,0.0,0.0,0.0,0.0,0.0,0.0,0.0,0.0,0.0,361.0,0.0,0.0,0.0,0.0,3.0
2019-04-18T12:00:00.0,0.0,192.0,0.0,836.0,10484.0,0.0,0.0,0.0,0.0,0.0,0.0,0.0,0.0,0.0,368.0,0.0,0.0,0.0,0.0,3.0
2019-04-18T13:00:00.0,0.0,204.0,0.0,836.0,9989.0,0.0,0.0,0.0,0.0,0.0,0.0,0.0,0.0,0.0,370.0,0.0,0.0,0.0,0.0,3.0
2019-04-18T14:00:00.0,0.0,192.0,0.0,836.0,9871.0,0.0,0.0,0.0,0.0,0.0,0.0,0.0,0.0,0.0,370.0,0.0,0.0,0.0,0.0,3.0
2019-04-18T15:00:00.0,0.0,172.0,0.0,836.0,9967.0,0.0,0.0,0.0,0.0,0.0,0.0,0.0,0.0,0.0,368.0,0.0,0.0,0.0,0.0,3.0
2019-04-18T16:00:00.0,0.0,207.0,0.0,838.0,10574.0,0.0,0.0,0.0,0.0,0.0,0.0,0.0,0.0,0.0,370.0,0.0,0.0,0.0,0.0,3.0
2019-04-18T17:00:00.0,0.0,201.0,0.0,840.0,12036.0,0.0,0.0,0.0,0.0,0.0,0.0,0.0,0.0,0.0,369.0,0.0,0.0,0.0,0.0,3.0
2019-04-18T18:00:00.0,0.0,215.0,0.0,845.0,13708.0,0.0,0.0,0.0,0.0,0.0,0.0,0.0,0.0,0.0,369.0,0.0,0.0,0.0,0.0,3.0
2019-04-18T19:00:00.0,0.0,226.0,0.0,848.0,13883.0,0.0,0.0,0.0,0.0,0.0,0.0,0.0,0.0,0.0,366.0,0.0,0.0,0.0,0.0,3.0
2019-04-18T20:00:00.0,0.0,290.0,0.0,849.0,12460.0,0.0,0.0,0.0,0.0,0.0,0.0,0.0,0.0,0.0,369.0,0.0,0.0,0.0,0.0,3.0
2019-04-18T21:00:00.0,0.0,337.0,0.0,850.0,10850.0,0.0,0.0,0.0,0.0,0.0,0.0,0.0,0.0,0.0,368.0,0.0,0.0,0.0,0.0,3.0
2019-04-18T22:00:00.0,0.0,324.0,0.0,852.0,8661.0,0.0,0.0,0.0,0.0,0.0,0.0,0.0,0.0,0.0,363.0,0.0,0.0,0.0,0.0,3.0
2019-04-18T23:00:00.0,0.0,346.0,0.0,860.0,7216.0,0.0,0.0,0.0,0.0,0.0,0.0,0.0,0.0,0.0,379.0,0.0,0.0,0.0,0.0,3.0
2019-04-19T00:00:00.0,0.0,354.0,0.0,860.0,7130.0,0.0,0.0,0.0,0.0,0.0,0.0,0.0,0.0,0.0,374.0,0.0,0.0,0.0,0.0,3.0
2019-04-19T01:00:00.0,0.0,447.0,0.0,859.0,7012.0,0.0,0.0,0.0,0.0,0.0,0.0,0.0,0.0,0.0,377.0,0.0,0.0,0.0,0.0,3.0
2019-04-19T02:00:00.0,0.0,444.0,0.0,858.0,7102.0,0.0,0.0,0.0,0.0,0.0,0.0,0.0,0.0,0.0,373.0,0.0,0.0,0.0,0.0,3.0
2019-04-19T03:00:00.0,0.0,409.0,0.0,858.0,7215.0,0.0,0.0,0.0,0.0,0.0,0.0,0.0,0.0,0.0,372.0,0.0,0.0,0.0,0.0,3.0
2019-04-19T04:00:00.0,0.0,406.0,0.0,860.0,7405.0,0.0,0.0,0.0,0.0,0.0,0.0,0.0,0.0,0.0,368.0,0.0,0.0,0.0,0.0,3.0
2019-04-19T05:00:00.0,0.0,332.0,0.0,860.0,8170.0,0.0,0.0,0.0,0.0,0.0,0.0,0.0,0.0,0.0,373.0,0.0,0.0,0.0,0.0,3.0
2019-04-19T06:00:00.0,0.0,325.0,0.0,875.0,9120.0,0.0,0.0,0.0,0.0,0.0,0.0,0.0,0.0,0.0,375.0,0.0,0.0,0.0,0.0,3.0
2019-04-19T07:00:00.0,0.0,296.0,0.0,883.0,9947.0,0.0,0.0,0.0,0.0,0.0,0.0,0.0,0.0,0.0,372.0,0.0,0.0,0.0,0.0,3.0
2019-04-19T08:00:00.0,0.0,262.0,0.0,886.0,10092.0,0.0,0.0,0.0,0.0,0.0,0.0,0.0,0.0,0.0,372.0,0.0,0.0,0.0,0.0,3.0
2019-04-19T09:00:00.0,0.0,243.0,0.0,892.0,9564.0,0.0,0.0,0.0,0.0,0.0,0.0,0.0,0.0,0.0,369.0,0.0,0.0,0.0,0.0,3.0
2019-04-19T10:00:00.0,0.0,229.0,0.0,892.0,9323.0,0.0,0.0,0.0,0.0,0.0,0.0,0.0,0.0,0.0,369.0,0.0,0.0,0.0,0.0,3.0
2019-04-19T11:00:00.0,0.0,324.0,0.0,890.0,9178.0,0.0,0.0,0.0,0.0,0.0,0.0,0.0,0.0,0.0,366.0,0.0,0.0,0.0,0.0,3.0
2019-04-19T12:00:00.0,0.0,298.0,0.0,891.0,8829.0,0.0,0.0,0.0,0.0,0.0,0.0,0.0,0.0,0.0,369.0,0.0,0.0,0.0,0.0,3.0
2019-04-19T13:00:00.0,0.0,390.0,0.0,893.0,8464.0,0.0,0.0,0.0,0.0,0.0,0.0,0.0,0.0,0.0,370.0,0.0,0.0,0.0,0.0,3.0
2019-04-19T14:00:00.0,0.0,367.0,0.0,894.0,8432.0,0.0,0.0,0.0,0.0,0.0,0.0,0.0,0.0,0.0,361.0,0.0,0.0,0.0,0.0,3.0
2019-04-19T15:00:00.0,0.0,472.0,0.0,901.0,8866.0,0.0,0.0,0.0,0.0,0.0,0.0,0.0,0.0,0.0,372.0,0.0,0.0,0.0,0.0,3.0
2019-04-19T16:00:00.0,0.0,357.0,0.0,907.0,9043.0,0.0,0.0,0.0,0.0,0.0,0.0,0.0,0.0,0.0,370.0,0.0,0.0,0.0,0.0,3.0
2019-04-19T17:00:00.0,0.0,418.0,0.0,912.0,9273.0,0.0,0.0,0.0,0.0,0.0,0.0,0.0,0.0,0.0,368.0,0.0,0.0,0.0,0.0,3.0
2019-04-19T18:00:00.0,0.0,322.0,0.0,915.0,9780.0,0.0,0.0,0.0,0.0,0.0,0.0,0.0,0.0,0.0,371.0,0.0,0.0,0.0,0.0,3.0
2019-04-19T19:00:00.0,0.0,272.0,0.0,919.0,9457.0,0.0,0.0,0.0,0.0,0.0,0.0,0.0,0.0,0.0,368.0,0.0,0.0,0.0,0.0,3.0
2019-04-19T20:00:00.0,0.0,255.0,0.0,922.0,10345.0,0.0,0.0,0.0,0.0,0.0,0.0,0.0,0.0,0.0,367.0,0.0,0.0,0.0,0.0,3.0
2019-04-19T21:00:00.0,0.0,253.0,0.0,927.0,9849.0,0.0,0.0,0.0,0.0,0.0,0.0,0.0,0.0,0.0,368.0,0.0,0.0,0.0,0.0,3.0
2019-04-19T22:00:00.0,0.0,251.0,0.0,926.0,8105.0,0.0,0.0,0.0,0.0,0.0,0.0,0.0,0.0,0.0,368.0,0.0,0.0,0.0,0.0,3.0
2019-04-19T23:00:00.0,0.0,265.0,0.0,938.0,8121.0,0.0,0.0,0.0,0.0,0.0,0.0,0.0,0.0,0.0,369.0,0.0,0.0,0.0,0.0,3.0
2019-04-20T00:00:00.0,0.0,299.0,0.0,936.0,7624.0,0.0,0.0,0.0,0.0,0.0,0.0,0.0,0.0,0.0,366.0,0.0,0.0,0.0,0.0,3.0
2019-04-20T01:00:00.0,0.0,331.0,0.0,935.0,7456.0,0.0,0.0,0.0,0.0,0.0,0.0,0.0,0.0,0.0,370.0,0.0,0.0,0.0,0.0,3.0
2019-04-20T02:00:00.0,0.0,397.0,0.0,933.0,7477.0,0.0,0.0,0.0,0.0,0.0,0.0,0.0,0.0,0.0,368.0,0.0,0.0,0.0,0.0,3.0
2019-04-20T03:00:00.0,0.0,381.0,0.0,933.0,7732.0,0.0,0.0,0.0,0.0,0.0,0.0,0.0,0.0,0.0,370.0,0.0,0.0,0.0,0.0,3.0
2019-04-20T04:00:00.0,0.0,422.0,0.0,931.0,7400.0,0.0,0.0,0.0,0.0,0.0,0.0,0.0,0.0,0.0,366.0,0.0,0.0,0.0,0.0,3.0
2019-04-20T05:00:00.0,0.0,448.0,0.0,928.0,7646.0,0.0,0.0,0.0,0.0,0.0,0.0,0.0,0.0,0.0,369.0,0.0,0.0,0.0,0.0,3.0
2019-04-20T06:00:00.0,0.0,474.0,0.0,925.0,8074.0,0.0,0.0,0.0,0.0,0.0,0.0,0.0,0.0,0.0,369.0,0.0,0.0,0.0,0.0,3.0
2019-04-20T07:00:00.0,0.0,465.0,0.0,926.0,8792.0,0.0,0.0,0.0,0.0,0.0,0.0,0.0,0.0,0.0,370.0,0.0,0.0,0.0,0.0,3.0
2019-04-20T08:00:00.0,0.0,386.0,0.0,926.0,9153.0,0.0,0.0,0.0,0.0,0.0,0.0,0.0,0.0,0.0,368.0,0.0,0.0,0.0,0.0,3.0
2019-04-20T09:00:00.0,0.0,416.0,0.0,927.0,9098.0,0.0,0.0,0.0,0.0,0.0,0.0,0.0,0.0,0.0,365.0,0.0,0.0,0.0,0.0,3.0
2019-04-20T10:00:00.0,0.0,434.0,0.0,924.0,8679.0,0.0,0.0,0.0,0.0,0.0,0.0,0.0,0.0,0.0,368.0,0.0,0.0,0.0,0.0,3.0
2019-04-20T11:00:00.0,0.0,421.0,0.0,930.0,8356.0,0.0,0.0,0.0,0.0,0.0,0.0,0.0,0.0,0.0,371.0,0.0,0.0,0.0,0.0,3.0
2019-04-20T12:00:00.0,0.0,533.0,0.0,931.0,8103.0,0.0,0.0,0.0,0.0,0.0,0.0,0.0,0.0,0.0,367.0,0.0,0.0,0.0,0.0,3.0
2019-04-20T13:00:00.0,0.0,473.0,0.0,933.0,7908.0,0.0,0.0,0.0,0.0,0.0,0.0,0.0,0.0,0.0,368.0,0.0,0.0,0.0,0.0,3.0
2019-04-20T14:00:00.0,0.0,636.0,0.0,936.0,7785.0,0.0,0.0,0.0,0.0,0.0,0.0,0.0,0.0,0.0,367.0,0.0,0.0,0.0,0.0,3.0
2019-04-20T15:00:00.0,0.0,665.0,0.0,937.0,7954.0,0.0,0.0,0.0,0.0,0.0,0.0,0.0,0.0,0.0,370.0,0.0,0.0,0.0,0.0,3.0
2019-04-20T16:00:00.0,0.0,691.0,0.0,942.0,8643.0,0.0,0.0,0.0,0.0,0.0,0.0,0.0,0.0,0.0,363.0,0.0,0.0,0.0,0.0,3.0
2019-04-20T17:00:00.0,0.0,635.0,0.0,946.0,9584.0,0.0,0.0,0.0,0.0,0.0,0.0,0.0,0.0,0.0,366.0,0.0,0.0,0.0,0.0,3.0
2019-04-20T18:00:00.0,0.0,662.0,0.0,951.0,10164.0,0.0,0.0,0.0,0.0,0.0,0.0,0.0,0.0,0.0,369.0,0.0,0.0,0.0,0.0,3.0
2019-04-20T19:00:00.0,0.0,681.0,0.0,956.0,9982.0,0.0,0.0,0.0,0.0,0.0,0.0,0.0,0.0,0.0,367.0,0.0,0.0,0.0,0.0,3.0
2019-04-20T20:00:00.0,0.0,599.0,0.0,959.0,9329.0,0.0,0.0,0.0,0.0,0.0,0.0,0.0,0.0,0.0,366.0,0.0,0.0,0.0,0.0,3.0
2019-04-20T21:00:00.0,0.0,557.0,0.0,962.0,8555.0,0.0,0.0,0.0,0.0,0.0,0.0,0.0,0.0,0.0,361.0,0.0,0.0,0.0,0.0,3.0
2019-04-20T22:00:00.0,0.0,579.0,0.0,964.0,7685.0,0.0,0.0,0.0,0.0,0.0,0.0,0.0,0.0,0.0,365.0,0.0,0.0,0.0,0.0,3.0
2019-04-20T23:00:00.0,0.0,716.0,0.0,1000.0,6607.0,0.0,0.0,0.0,0.0,0.0,0.0,0.0,0.0,0.0,367.0,0.0,0.0,0.0,0.0,3.0
2019-04-21T00:00:00.0,0.0,706.0,0.0,1000.0,6201.0,0.0,0.0,0.0,0.0,0.0,0.0,0.0,0.0,0.0,367.0,0.0,0.0,0.0,0.0,3.0
2019-04-21T01:00:00.0,0.0,734.0,0.0,1000.0,6063.0,0.0,0.0,0.0,0.0,0.0,0.0,0.0,0.0,0.0,368.0,0.0,0.0,0.0,0.0,3.0
2019-04-21T02:00:00.0,0.0,751.0,0.0,997.0,6013.0,0.0,0.0,0.0,0.0,0.0,0.0,0.0,0.0,0.0,366.0,0.0,0.0,0.0,0.0,3.0
2019-04-21T03:00:00.0,0.0,775.0,0.0,997.0,6102.0,0.0,0.0,0.0,0.0,0.0,0.0,0.0,0.0,0.0,368.0,0.0,0.0,0.0,0.0,3.0
2019-04-21T04:00:00.0,0.0,629.0,0.0,998.0,6165.0,0.0,0.0,0.0,0.0,0.0,0.0,0.0,0.0,0.0,367.0,0.0,0.0,0.0,0.0,3.0
2019-04-21T05:00:00.0,0.0,652.0,0.0,1001.0,6039.0,0.0,0.0,0.0,0.0,0.0,0.0,0.0,0.0,0.0,370.0,0.0,0.0,0.0,0.0,3.0
2019-04-21T06:00:00.0,0.0,578.0,0.0,1000.0,6540.0,0.0,0.0,0.0,0.0,0.0,0.0,0.0,0.0,0.0,371.0,0.0,0.0,0.0,0.0,3.0
2019-04-21T07:00:00.0,0.0,473.0,0.0,999.0,7441.0,0.0,0.0,0.0,0.0,0.0,0.0,0.0,0.0,0.0,371.0,0.0,0.0,0.0,0.0,3.0
2019-04-21T08:00:00.0,0.0,492.0,0.0,992.0,8222.0,0.0,0.0,0.0,0.0,0.0,0.0,0.0,0.0,0.0,370.0,0.0,0.0,0.0,0.0,3.0
2019-04-21T09:00:00.0,0.0,501.0,0.0,992.0,8044.0,0.0,0.0,0.0,0.0,0.0,0.0,0.0,0.0,0.0,371.0,0.0,0.0,0.0,0.0,3.0
2019-04-21T10:00:00.0,0.0,486.0,0.0,994.0,7721.0,0.0,0.0,0.0,0.0,0.0,0.0,0.0,0.0,0.0,369.0,0.0,0.0,0.0,0.0,3.0
2019-04-21T11:00:00.0,0.0,486.0,0.0,1003.0,7409.0,0.0,0.0,0.0,0.0,0.0,0.0,0.0,0.0,0.0,373.0,0.0,0.0,0.0,0.0,3.0
2019-04-21T12:00:00.0,0.0,475.0,0.0,1007.0,7412.0,0.0,0.0,0.0,0.0,0.0,0.0,0.0,0.0,0.0,373.0,0.0,0.0,0.0,0.0,4.0
2019-04-21T13:00:00.0,0.0,469.0,0.0,1007.0,7378.0,0.0,0.0,0.0,0.0,0.0,0.0,0.0,0.0,0.0,370.0,0.0,0.0,0.0,0.0,3.0
2019-04-21T14:00:00.0,0.0,491.0,0.0,1011.0,6991.0,0.0,0.0,0.0,0.0,0.0,0.0,0.0,0.0,0.0,370.0,0.0,0.0,0.0,0.0,3.0
2019-04-21T15:00:00.0,0.0,492.0,0.0,1017.0,6981.0,0.0,0.0,0.0,0.0,0.0,0.0,0.0,0.0,0.0,372.0,0.0,0.0,0.0,0.0,3.0
2019-04-21T16:00:00.0,0.0,504.0,0.0,1021.0,7503.0,0.0,0.0,0.0,0.0,0.0,0.0,0.0,0.0,0.0,370.0,0.0,0.0,0.0,0.0,3.0
2019-04-21T17:00:00.0,0.0,493.0,0.0,1024.0,8597.0,0.0,0.0,0.0,0.0,0.0,0.0,0.0,0.0,0.0,368.0,0.0,0.0,0.0,0.0,3.0
2019-04-21T18:00:00.0,0.0,462.0,0.0,1027.0,9896.0,0.0,0.0,0.0,0.0,0.0,0.0,0.0,0.0,0.0,370.0,0.0,0.0,0.0,0.0,3.0
2019-04-21T19:00:00.0,0.0,483.0,0.0,1034.0,10120.0,0.0,0.0,0.0,0.0,0.0,0.0,0.0,0.0,0.0,373.0,0.0,0.0,0.0,0.0,3.0
2019-04-21T20:00:00.0,0.0,533.0,0.0,1034.0,9429.0,0.0,0.0,0.0,0.0,0.0,0.0,0.0,0.0,0.0,373.0,0.0,0.0,0.0,0.0,4.0
2019-04-21T21:00:00.0,0.0,528.0,0.0,1039.0,7701.0,0.0,0.0,0.0,0.0,0.0,0.0,0.0,0.0,0.0,371.0,0.0,0.0,0.0,0.0,4.0
2019-04-21T22:00:00.0,0.0,567.0,0.0,1040.0,6584.0,0.0,0.0,0.0,0.0,0.0,0.0,0.0,0.0,0.0,370.0,0.0,0.0,0.0,0.0,4.0
2019-04-21T23:00:00.0,0.0,538.0,0.0,1111.0,5991.0,0.0,0.0,0.0,0.0,0.0,0.0,0.0,0.0,0.0,367.0,0.0,0.0,0.0,0.0,4.0
2019-04-22T00:00:00.0,0.0,602.0,0.0,1109.0,5751.0,0.0,0.0,0.0,0.0,0.0,0.0,0.0,0.0,0.0,369.0,0.0,0.0,0.0,0.0,4.0
2019-04-22T01:00:00.0,0.0,585.0,0.0,1104.0,5749.0,0.0,0.0,0.0,0.0,0.0,0.0,0.0,0.0,0.0,372.0,0.0,0.0,0.0,0.0,4.0
2019-04-22T02:00:00.0,0.0,549.0,0.0,1104.0,5743.0,0.0,0.0,0.0,0.0,0.0,0.0,0.0,0.0,0.0,368.0,0.0,0.0,0.0,0.0,4.0
2019-04-22T03:00:00.0,0.0,571.0,0.0,1102.0,5804.0,0.0,0.0,0.0,0.0,0.0,0.0,0.0,0.0,0.0,371.0,0.0,0.0,0.0,0.0,4.0
2019-04-22T04:00:00.0,0.0,563.0,0.0,1098.0,5903.0,0.0,0.0,0.0,0.0,0.0,0.0,0.0,0.0,0.0,369.0,0.0,0.0,0.0,0.0,4.0
2019-04-22T05:00:00.0,0.0,589.0,0.0,1096.0,6431.0,0.0,0.0,0.0,0.0,0.0,0.0,0.0,0.0,0.0,368.0,0.0,0.0,0.0,0.0,4.0
2019-04-22T06:00:00.0,0.0,569.0,0.0,1091.0,7408.0,0.0,0.0,0.0,0.0,0.0,0.0,0.0,0.0,0.0,367.0,0.0,0.0,0.0,0.0,4.0
2019-04-22T07:00:00.0,0.0,544.0,0.0,1089.0,8144.0,0.0,0.0,0.0,0.0,0.0,0.0,0.0,0.0,0.0,369.0,0.0,0.0,0.0,0.0,4.0
2019-04-22T08:00:00.0,0.0,527.0,0.0,1083.0,8458.0,0.0,0.0,0.0,0.0,0.0,0.0,0.0,0.0,0.0,368.0,0.0,0.0,0.0,0.0,4.0
2019-04-22T09:00:00.0,0.0,516.0,0.0,1074.0,8449.0,0.0,0.0,0.0,0.0,0.0,0.0,0.0,0.0,0.0,382.0,0.0,0.0,0.0,0.0,4.0
2019-04-22T10:00:00.0,0.0,515.0,0.0,1071.0,8320.0,0.0,0.0,0.0,0.0,0.0,0.0,0.0,0.0,0.0,381.0,0.0,0.0,0.0,0.0,4.0
2019-04-22T11:00:00.0,0.0,547.0,0.0,1079.0,8039.0,0.0,0.0,0.0,0.0,0.0,0.0,0.0,0.0,0.0,384.0,0.0,0.0,0.0,0.0,4.0
2019-04-22T12:00:00.0,0.0,549.0,0.0,1082.0,7930.0,0.0,0.0,0.0,0.0,0.0,0.0,0.0,0.0,0.0,385.0,0.0,0.0,0.0,0.0,4.0
2019-04-22T13:00:00.0,0.0,506.0,0.0,1083.0,6917.0,0.0,0.0,0.0,0.0,0.0,0.0,0.0,0.0,0.0,372.0,0.0,0.0,0.0,0.0,4.0
2019-04-22T14:00:00.0,0.0,490.0,0.0,1085.0,6997.0,0.0,0.0,0.0,0.0,0.0,0.0,0.0,0.0,0.0,381.0,0.0,0.0,0.0,0.0,4.0
2019-04-22T15:00:00.0,0.0,464.0,0.0,1089.0,7443.0,0.0,0.0,0.0,0.0,0.0,0.0,0.0,0.0,0.0,383.0,0.0,0.0,0.0,0.0,4.0
2019-04-22T16:00:00.0,0.0,466.0,0.0,1095.0,7968.0,0.0,0.0,0.0,0.0,0.0,0.0,0.0,0.0,0.0,358.0,0.0,0.0,0.0,0.0,4.0
2019-04-22T17:00:00.0,0.0,467.0,0.0,1103.0,8093.0,0.0,0.0,0.0,0.0,0.0,0.0,0.0,0.0,0.0,364.0,0.0,0.0,0.0,0.0,4.0
2019-04-22T18:00:00.0,0.0,494.0,0.0,1111.0,8123.0,0.0,0.0,0.0,0.0,0.0,0.0,0.0,0.0,0.0,374.0,0.0,0.0,0.0,0.0,4.0
2019-04-22T19:00:00.0,0.0,512.0,0.0,1108.0,7818.0,0.0,0.0,0.0,0.0,0.0,0.0,0.0,0.0,0.0,365.0,0.0,0.0,0.0,0.0,4.0
2019-04-22T20:00:00.0,0.0,537.0,0.0,1111.0,7685.0,0.0,0.0,0.0,0.0,0.0,0.0,0.0,0.0,0.0,367.0,0.0,0.0,0.0,0.0,5.0
2019-04-22T21:00:00.0,0.0,575.0,0.0,1113.0,7098.0,0.0,0.0,0.0,0.0,0.0,0.0,0.0,0.0,0.0,366.0,0.0,0.0,0.0,0.0,5.0
2019-04-22T22:00:00.0,0.0,647.0,0.0,1115.0,7149.0,0.0,0.0,0.0,0.0,0.0,0.0,0.0,0.0,0.0,368.0,0.0,0.0,0.0,0.0,5.0
2019-04-22T23:00:00.0,0.0,662.0,0.0,1152.0,6614.0,0.0,0.0,0.0,0.0,0.0,0.0,0.0,0.0,0.0,367.0,0.0,0.0,0.0,0.0,5.0
2019-04-23T00:00:00.0,0.0,636.0,0.0,1157.0,6147.0,0.0,0.0,0.0,0.0,0.0,0.0,0.0,0.0,0.0,367.0,0.0,0.0,0.0,0.0,5.0
2019-04-23T01:00:00.0,0.0,643.0,0.0,1157.0,5838.0,0.0,0.0,0.0,0.0,0.0,0.0,0.0,0.0,0.0,366.0,0.0,0.0,0.0,0.0,5.0
2019-04-23T02:00:00.0,0.0,660.0,0.0,1152.0,5968.0,0.0,0.0,0.0,0.0,0.0,0.0,0.0,0.0,0.0,369.0,0.0,0.0,0.0,0.0,5.0
2019-04-23T03:00:00.0,0.0,686.0,0.0,1151.0,6072.0,0.0,0.0,0.0,0.0,0.0,0.0,0.0,0.0,0.0,364.0,0.0,0.0,0.0,0.0,5.0
2019-04-23T04:00:00.0,0.0,735.0,0.0,1152.0,6472.0,0.0,0.0,0.0,0.0,0.0,0.0,0.0,0.0,0.0,366.0,0.0,0.0,0.0,0.0,5.0
2019-04-23T05:00:00.0,0.0,741.0,0.0,1152.0,8128.0,0.0,0.0,0.0,0.0,0.0,0.0,0.0,0.0,0.0,369.0,0.0,0.0,0.0,0.0,5.0
2019-04-23T06:00:00.0,0.0,775.0,0.0,1169.0,10789.0,0.0,0.0,0.0,0.0,0.0,0.0,0.0,0.0,0.0,366.0,0.0,0.0,0.0,0.0,5.0
2019-04-23T07:00:00.0,0.0,789.0,0.0,1191.0,11499.0,0.0,0.0,0.0,0.0,0.0,0.0,0.0,0.0,0.0,373.0,0.0,0.0,0.0,0.0,5.0
2019-04-23T08:00:00.0,0.0,818.0,0.0,1204.0,10990.0,0.0,0.0,0.0,0.0,0.0,0.0,0.0,0.0,0.0,366.0,0.0,0.0,0.0,0.0,5.0
2019-04-23T09:00:00.0,0.0,845.0,0.0,1213.0,10198.0,0.0,0.0,0.0,0.0,0.0,0.0,0.0,0.0,0.0,369.0,0.0,0.0,0.0,0.0,5.0
2019-04-23T10:00:00.0,0.0,792.0,0.0,1218.0,9633.0,0.0,0.0,0.0,0.0,0.0,0.0,0.0,0.0,0.0,378.0,0.0,0.0,0.0,0.0,5.0
2019-04-23T11:00:00.0,0.0,856.0,0.0,1215.0,9239.0,0.0,0.0,0.0,0.0,0.0,0.0,0.0,0.0,0.0,361.0,0.0,0.0,0.0,0.0,3.0
2019-04-23T12:00:00.0,0.0,791.0,0.0,1228.0,9211.0,0.0,0.0,0.0,0.0,0.0,0.0,0.0,0.0,0.0,355.0,0.0,0.0,0.0,0.0,3.0
2019-04-23T13:00:00.0,0.0,828.0,0.0,1228.0,8693.0,0.0,0.0,0.0,0.0,0.0,0.0,0.0,0.0,0.0,344.0,0.0,0.0,0.0,0.0,4.0
2019-04-23T14:00:00.0,0.0,827.0,0.0,1234.0,8538.0,0.0,0.0,0.0,0.0,0.0,0.0,0.0,0.0,0.0,340.0,0.0,0.0,0.0,0.0,4.0
2019-04-23T15:00:00.0,0.0,847.0,0.0,1239.0,8759.0,0.0,0.0,0.0,0.0,0.0,0.0,0.0,0.0,0.0,352.0,0.0,0.0,0.0,0.0,5.0
2019-04-23T16:00:00.0,0.0,751.0,0.0,1244.0,8872.0,0.0,0.0,0.0,0.0,0.0,0.0,0.0,0.0,0.0,336.0,0.0,0.0,0.0,0.0,5.0
2019-04-23T17:00:00.0,0.0,786.0,0.0,1248.0,9395.0,0.0,0.0,0.0,0.0,0.0,0.0,0.0,0.0,0.0,336.0,0.0,0.0,0.0,0.0,5.0
2019-04-23T18:00:00.0,0.0,744.0,0.0,1245.0,9641.0,0.0,0.0,0.0,0.0,0.0,0.0,0.0,0.0,0.0,356.0,0.0,0.0,0.0,0.0,5.0
2019-04-23T19:00:00.0,0.0,873.0,0.0,1247.0,9274.0,0.0,0.0,0.0,0.0,0.0,0.0,0.0,0.0,0.0,356.0,0.0,0.0,0.0,0.0,5.0
2019-04-23T20:00:00.0,0.0,715.0,0.0,1245.0,9283.0,0.0,0.0,0.0,0.0,0.0,0.0,0.0,0.0,0.0,355.0,0.0,0.0,0.0,0.0,5.0
2019-04-23T21:00:00.0,0.0,800.0,0.0,1246.0,8948.0,0.0,0.0,0.0,0.0,0.0,0.0,0.0,0.0,0.0,357.0,0.0,0.0,0.0,0.0,5.0
2019-04-23T22:00:00.0,0.0,916.0,0.0,1241.0,7782.0,0.0,0.0,0.0,0.0,0.0,0.0,0.0,0.0,0.0,357.0,0.0,0.0,0.0,0.0,6.0
2019-04-23T23:00:00.0,0.0,848.0,0.0,1276.0,7411.0,0.0,0.0,0.0,0.0,0.0,0.0,0.0,0.0,0.0,353.0,0.0,0.0,0.0,0.0,10.0
2019-04-24T00:00:00.0,0.0,951.0,0.0,1281.0,7165.0,0.0,0.0,0.0,0.0,0.0,0.0,0.0,0.0,0.0,352.0,0.0,0.0,0.0,0.0,10.0
2019-04-24T01:00:00.0,0.0,845.0,0.0,1279.0,6855.0,0.0,0.0,0.0,0.0,0.0,0.0,0.0,0.0,0.0,359.0,0.0,0.0,0.0,0.0,10.0
2019-04-24T02:00:00.0,0.0,905.0,0.0,1276.0,6725.0,0.0,0.0,0.0,0.0,0.0,0.0,0.0,0.0,0.0,358.0,0.0,0.0,0.0,0.0,10.0
2019-04-24T03:00:00.0,0.0,947.0,0.0,1275.0,6792.0,0.0,0.0,0.0,0.0,0.0,0.0,0.0,0.0,0.0,357.0,0.0,0.0,0.0,0.0,10.0
2019-04-24T04:00:00.0,0.0,938.0,0.0,1280.0,6983.0,0.0,0.0,0.0,0.0,0.0,0.0,0.0,0.0,0.0,357.0,0.0,0.0,0.0,0.0,10.0
2019-04-24T05:00:00.0,0.0,935.0,0.0,1281.0,8697.0,0.0,0.0,0.0,0.0,0.0,0.0,0.0,0.0,0.0,357.0,0.0,0.0,0.0,0.0,10.0
2019-04-24T06:00:00.0,0.0,921.0,0.0,1306.0,11481.0,0.0,0.0,0.0,0.0,0.0,0.0,0.0,0.0,0.0,363.0,0.0,0.0,0.0,0.0,10.0
2019-04-24T07:00:00.0,0.0,808.0,0.0,1325.0,12244.0,0.0,0.0,0.0,0.0,0.0,0.0,0.0,0.0,0.0,360.0,0.0,0.0,0.0,0.0,10.0
2019-04-24T08:00:00.0,0.0,868.0,0.0,1336.0,10949.0,0.0,0.0,0.0,0.0,0.0,0.0,0.0,0.0,0.0,361.0,0.0,0.0,0.0,0.0,10.0
2019-04-24T09:00:00.0,0.0,712.0,0.0,1335.0,10203.0,0.0,0.0,0.0,0.0,0.0,0.0,0.0,0.0,0.0,359.0,0.0,0.0,0.0,0.0,10.0
2019-04-24T10:00:00.0,0.0,732.0,0.0,1342.0,9316.0,0.0,0.0,0.0,0.0,0.0,0.0,0.0,0.0,0.0,360.0,0.0,0.0,0.0,0.0,9.0
2019-04-24T11:00:00.0,0.0,807.0,0.0,1346.0,8632.0,0.0,0.0,0.0,0.0,0.0,0.0,0.0,0.0,0.0,361.0,0.0,0.0,0.0,0.0,9.0
2019-04-24T12:00:00.0,0.0,838.0,0.0,1349.0,8327.0,0.0,0.0,0.0,0.0,0.0,0.0,0.0,0.0,0.0,335.0,0.0,0.0,0.0,0.0,9.0
2019-04-24T13:00:00.0,0.0,854.0,0.0,1348.0,8025.0,0.0,0.0,0.0,0.0,0.0,0.0,0.0,0.0,0.0,356.0,0.0,0.0,0.0,0.0,9.0
2019-04-24T14:00:00.0,0.0,956.0,0.0,1353.0,8279.0,0.0,0.0,0.0,0.0,0.0,0.0,0.0,0.0,0.0,356.0,0.0,0.0,0.0,0.0,9.0
2019-04-24T15:00:00.0,0.0,1018.0,0.0,1359.0,8526.0,0.0,0.0,0.0,0.0,0.0,0.0,0.0,0.0,0.0,346.0,0.0,0.0,0.0,0.0,9.0
2019-04-24T16:00:00.0,0.0,923.0,0.0,1360.0,9507.0,0.0,0.0,0.0,0.0,0.0,0.0,0.0,0.0,0.0,346.0,0.0,0.0,0.0,0.0,9.0
2019-04-24T17:00:00.0,0.0,912.0,0.0,1363.0,10683.0,0.0,0.0,0.0,0.0,0.0,0.0,0.0,0.0,0.0,351.0,0.0,0.0,0.0,0.0,9.0
2019-04-24T18:00:00.0,0.0,924.0,0.0,1367.0,11040.0,0.0,0.0,0.0,0.0,0.0,0.0,0.0,0.0,0.0,351.0,0.0,0.0,0.0,0.0,10.0
2019-04-24T19:00:00.0,0.0,939.0,0.0,1373.0,10623.0,0.0,0.0,0.0,0.0,0.0,0.0,0.0,0.0,0.0,356.0,0.0,0.0,0.0,0.0,10.0
2019-04-24T20:00:00.0,0.0,1057.0,0.0,1373.0,10029.0,0.0,0.0,0.0,0.0,0.0,0.0,0.0,0.0,0.0,358.0,0.0,0.0,0.0,0.0,10.0
2019-04-24T21:00:00.0,0.0,1058.0,0.0,1371.0,8353.0,0.0,0.0,0.0,0.0,0.0,0.0,0.0,0.0,0.0,356.0,0.0,0.0,0.0,0.0,10.0
2019-04-24T22:00:00.0,0.0,993.0,0.0,1366.0,7348.0,0.0,0.0,0.0,0.0,0.0,0.0,0.0,0.0,0.0,357.0,0.0,0.0,0.0,0.0,10.0
2019-04-24T23:00:00.0,0.0,993.0,0.0,1367.0,6682.0,0.0,0.0,0.0,0.0,0.0,0.0,0.0,0.0,0.0,362.0,0.0,0.0,0.0,0.0,9.0
2019-04-25T00:00:00.0,0.0,1000.0,0.0,1367.0,6224.0,0.0,0.0,0.0,0.0,0.0,0.0,0.0,0.0,0.0,361.0,0.0,0.0,0.0,0.0,9.0
2019-04-25T01:00:00.0,0.0,1045.0,0.0,1367.0,5897.0,0.0,0.0,0.0,0.0,0.0,0.0,0.0,0.0,0.0,360.0,0.0,0.0,0.0,0.0,9.0
2019-04-25T02:00:00.0,0.0,1115.0,0.0,1366.0,6118.0,0.0,0.0,0.0,0.0,0.0,0.0,0.0,0.0,0.0,360.0,0.0,0.0,0.0,0.0,9.0
2019-04-25T03:00:00.0,0.0,1117.0,0.0,1372.0,6342.0,0.0,0.0,0.0,0.0,0.0,0.0,0.0,0.0,0.0,362.0,0.0,0.0,0.0,0.0,10.0
2019-04-25T04:00:00.0,0.0,1124.0,0.0,1372.0,7940.0,0.0,0.0,0.0,0.0,0.0,0.0,0.0,0.0,0.0,361.0,0.0,0.0,0.0,0.0,11.0
2019-04-25T05:00:00.0,0.0,1098.0,0.0,1370.0,11977.0,0.0,0.0,0.0,0.0,0.0,0.0,0.0,0.0,0.0,358.0,0.0,0.0,0.0,0.0,11.0
2019-04-25T06:00:00.0,0.0,1053.0,0.0,1386.0,14395.0,0.0,0.0,0.0,0.0,0.0,0.0,0.0,0.0,0.0,360.0,0.0,0.0,0.0,0.0,11.0
2019-04-25T07:00:00.0,0.0,1051.0,0.0,1404.0,14948.0,0.0,0.0,0.0,0.0,0.0,0.0,0.0,0.0,0.0,359.0,0.0,0.0,0.0,0.0,11.0
2019-04-25T08:00:00.0,0.0,988.0,0.0,1414.0,14180.0,0.0,0.0,0.0,0.0,0.0,0.0,0.0,0.0,0.0,354.0,0.0,0.0,0.0,0.0,12.0
2019-04-25T09:00:00.0,0.0,1027.0,0.0,1415.0,12422.0,0.0,0.0,0.0,0.0,0.0,0.0,0.0,0.0,0.0,355.0,0.0,0.0,0.0,0.0,12.0
2019-04-25T10:00:00.0,0.0,1023.0,0.0,1423.0,11785.0,0.0,0.0,0.0,0.0,0.0,0.0,0.0,0.0,0.0,350.0,0.0,0.0,0.0,0.0,12.0
2019-04-25T11:00:00.0,0.0,1023.0,0.0,1430.0,11281.0,0.0,0.0,0.0,0.0,0.0,0.0,0.0,0.0,0.0,349.0,0.0,0.0,0.0,0.0,12.0
2019-04-25T12:00:00.0,0.0,1025.0,0.0,1431.0,11145.0,0.0,0.0,0.0,0.0,0.0,0.0,0.0,0.0,0.0,325.0,0.0,0.0,0.0,0.0,12.0
2019-04-25T13:00:00.0,0.0,1008.0,0.0,1437.0,10647.0,0.0,0.0,0.0,0.0,0.0,0.0,0.0,0.0,0.0,347.0,0.0,0.0,0.0,0.0,12.0
2019-04-25T14:00:00.0,0.0,979.0,0.0,1439.0,11126.0,0.0,0.0,0.0,0.0,0.0,0.0,0.0,0.0,0.0,345.0,0.0,0.0,0.0,0.0,12.0
2019-04-25T15:00:00.0,0.0,845.0,0.0,1439.0,11077.0,0.0,0.0,0.0,0.0,0.0,0.0,0.0,0.0,0.0,335.0,0.0,0.0,0.0,0.0,12.0
2019-04-25T16:00:00.0,0.0,790.0,0.0,1442.0,12958.0,0.0,0.0,0.0,0.0,0.0,0.0,0.0,0.0,0.0,337.0,0.0,0.0,0.0,0.0,12.0
2019-04-25T17:00:00.0,0.0,684.0,0.0,1450.0,13697.0,0.0,0.0,0.0,0.0,0.0,0.0,0.0,0.0,0.0,348.0,0.0,0.0,0.0,0.0,12.0
2019-04-25T18:00:00.0,0.0,675.0,0.0,1447.0,13701.0,0.0,0.0,0.0,0.0,0.0,0.0,0.0,0.0,0.0,347.0,0.0,0.0,0.0,0.0,12.0
2019-04-25T19:00:00.0,0.0,716.0,0.0,1449.0,12758.0,0.0,0.0,0.0,0.0,0.0,0.0,0.0,0.0,0.0,349.0,0.0,0.0,0.0,0.0,12.0
2019-04-25T20:00:00.0,0.0,712.0,0.0,1457.0,12537.0,0.0,0.0,0.0,0.0,0.0,0.0,0.0,0.0,0.0,347.0,0.0,0.0,0.0,0.0,12.0
2019-04-25T21:00:00.0,0.0,710.0,0.0,1454.0,11312.0,0.0,0.0,0.0,0.0,0.0,0.0,0.0,0.0,0.0,349.0,0.0,0.0,0.0,0.0,12.0
2019-04-25T22:00:00.0,0.0,818.0,0.0,1455.0,8548.0,0.0,0.0,0.0,0.0,0.0,0.0,0.0,0.0,0.0,347.0,0.0,0.0,0.0,0.0,12.0
2019-04-25T23:00:00.0,0.0,850.0,0.0,1466.0,7799.0,0.0,0.0,0.0,0.0,0.0,0.0,0.0,0.0,0.0,346.0,0.0,0.0,0.0,0.0,12.0
2019-04-26T00:00:00.0,0.0,815.0,0.0,1474.0,7450.0,0.0,0.0,0.0,0.0,0.0,0.0,0.0,0.0,0.0,348.0,0.0,0.0,0.0,0.0,12.0
2019-04-26T01:00:00.0,0.0,821.0,0.0,1475.0,7355.0,0.0,0.0,0.0,0.0,0.0,0.0,0.0,0.0,0.0,348.0,0.0,0.0,0.0,0.0,12.0
2019-04-26T02:00:00.0,0.0,845.0,0.0,1470.0,7421.0,0.0,0.0,0.0,0.0,0.0,0.0,0.0,0.0,0.0,347.0,0.0,0.0,0.0,0.0,12.0
2019-04-26T03:00:00.0,0.0,928.0,0.0,1465.0,8226.0,0.0,0.0,0.0,0.0,0.0,0.0,0.0,0.0,0.0,354.0,0.0,0.0,0.0,0.0,12.0
2019-04-26T04:00:00.0,0.0,915.0,0.0,1461.0,9424.0,0.0,0.0,0.0,0.0,0.0,0.0,0.0,0.0,0.0,348.0,0.0,0.0,0.0,0.0,12.0
2019-04-26T05:00:00.0,0.0,869.0,0.0,1460.0,13067.0,0.0,0.0,0.0,0.0,0.0,0.0,0.0,0.0,0.0,356.0,0.0,0.0,0.0,0.0,12.0
2019-04-26T06:00:00.0,0.0,785.0,0.0,1473.0,14878.0,0.0,0.0,0.0,0.0,0.0,0.0,0.0,0.0,0.0,357.0,0.0,0.0,0.0,0.0,12.0
2019-04-26T07:00:00.0,0.0,742.0,0.0,1491.0,15434.0,0.0,0.0,0.0,0.0,0.0,0.0,0.0,0.0,0.0,354.0,0.0,0.0,0.0,0.0,12.0
2019-04-26T08:00:00.0,0.0,734.0,0.0,1502.0,15111.0,0.0,0.0,0.0,0.0,0.0,0.0,0.0,0.0,0.0,356.0,0.0,0.0,0.0,0.0,12.0
2019-04-26T09:00:00.0,0.0,656.0,0.0,1507.0,15130.0,0.0,0.0,0.0,0.0,0.0,0.0,0.0,0.0,0.0,356.0,0.0,0.0,0.0,0.0,12.0
2019-04-26T10:00:00.0,0.0,615.0,0.0,1522.0,14899.0,0.0,0.0,0.0,0.0,0.0,0.0,0.0,0.0,0.0,353.0,0.0,0.0,0.0,0.0,12.0
2019-04-26T11:00:00.0,0.0,643.0,0.0,1536.0,14021.0,0.0,0.0,0.0,0.0,0.0,0.0,0.0,0.0,0.0,352.0,0.0,0.0,0.0,0.0,12.0
2019-04-26T12:00:00.0,0.0,522.0,0.0,1545.0,12699.0,0.0,0.0,0.0,0.0,0.0,0.0,0.0,0.0,0.0,351.0,0.0,0.0,0.0,0.0,12.0
2019-04-26T13:00:00.0,0.0,537.0,0.0,1543.0,11637.0,0.0,0.0,0.0,0.0,0.0,0.0,0.0,0.0,0.0,348.0,0.0,0.0,0.0,0.0,12.0
2019-04-26T14:00:00.0,0.0,572.0,0.0,1549.0,11603.0,0.0,0.0,0.0,0.0,0.0,0.0,0.0,0.0,0.0,347.0,0.0,0.0,0.0,0.0,12.0
2019-04-26T15:00:00.0,0.0,459.0,0.0,1556.0,11959.0,0.0,0.0,0.0,0.0,0.0,0.0,0.0,0.0,0.0,346.0,0.0,0.0,0.0,0.0,12.0
2019-04-26T16:00:00.0,0.0,323.0,0.0,1561.0,13267.0,0.0,0.0,0.0,0.0,0.0,0.0,0.0,0.0,0.0,350.0,0.0,0.0,0.0,0.0,12.0
2019-04-26T17:00:00.0,0.0,397.0,0.0,1563.0,13442.0,0.0,0.0,0.0,0.0,0.0,0.0,0.0,0.0,0.0,368.0,0.0,0.0,0.0,0.0,12.0
2019-04-26T18:00:00.0,0.0,302.0,0.0,1563.0,13709.0,0.0,0.0,0.0,0.0,0.0,0.0,0.0,0.0,0.0,343.0,0.0,0.0,0.0,0.0,12.0
2019-04-26T19:00:00.0,0.0,333.0,0.0,1574.0,12876.0,0.0,0.0,0.0,0.0,0.0,0.0,0.0,0.0,0.0,336.0,0.0,0.0,0.0,0.0,12.0
2019-04-26T20:00:00.0,0.0,268.0,0.0,1572.0,12566.0,0.0,0.0,0.0,0.0,0.0,0.0,0.0,0.0,0.0,338.0,0.0,0.0,0.0,0.0,12.0
2019-04-26T21:00:00.0,0.0,371.0,0.0,1569.0,11243.0,0.0,0.0,0.0,0.0,0.0,0.0,0.0,0.0,0.0,339.0,0.0,0.0,0.0,0.0,12.0
2019-04-26T22:00:00.0,0.0,347.0,0.0,1560.0,9085.0,0.0,0.0,0.0,0.0,0.0,0.0,0.0,0.0,0.0,338.0,0.0,0.0,0.0,0.0,12.0
2019-04-26T23:00:00.0,0.0,311.0,0.0,1574.0,7905.0,0.0,0.0,0.0,0.0,0.0,0.0,0.0,0.0,0.0,339.0,0.0,0.0,0.0,0.0,12.0
2019-04-27T00:00:00.0,0.0,358.0,0.0,1578.0,7031.0,0.0,0.0,0.0,0.0,0.0,0.0,0.0,0.0,0.0,342.0,0.0,0.0,0.0,0.0,12.0
2019-04-27T01:00:00.0,0.0,318.0,0.0,1583.0,6672.0,0.0,0.0,0.0,0.0,0.0,0.0,0.0,0.0,0.0,330.0,0.0,0.0,0.0,0.0,12.0
2019-04-27T02:00:00.0,0.0,342.0,0.0,1581.0,6615.0,0.0,0.0,0.0,0.0,0.0,0.0,0.0,0.0,0.0,336.0,0.0,0.0,0.0,0.0,12.0
2019-04-27T03:00:00.0,0.0,342.0,0.0,1586.0,6464.0,0.0,0.0,0.0,0.0,0.0,0.0,0.0,0.0,0.0,337.0,0.0,0.0,0.0,0.0,12.0
2019-04-27T04:00:00.0,0.0,348.0,0.0,1581.0,6049.0,0.0,0.0,0.0,0.0,0.0,0.0,0.0,0.0,0.0,336.0,0.0,0.0,0.0,0.0,12.0
2019-04-27T05:00:00.0,0.0,371.0,0.0,1580.0,6069.0,0.0,0.0,0.0,0.0,0.0,0.0,0.0,0.0,0.0,334.0,0.0,0.0,0.0,0.0,12.0
2019-04-27T06:00:00.0,0.0,398.0,0.0,1589.0,7820.0,0.0,0.0,0.0,0.0,0.0,0.0,0.0,0.0,0.0,337.0,0.0,0.0,0.0,0.0,12.0
2019-04-27T07:00:00.0,0.0,387.0,0.0,1587.0,9044.0,0.0,0.0,0.0,0.0,0.0,0.0,0.0,0.0,0.0,334.0,0.0,0.0,0.0,0.0,12.0
2019-04-27T08:00:00.0,0.0,411.0,0.0,1568.0,9649.0,0.0,0.0,0.0,0.0,0.0,0.0,0.0,0.0,0.0,333.0,0.0,0.0,0.0,0.0,12.0
2019-04-27T09:00:00.0,0.0,435.0,0.0,1575.0,9343.0,0.0,0.0,0.0,0.0,0.0,0.0,0.0,0.0,0.0,336.0,0.0,0.0,0.0,0.0,12.0
2019-04-27T10:00:00.0,0.0,421.0,0.0,1572.0,8714.0,0.0,0.0,0.0,0.0,0.0,0.0,0.0,0.0,0.0,335.0,0.0,0.0,0.0,0.0,12.0
2019-04-27T11:00:00.0,0.0,492.0,0.0,1580.0,8377.0,0.0,0.0,0.0,0.0,0.0,0.0,0.0,0.0,0.0,337.0,0.0,0.0,0.0,0.0,12.0
2019-04-27T12:00:00.0,0.0,463.0,0.0,1582.0,8480.0,0.0,0.0,0.0,0.0,0.0,0.0,0.0,0.0,0.0,337.0,0.0,0.0,0.0,0.0,12.0
2019-04-27T13:00:00.0,0.0,505.0,0.0,1585.0,8278.0,0.0,0.0,0.0,0.0,0.0,0.0,0.0,0.0,0.0,335.0,0.0,0.0,0.0,0.0,12.0
2019-04-27T14:00:00.0,0.0,570.0,0.0,1582.0,8157.0,0.0,0.0,0.0,0.0,0.0,0.0,0.0,0.0,0.0,335.0,0.0,0.0,0.0,0.0,12.0
2019-04-27T15:00:00.0,0.0,574.0,0.0,1586.0,8098.0,0.0,0.0,0.0,0.0,0.0,0.0,0.0,0.0,0.0,335.0,0.0,0.0,0.0,0.0,12.0
2019-04-27T16:00:00.0,0.0,509.0,0.0,1602.0,9292.0,0.0,0.0,0.0,0.0,0.0,0.0,0.0,0.0,0.0,331.0,0.0,0.0,0.0,0.0,12.0
2019-04-27T17:00:00.0,0.0,536.0,0.0,1612.0,10142.0,0.0,0.0,0.0,0.0,0.0,0.0,0.0,0.0,0.0,334.0,0.0,0.0,0.0,0.0,12.0
2019-04-27T18:00:00.0,0.0,501.0,0.0,1628.0,10840.0,0.0,0.0,0.0,0.0,0.0,0.0,0.0,0.0,0.0,334.0,0.0,0.0,0.0,0.0,12.0
2019-04-27T19:00:00.0,0.0,557.0,0.0,1626.0,10490.0,0.0,0.0,0.0,0.0,0.0,0.0,0.0,0.0,0.0,333.0,0.0,0.0,0.0,0.0,12.0
2019-04-27T20:00:00.0,0.0,583.0,0.0,1627.0,9712.0,0.0,0.0,0.0,0.0,0.0,0.0,0.0,0.0,0.0,338.0,0.0,0.0,0.0,0.0,12.0
2019-04-27T21:00:00.0,0.0,534.0,0.0,1617.0,8597.0,0.0,0.0,0.0,0.0,0.0,0.0,0.0,0.0,0.0,334.0,0.0,0.0,0.0,0.0,12.0
2019-04-27T22:00:00.0,0.0,595.0,0.0,1623.0,7978.0,0.0,0.0,0.0,0.0,0.0,0.0,0.0,0.0,0.0,334.0,0.0,0.0,0.0,0.0,12.0
2019-04-27T23:00:00.0,0.0,597.0,0.0,1636.0,7717.0,0.0,0.0,0.0,0.0,0.0,0.0,0.0,0.0,0.0,336.0,0.0,0.0,0.0,0.0,12.0
2019-04-28T00:00:00.0,0.0,606.0,0.0,1642.0,7493.0,0.0,0.0,0.0,0.0,0.0,0.0,0.0,0.0,0.0,332.0,0.0,0.0,0.0,0.0,12.0
2019-04-28T01:00:00.0,0.0,609.0,0.0,1643.0,6917.0,0.0,0.0,0.0,0.0,0.0,0.0,0.0,0.0,0.0,338.0,0.0,0.0,0.0,0.0,12.0
2019-04-28T02:00:00.0,0.0,517.0,0.0,1641.0,6660.0,0.0,0.0,0.0,0.0,0.0,0.0,0.0,0.0,0.0,335.0,0.0,0.0,0.0,0.0,12.0
2019-04-28T03:00:00.0,0.0,524.0,0.0,1642.0,6710.0,0.0,0.0,0.0,0.0,0.0,0.0,0.0,0.0,0.0,338.0,0.0,0.0,0.0,0.0,12.0
2019-04-28T04:00:00.0,0.0,470.0,0.0,1641.0,6491.0,0.0,0.0,0.0,0.0,0.0,0.0,0.0,0.0,0.0,336.0,0.0,0.0,0.0,0.0,12.0
2019-04-28T05:00:00.0,0.0,430.0,0.0,1641.0,6565.0,0.0,0.0,0.0,0.0,0.0,0.0,0.0,0.0,0.0,331.0,0.0,0.0,0.0,0.0,12.0
2019-04-28T06:00:00.0,0.0,413.0,0.0,1652.0,7047.0,0.0,0.0,0.0,0.0,0.0,0.0,0.0,0.0,0.0,326.0,0.0,0.0,0.0,0.0,12.0
2019-04-28T07:00:00.0,0.0,399.0,0.0,1657.0,8221.0,0.0,0.0,0.0,0.0,0.0,0.0,0.0,0.0,0.0,335.0,0.0,0.0,0.0,0.0,12.0
2019-04-28T08:00:00.0,0.0,420.0,0.0,1672.0,9657.0,0.0,0.0,0.0,0.0,0.0,0.0,0.0,0.0,0.0,333.0,0.0,0.0,0.0,0.0,12.0
2019-04-28T09:00:00.0,0.0,378.0,0.0,1685.0,9775.0,0.0,0.0,0.0,0.0,0.0,0.0,0.0,0.0,0.0,339.0,0.0,0.0,0.0,0.0,12.0
2019-04-28T10:00:00.0,0.0,390.0,0.0,1695.0,9854.0,0.0,0.0,0.0,0.0,0.0,0.0,0.0,0.0,0.0,335.0,0.0,0.0,0.0,0.0,12.0
2019-04-28T11:00:00.0,0.0,308.0,0.0,1689.0,9474.0,0.0,0.0,0.0,0.0,0.0,0.0,0.0,0.0,0.0,335.0,0.0,0.0,0.0,0.0,12.0
2019-04-28T12:00:00.0,0.0,242.0,0.0,1695.0,8764.0,0.0,0.0,0.0,0.0,0.0,0.0,0.0,0.0,0.0,338.0,0.0,0.0,0.0,0.0,12.0
2019-04-28T13:00:00.0,0.0,139.0,0.0,1697.0,8467.0,0.0,0.0,0.0,0.0,0.0,0.0,0.0,0.0,0.0,339.0,0.0,0.0,0.0,0.0,12.0
2019-04-28T14:00:00.0,0.0,109.0,0.0,1698.0,8635.0,0.0,0.0,0.0,0.0,0.0,0.0,0.0,0.0,0.0,343.0,0.0,0.0,0.0,0.0,12.0
2019-04-28T15:00:00.0,0.0,62.0,0.0,1700.0,9064.0,0.0,0.0,0.0,0.0,0.0,0.0,0.0,0.0,0.0,338.0,0.0,0.0,0.0,0.0,12.0
2019-04-28T16:00:00.0,0.0,59.0,0.0,1702.0,9739.0,0.0,0.0,0.0,0.0,0.0,0.0,0.0,0.0,0.0,338.0,0.0,0.0,0.0,0.0,12.0
2019-04-28T17:00:00.0,0.0,64.0,0.0,1704.0,11505.0,0.0,0.0,0.0,0.0,0.0,0.0,0.0,0.0,0.0,341.0,0.0,0.0,0.0,0.0,12.0
2019-04-28T18:00:00.0,0.0,78.0,0.0,1705.0,12349.0,0.0,0.0,0.0,0.0,0.0,0.0,0.0,0.0,0.0,336.0,0.0,0.0,0.0,0.0,12.0
2019-04-28T19:00:00.0,0.0,109.0,0.0,1712.0,12528.0,0.0,0.0,0.0,0.0,0.0,0.0,0.0,0.0,0.0,339.0,0.0,0.0,0.0,0.0,12.0
2019-04-28T20:00:00.0,0.0,138.0,0.0,1718.0,12703.0,0.0,0.0,0.0,0.0,0.0,0.0,0.0,0.0,0.0,338.0,0.0,0.0,0.0,0.0,12.0
2019-04-28T21:00:00.0,0.0,168.0,0.0,1720.0,12149.0,0.0,0.0,0.0,0.0,0.0,0.0,0.0,0.0,0.0,342.0,0.0,0.0,0.0,0.0,12.0
2019-04-28T22:00:00.0,0.0,179.0,0.0,1722.0,11395.0,0.0,0.0,0.0,0.0,0.0,0.0,0.0,0.0,0.0,331.0,0.0,0.0,0.0,0.0,12.0
2019-04-28T23:00:00.0,0.0,216.0,0.0,1717.0,9755.0,0.0,0.0,0.0,0.0,0.0,0.0,0.0,0.0,0.0,335.0,0.0,0.0,0.0,0.0,13.0
2019-04-29T00:00:00.0,0.0,218.0,0.0,1717.0,9235.0,0.0,0.0,0.0,0.0,0.0,0.0,0.0,0.0,0.0,337.0,0.0,0.0,0.0,0.0,13.0
2019-04-29T01:00:00.0,0.0,250.0,0.0,1717.0,9010.0,0.0,0.0,0.0,0.0,0.0,0.0,0.0,0.0,0.0,335.0,0.0,0.0,0.0,0.0,13.0
2019-04-29T02:00:00.0,0.0,263.0,0.0,1716.0,8731.0,0.0,0.0,0.0,0.0,0.0,0.0,0.0,0.0,0.0,343.0,0.0,0.0,0.0,0.0,13.0
2019-04-29T03:00:00.0,0.0,302.0,0.0,1716.0,8239.0,0.0,0.0,0.0,0.0,0.0,0.0,0.0,0.0,0.0,345.0,0.0,0.0,0.0,0.0,13.0
2019-04-29T04:00:00.0,0.0,324.0,0.0,1714.0,8904.0,0.0,0.0,0.0,0.0,0.0,0.0,0.0,0.0,0.0,342.0,0.0,0.0,0.0,0.0,13.0
2019-04-29T05:00:00.0,0.0,211.0,0.0,1711.0,11780.0,0.0,0.0,0.0,0.0,0.0,0.0,0.0,0.0,0.0,337.0,0.0,0.0,0.0,0.0,13.0
2019-04-29T06:00:00.0,0.0,162.0,0.0,1721.0,14366.0,0.0,0.0,0.0,0.0,0.0,0.0,0.0,0.0,0.0,345.0,0.0,0.0,0.0,0.0,13.0
2019-04-29T07:00:00.0,0.0,129.0,0.0,1728.0,14792.0,0.0,0.0,0.0,0.0,0.0,0.0,0.0,0.0,0.0,348.0,0.0,0.0,0.0,0.0,12.0
2019-04-29T08:00:00.0,0.0,113.0,0.0,1733.0,14385.0,0.0,0.0,0.0,0.0,0.0,0.0,0.0,0.0,0.0,349.0,0.0,0.0,0.0,0.0,12.0
2019-04-29T09:00:00.0,0.0,102.0,0.0,1724.0,13711.0,0.0,0.0,0.0,0.0,0.0,0.0,0.0,0.0,0.0,352.0,0.0,0.0,0.0,0.0,12.0
2019-04-29T10:00:00.0,0.0,101.0,0.0,1723.0,13377.0,0.0,0.0,0.0,0.0,0.0,0.0,0.0,0.0,0.0,352.0,0.0,0.0,0.0,0.0,12.0
2019-04-29T11:00:00.0,0.0,65.0,0.0,1718.0,13151.0,0.0,0.0,0.0,0.0,0.0,0.0,0.0,0.0,0.0,350.0,0.0,0.0,0.0,0.0,12.0
2019-04-29T12:00:00.0,0.0,62.0,0.0,1724.0,12733.0,0.0,0.0,0.0,0.0,0.0,0.0,0.0,0.0,0.0,353.0,0.0,0.0,0.0,0.0,12.0
2019-04-29T13:00:00.0,0.0,120.0,0.0,1720.0,11713.0,0.0,0.0,0.0,0.0,0.0,0.0,0.0,0.0,0.0,348.0,0.0,0.0,0.0,0.0,12.0
2019-04-29T14:00:00.0,0.0,129.0,0.0,1723.0,11328.0,0.0,0.0,0.0,0.0,0.0,0.0,0.0,0.0,0.0,322.0,0.0,0.0,0.0,0.0,12.0
2019-04-29T15:00:00.0,0.0,101.0,0.0,1731.0,11444.0,0.0,0.0,0.0,0.0,0.0,0.0,0.0,0.0,0.0,337.0,0.0,0.0,0.0,0.0,11.0
2019-04-29T16:00:00.0,0.0,122.0,0.0,1729.0,12698.0,0.0,0.0,0.0,0.0,0.0,0.0,0.0,0.0,0.0,345.0,0.0,0.0,0.0,0.0,12.0
2019-04-29T17:00:00.0,0.0,141.0,0.0,1727.0,12729.0,0.0,0.0,0.0,0.0,0.0,0.0,0.0,0.0,0.0,351.0,0.0,0.0,0.0,0.0,11.0
2019-04-29T18:00:00.0,0.0,143.0,0.0,1731.0,12474.0,0.0,0.0,0.0,0.0,0.0,0.0,0.0,0.0,0.0,347.0,0.0,0.0,0.0,0.0,11.0
2019-04-29T19:00:00.0,0.0,150.0,0.0,1731.0,11633.0,0.0,0.0,0.0,0.0,0.0,0.0,0.0,0.0,0.0,348.0,0.0,0.0,0.0,0.0,11.0
2019-04-29T20:00:00.0,0.0,156.0,0.0,1730.0,11433.0,0.0,0.0,0.0,0.0,0.0,0.0,0.0,0.0,0.0,345.0,0.0,0.0,0.0,0.0,11.0
2019-04-29T21:00:00.0,0.0,153.0,0.0,1730.0,10822.0,0.0,0.0,0.0,0.0,0.0,0.0,0.0,0.0,0.0,342.0,0.0,0.0,0.0,0.0,11.0
2019-04-29T22:00:00.0,0.0,183.0,0.0,1723.0,9423.0,0.0,0.0,0.0,0.0,0.0,0.0,0.0,0.0,0.0,348.0,0.0,0.0,0.0,0.0,11.0
2019-04-29T23:00:00.0,0.0,201.0,0.0,1714.0,8460.0,0.0,0.0,0.0,0.0,0.0,0.0,0.0,0.0,0.0,344.0,0.0,0.0,0.0,0.0,11.0
2019-04-30T00:00:00.0,0.0,230.0,0.0,1711.0,8038.0,0.0,0.0,0.0,0.0,0.0,0.0,0.0,0.0,0.0,344.0,0.0,0.0,0.0,0.0,11.0
2019-04-30T01:00:00.0,0.0,259.0,0.0,1709.0,7739.0,0.0,0.0,0.0,0.0,0.0,0.0,0.0,0.0,0.0,347.0,0.0,0.0,0.0,0.0,10.0
2019-04-30T02:00:00.0,0.0,274.0,0.0,1704.0,7633.0,0.0,0.0,0.0,0.0,0.0,0.0,0.0,0.0,0.0,343.0,0.0,0.0,0.0,0.0,10.0
2019-04-30T03:00:00.0,0.0,265.0,0.0,1704.0,7709.0,0.0,0.0,0.0,0.0,0.0,0.0,0.0,0.0,0.0,347.0,0.0,0.0,0.0,0.0,10.0
2019-04-30T04:00:00.0,0.0,265.0,0.0,1703.0,7943.0,0.0,0.0,0.0,0.0,0.0,0.0,0.0,0.0,0.0,334.0,0.0,0.0,0.0,0.0,10.0
2019-04-30T05:00:00.0,0.0,250.0,0.0,1704.0,11168.0,0.0,0.0,0.0,0.0,0.0,0.0,0.0,0.0,0.0,338.0,0.0,0.0,0.0,0.0,10.0
2019-04-30T06:00:00.0,0.0,235.0,0.0,1709.0,12827.0,0.0,0.0,0.0,0.0,0.0,0.0,0.0,0.0,0.0,333.0,0.0,0.0,0.0,0.0,10.0
2019-04-30T07:00:00.0,0.0,239.0,0.0,1701.0,13674.0,0.0,0.0,0.0,0.0,0.0,0.0,0.0,0.0,0.0,335.0,0.0,0.0,0.0,0.0,10.0
2019-04-30T08:00:00.0,0.0,243.0,0.0,1705.0,14009.0,0.0,0.0,0.0,0.0,0.0,0.0,0.0,0.0,0.0,336.0,0.0,0.0,0.0,0.0,7.0
2019-04-30T09:00:00.0,0.0,242.0,0.0,1704.0,14019.0,0.0,0.0,0.0,0.0,0.0,0.0,0.0,0.0,0.0,338.0,0.0,0.0,0.0,0.0,7.0
2019-04-30T10:00:00.0,0.0,243.0,0.0,1719.0,13520.0,0.0,0.0,0.0,0.0,0.0,0.0,0.0,0.0,0.0,341.0,0.0,0.0,0.0,0.0,7.0
2019-04-30T11:00:00.0,0.0,253.0,0.0,1710.0,12831.0,0.0,0.0,0.0,0.0,0.0,0.0,0.0,0.0,0.0,340.0,0.0,0.0,0.0,0.0,7.0
2019-04-30T12:00:00.0,0.0,275.0,0.0,1707.0,12157.0,0.0,0.0,0.0,0.0,0.0,0.0,0.0,0.0,0.0,338.0,0.0,0.0,0.0,0.0,7.0
2019-04-30T13:00:00.0,0.0,242.0,0.0,1712.0,10950.0,0.0,0.0,0.0,0.0,0.0,0.0,0.0,0.0,0.0,338.0,0.0,0.0,0.0,0.0,7.0
2019-04-30T14:00:00.0,0.0,258.0,0.0,1713.0,10446.0,0.0,0.0,0.0,0.0,0.0,0.0,0.0,0.0,0.0,338.0,0.0,0.0,0.0,0.0,7.0
2019-04-30T15:00:00.0,0.0,274.0,0.0,1713.0,10618.0,0.0,0.0,0.0,0.0,0.0,0.0,0.0,0.0,0.0,339.0,0.0,0.0,0.0,0.0,7.0
2019-04-30T16:00:00.0,0.0,343.0,0.0,1716.0,12044.0,0.0,0.0,0.0,0.0,0.0,0.0,0.0,0.0,0.0,341.0,0.0,0.0,0.0,0.0,10.0
2019-04-30T17:00:00.0,0.0,290.0,0.0,1720.0,12208.0,0.0,0.0,0.0,0.0,0.0,0.0,0.0,0.0,0.0,343.0,0.0,0.0,0.0,0.0,10.0
2019-04-30T18:00:00.0,0.0,261.0,0.0,1724.0,11715.0,0.0,0.0,0.0,0.0,0.0,0.0,0.0,0.0,0.0,344.0,0.0,0.0,0.0,0.0,10.0
2019-04-30T19:00:00.0,0.0,255.0,0.0,1724.0,10550.0,0.0,0.0,0.0,0.0,0.0,0.0,0.0,0.0,0.0,343.0,0.0,0.0,0.0,0.0,10.0
2019-04-30T20:00:00.0,0.0,239.0,0.0,1728.0,10347.0,0.0,0.0,0.0,0.0,0.0,0.0,0.0,0.0,0.0,340.0,0.0,0.0,0.0,0.0,10.0
2019-04-30T21:00:00.0,0.0,216.0,0.0,1722.0,9895.0,0.0,0.0,0.0,0.0,0.0,0.0,0.0,0.0,0.0,342.0,0.0,0.0,0.0,0.0,9.0
2019-04-30T22:00:00.0,0.0,212.0,0.0,1717.0,9280.0,0.0,0.0,0.0,0.0,0.0,0.0,0.0,0.0,0.0,340.0,0.0,0.0,0.0,0.0,10.0
2019-04-30T23:00:00.0,0.0,257.0,0.0,1694.0,7726.0,0.0,0.0,0.0,0.0,0.0,0.0,0.0,0.0,0.0,342.0,0.0,0.0,0.0,0.0,10.0
2019-05-01T00:00:00.0,0.0,255.0,0.0,1692.0,7299.0,0.0,0.0,0.0,0.0,0.0,0.0,0.0,0.0,0.0,338.0,0.0,0.0,0.0,0.0,10.0
2019-05-01T01:00:00.0,0.0,319.0,0.0,1690.0,6856.0,0.0,0.0,0.0,0.0,0.0,0.0,0.0,0.0,0.0,340.0,0.0,0.0,0.0,0.0,10.0
2019-05-01T02:00:00.0,0.0,341.0,0.0,1684.0,6342.0,0.0,0.0,0.0,0.0,0.0,0.0,0.0,0.0,0.0,337.0,0.0,0.0,0.0,0.0,10.0
2019-05-01T03:00:00.0,0.0,280.0,0.0,1686.0,6503.0,0.0,0.0,0.0,0.0,0.0,0.0,0.0,0.0,0.0,338.0,0.0,0.0,0.0,0.0,10.0
2019-05-01T04:00:00.0,0.0,331.0,0.0,1685.0,6154.0,0.0,0.0,0.0,0.0,0.0,0.0,0.0,0.0,0.0,337.0,0.0,0.0,0.0,0.0,9.0
2019-05-01T05:00:00.0,0.0,310.0,0.0,1685.0,6466.0,0.0,0.0,0.0,0.0,0.0,0.0,0.0,0.0,0.0,334.0,0.0,0.0,0.0,0.0,9.0
2019-05-01T06:00:00.0,0.0,319.0,0.0,1680.0,7019.0,0.0,0.0,0.0,0.0,0.0,0.0,0.0,0.0,0.0,337.0,0.0,0.0,0.0,0.0,9.0
2019-05-01T07:00:00.0,0.0,328.0,0.0,1680.0,8457.0,0.0,0.0,0.0,0.0,0.0,0.0,0.0,0.0,0.0,339.0,0.0,0.0,0.0,0.0,9.0
2019-05-01T08:00:00.0,0.0,406.0,0.0,1682.0,8877.0,0.0,0.0,0.0,0.0,0.0,0.0,0.0,0.0,0.0,345.0,0.0,0.0,0.0,0.0,9.0
2019-05-01T09:00:00.0,0.0,492.0,0.0,1683.0,9418.0,0.0,0.0,0.0,0.0,0.0,0.0,0.0,0.0,0.0,339.0,0.0,0.0,0.0,0.0,9.0
2019-05-01T10:00:00.0,0.0,474.0,0.0,1675.0,9369.0,0.0,0.0,0.0,0.0,0.0,0.0,0.0,0.0,0.0,341.0,0.0,0.0,0.0,0.0,9.0
2019-05-01T11:00:00.0,0.0,496.0,0.0,1673.0,9313.0,0.0,0.0,0.0,0.0,0.0,0.0,0.0,0.0,0.0,341.0,0.0,0.0,0.0,0.0,9.0
2019-05-01T12:00:00.0,0.0,564.0,0.0,1672.0,8704.0,0.0,0.0,0.0,0.0,0.0,0.0,0.0,0.0,0.0,350.0,0.0,0.0,0.0,0.0,9.0
2019-05-01T13:00:00.0,0.0,588.0,0.0,1673.0,8535.0,0.0,0.0,0.0,0.0,0.0,0.0,0.0,0.0,0.0,346.0,0.0,0.0,0.0,0.0,9.0
2019-05-01T14:00:00.0,0.0,585.0,0.0,1674.0,8482.0,0.0,0.0,0.0,0.0,0.0,0.0,0.0,0.0,0.0,341.0,0.0,0.0,0.0,0.0,9.0
2019-05-01T15:00:00.0,0.0,685.0,0.0,1671.0,8308.0,0.0,0.0,0.0,0.0,0.0,0.0,0.0,0.0,0.0,343.0,0.0,0.0,0.0,0.0,9.0
2019-05-01T16:00:00.0,0.0,631.0,0.0,1672.0,8553.0,0.0,0.0,0.0,0.0,0.0,0.0,0.0,0.0,0.0,344.0,0.0,0.0,0.0,0.0,9.0
2019-05-01T17:00:00.0,0.0,667.0,0.0,1675.0,8584.0,0.0,0.0,0.0,0.0,0.0,0.0,0.0,0.0,0.0,348.0,0.0,0.0,0.0,0.0,9.0
2019-05-01T18:00:00.0,0.0,677.0,0.0,1674.0,8767.0,0.0,0.0,0.0,0.0,0.0,0.0,0.0,0.0,0.0,345.0,0.0,0.0,0.0,0.0,9.0
2019-05-01T19:00:00.0,0.0,754.0,0.0,1676.0,9052.0,0.0,0.0,0.0,0.0,0.0,0.0,0.0,0.0,0.0,346.0,0.0,0.0,0.0,0.0,9.0
2019-05-01T20:00:00.0,0.0,690.0,0.0,1676.0,8832.0,0.0,0.0,0.0,0.0,0.0,0.0,0.0,0.0,0.0,338.0,0.0,0.0,0.0,0.0,9.0
2019-05-01T21:00:00.0,0.0,680.0,0.0,1673.0,8230.0,0.0,0.0,0.0,0.0,0.0,0.0,0.0,0.0,0.0,336.0,0.0,0.0,0.0,0.0,9.0
2019-05-01T22:00:00.0,0.0,704.0,0.0,1675.0,8042.0,0.0,0.0,0.0,0.0,0.0,0.0,0.0,0.0,0.0,338.0,0.0,0.0,0.0,0.0,9.0
2019-05-01T23:00:00.0,0.0,806.0,0.0,1675.0,7291.0,0.0,0.0,0.0,0.0,0.0,0.0,0.0,0.0,0.0,340.0,0.0,0.0,0.0,0.0,8.0
2019-05-02T00:00:00.0,0.0,880.0,0.0,1673.0,7010.0,0.0,0.0,0.0,0.0,0.0,0.0,0.0,0.0,0.0,340.0,0.0,0.0,0.0,0.0,8.0
2019-05-02T01:00:00.0,0.0,924.0,0.0,1672.0,6901.0,0.0,0.0,0.0,0.0,0.0,0.0,0.0,0.0,0.0,338.0,0.0,0.0,0.0,0.0,8.0
2019-05-02T02:00:00.0,0.0,872.0,0.0,1667.0,6664.0,0.0,0.0,0.0,0.0,0.0,0.0,0.0,0.0,0.0,335.0,0.0,0.0,0.0,0.0,8.0
2019-05-02T03:00:00.0,0.0,967.0,0.0,1670.0,6738.0,0.0,0.0,0.0,0.0,0.0,0.0,0.0,0.0,0.0,334.0,0.0,0.0,0.0,0.0,8.0
2019-05-02T04:00:00.0,0.0,1028.0,0.0,1670.0,6878.0,0.0,0.0,0.0,0.0,0.0,0.0,0.0,0.0,0.0,331.0,0.0,0.0,0.0,0.0,8.0
2019-05-02T05:00:00.0,0.0,951.0,0.0,1667.0,8730.0,0.0,0.0,0.0,0.0,0.0,0.0,0.0,0.0,0.0,332.0,0.0,0.0,0.0,0.0,8.0
2019-05-02T06:00:00.0,0.0,907.0,0.0,1678.0,10237.0,0.0,0.0,0.0,0.0,0.0,0.0,0.0,0.0,0.0,330.0,0.0,0.0,0.0,0.0,7.0
2019-05-02T07:00:00.0,0.0,992.0,0.0,1676.0,10867.0,0.0,0.0,0.0,0.0,0.0,0.0,0.0,0.0,0.0,331.0,0.0,0.0,0.0,0.0,7.0
2019-05-02T08:00:00.0,0.0,961.0,0.0,1675.0,10522.0,0.0,0.0,0.0,0.0,0.0,0.0,0.0,0.0,0.0,326.0,0.0,0.0,0.0,0.0,6.0
2019-05-02T09:00:00.0,0.0,927.0,0.0,1658.0,10275.0,0.0,0.0,0.0,0.0,0.0,0.0,0.0,0.0,0.0,331.0,0.0,0.0,0.0,0.0,6.0
2019-05-02T10:00:00.0,0.0,1000.0,0.0,1660.0,9812.0,0.0,0.0,0.0,0.0,0.0,0.0,0.0,0.0,0.0,327.0,0.0,0.0,0.0,0.0,6.0
2019-05-02T11:00:00.0,0.0,918.0,0.0,1650.0,9906.0,0.0,0.0,0.0,0.0,0.0,0.0,0.0,0.0,0.0,332.0,0.0,0.0,0.0,0.0,6.0
2019-05-02T12:00:00.0,0.0,984.0,0.0,1650.0,9764.0,0.0,0.0,0.0,0.0,0.0,0.0,0.0,0.0,0.0,333.0,0.0,0.0,0.0,0.0,5.0
2019-05-02T13:00:00.0,0.0,979.0,0.0,1652.0,9600.0,0.0,0.0,0.0,0.0,0.0,0.0,0.0,0.0,0.0,331.0,0.0,0.0,0.0,0.0,5.0
2019-05-02T14:00:00.0,0.0,1125.0,0.0,1651.0,9257.0,0.0,0.0,0.0,0.0,0.0,0.0,0.0,0.0,0.0,334.0,0.0,0.0,0.0,0.0,5.0
2019-05-02T15:00:00.0,0.0,970.0,0.0,1642.0,9805.0,0.0,0.0,0.0,0.0,0.0,0.0,0.0,0.0,0.0,332.0,0.0,0.0,0.0,0.0,5.0
2019-05-02T16:00:00.0,0.0,1000.0,0.0,1646.0,10002.0,0.0,0.0,0.0,0.0,0.0,0.0,0.0,0.0,0.0,337.0,0.0,0.0,0.0,0.0,6.0
2019-05-02T17:00:00.0,0.0,1060.0,0.0,1652.0,10421.0,0.0,0.0,0.0,0.0,0.0,0.0,0.0,0.0,0.0,340.0,0.0,0.0,0.0,0.0,6.0
2019-05-02T18:00:00.0,0.0,1053.0,0.0,1651.0,10414.0,0.0,0.0,0.0,0.0,0.0,0.0,0.0,0.0,0.0,335.0,0.0,0.0,0.0,0.0,6.0
2019-05-02T19:00:00.0,0.0,989.0,0.0,1652.0,10912.0,0.0,0.0,0.0,0.0,0.0,0.0,0.0,0.0,0.0,340.0,0.0,0.0,0.0,0.0,6.0
2019-05-02T20:00:00.0,0.0,952.0,0.0,1651.0,11167.0,0.0,0.0,0.0,0.0,0.0,0.0,0.0,0.0,0.0,339.0,0.0,0.0,0.0,0.0,6.0
2019-05-02T21:00:00.0,0.0,890.0,0.0,1640.0,10938.0,0.0,0.0,0.0,0.0,0.0,0.0,0.0,0.0,0.0,336.0,0.0,0.0,0.0,0.0,6.0
2019-05-02T22:00:00.0,0.0,702.0,0.0,1635.0,10004.0,0.0,0.0,0.0,0.0,0.0,0.0,0.0,0.0,0.0,338.0,0.0,0.0,0.0,0.0,6.0
2019-05-02T23:00:00.0,0.0,642.0,0.0,1600.0,8755.0,0.0,0.0,0.0,0.0,0.0,0.0,0.0,0.0,0.0,337.0,0.0,0.0,0.0,0.0,5.0
2019-05-03T00:00:00.0,0.0,707.0,0.0,1598.0,8285.0,0.0,0.0,0.0,0.0,0.0,0.0,0.0,0.0,0.0,337.0,0.0,0.0,0.0,0.0,5.0
2019-05-03T01:00:00.0,0.0,598.0,0.0,1595.0,8232.0,0.0,0.0,0.0,0.0,0.0,0.0,0.0,0.0,0.0,334.0,0.0,0.0,0.0,0.0,5.0
2019-05-03T02:00:00.0,0.0,605.0,0.0,1589.0,7980.0,0.0,0.0,0.0,0.0,0.0,0.0,0.0,0.0,0.0,333.0,0.0,0.0,0.0,0.0,5.0
2019-05-03T03:00:00.0,0.0,564.0,0.0,1590.0,8506.0,0.0,0.0,0.0,0.0,0.0,0.0,0.0,0.0,0.0,343.0,0.0,0.0,0.0,0.0,5.0
2019-05-03T04:00:00.0,0.0,545.0,0.0,1587.0,9369.0,0.0,0.0,0.0,0.0,0.0,0.0,0.0,0.0,0.0,359.0,0.0,0.0,0.0,0.0,5.0
2019-05-03T05:00:00.0,0.0,500.0,0.0,1587.0,12072.0,0.0,0.0,0.0,0.0,0.0,0.0,0.0,0.0,0.0,361.0,0.0,0.0,0.0,0.0,5.0
2019-05-03T06:00:00.0,0.0,450.0,0.0,1589.0,14252.0,0.0,0.0,0.0,0.0,0.0,0.0,0.0,0.0,0.0,355.0,0.0,0.0,0.0,0.0,5.0
2019-05-03T07:00:00.0,0.0,404.0,0.0,1586.0,14777.0,0.0,0.0,0.0,0.0,0.0,0.0,0.0,0.0,0.0,356.0,0.0,0.0,0.0,0.0,5.0
2019-05-03T08:00:00.0,0.0,531.0,0.0,1580.0,13937.0,0.0,0.0,0.0,0.0,0.0,0.0,0.0,0.0,0.0,345.0,0.0,0.0,0.0,0.0,5.0
2019-05-03T09:00:00.0,0.0,550.0,0.0,1576.0,13284.0,0.0,0.0,0.0,0.0,0.0,0.0,0.0,0.0,0.0,347.0,0.0,0.0,0.0,0.0,5.0
2019-05-03T10:00:00.0,0.0,478.0,0.0,1569.0,12580.0,0.0,0.0,0.0,0.0,0.0,0.0,0.0,0.0,0.0,344.0,0.0,0.0,0.0,0.0,5.0
2019-05-03T11:00:00.0,0.0,479.0,0.0,1566.0,12169.0,0.0,0.0,0.0,0.0,0.0,0.0,0.0,0.0,0.0,348.0,0.0,0.0,0.0,0.0,5.0
2019-05-03T12:00:00.0,0.0,602.0,0.0,1561.0,10781.0,0.0,0.0,0.0,0.0,0.0,0.0,0.0,0.0,0.0,343.0,0.0,0.0,0.0,0.0,5.0
2019-05-03T13:00:00.0,0.0,629.0,0.0,1556.0,10196.0,0.0,0.0,0.0,0.0,0.0,0.0,0.0,0.0,0.0,345.0,0.0,0.0,0.0,0.0,5.0
2019-05-03T14:00:00.0,0.0,797.0,0.0,1549.0,9317.0,0.0,0.0,0.0,0.0,0.0,0.0,0.0,0.0,0.0,340.0,0.0,0.0,0.0,0.0,5.0
2019-05-03T15:00:00.0,0.0,816.0,0.0,1547.0,9062.0,0.0,0.0,0.0,0.0,0.0,0.0,0.0,0.0,0.0,336.0,0.0,0.0,0.0,0.0,5.0
2019-05-03T16:00:00.0,0.0,803.0,0.0,1543.0,10140.0,0.0,0.0,0.0,0.0,0.0,0.0,0.0,0.0,0.0,343.0,0.0,0.0,0.0,0.0,5.0
2019-05-03T17:00:00.0,0.0,900.0,0.0,1547.0,11080.0,0.0,0.0,0.0,0.0,0.0,0.0,0.0,0.0,0.0,349.0,0.0,0.0,0.0,0.0,5.0
2019-05-03T18:00:00.0,0.0,823.0,0.0,1544.0,11670.0,0.0,0.0,0.0,0.0,0.0,0.0,0.0,0.0,0.0,347.0,0.0,0.0,0.0,0.0,5.0
2019-05-03T19:00:00.0,0.0,813.0,0.0,1543.0,11938.0,0.0,0.0,0.0,0.0,0.0,0.0,0.0,0.0,0.0,344.0,0.0,0.0,0.0,0.0,5.0
2019-05-03T20:00:00.0,0.0,649.0,0.0,1541.0,12500.0,0.0,0.0,0.0,0.0,0.0,0.0,0.0,0.0,0.0,349.0,0.0,0.0,0.0,0.0,5.0
2019-05-03T21:00:00.0,0.0,674.0,0.0,1538.0,11953.0,0.0,0.0,0.0,0.0,0.0,0.0,0.0,0.0,0.0,349.0,0.0,0.0,0.0,0.0,5.0
2019-05-03T22:00:00.0,0.0,615.0,0.0,1528.0,11239.0,0.0,0.0,0.0,0.0,0.0,0.0,0.0,0.0,0.0,348.0,0.0,0.0,0.0,0.0,5.0
2019-05-03T23:00:00.0,0.0,518.0,0.0,1500.0,9585.0,0.0,0.0,0.0,0.0,0.0,0.0,0.0,0.0,0.0,364.0,0.0,0.0,0.0,0.0,4.0
2019-05-04T00:00:00.0,0.0,473.0,0.0,1491.0,8846.0,0.0,0.0,0.0,0.0,0.0,0.0,0.0,0.0,0.0,365.0,0.0,0.0,0.0,0.0,4.0
2019-05-04T01:00:00.0,0.0,545.0,0.0,1489.0,8044.0,0.0,0.0,0.0,0.0,0.0,0.0,0.0,0.0,0.0,368.0,0.0,0.0,0.0,0.0,3.0
2019-05-04T02:00:00.0,0.0,571.0,0.0,1484.0,7317.0,0.0,0.0,0.0,0.0,0.0,0.0,0.0,0.0,0.0,343.0,0.0,0.0,0.0,0.0,3.0
2019-05-04T03:00:00.0,0.0,610.0,0.0,1487.0,7374.0,0.0,0.0,0.0,0.0,0.0,0.0,0.0,0.0,0.0,340.0,0.0,0.0,0.0,0.0,3.0
2019-05-04T04:00:00.0,0.0,607.0,0.0,1482.0,7317.0,0.0,0.0,0.0,0.0,0.0,0.0,0.0,0.0,0.0,338.0,0.0,0.0,0.0,0.0,3.0
2019-05-04T05:00:00.0,0.0,500.0,0.0,1480.0,8328.0,0.0,0.0,0.0,0.0,0.0,0.0,0.0,0.0,0.0,339.0,0.0,0.0,0.0,0.0,3.0
2019-05-04T06:00:00.0,0.0,483.0,0.0,1480.0,9891.0,0.0,0.0,0.0,0.0,0.0,0.0,0.0,0.0,0.0,340.0,0.0,0.0,0.0,0.0,3.0
2019-05-04T07:00:00.0,0.0,513.0,0.0,1479.0,11838.0,0.0,0.0,0.0,0.0,0.0,0.0,0.0,0.0,0.0,342.0,0.0,0.0,0.0,0.0,3.0
2019-05-04T08:00:00.0,0.0,549.0,0.0,1477.0,12553.0,0.0,0.0,0.0,0.0,0.0,0.0,0.0,0.0,0.0,342.0,0.0,0.0,0.0,0.0,3.0
2019-05-04T09:00:00.0,0.0,641.0,0.0,1475.0,11288.0,0.0,0.0,0.0,0.0,0.0,0.0,0.0,0.0,0.0,342.0,0.0,0.0,0.0,0.0,3.0
2019-05-04T10:00:00.0,0.0,684.0,0.0,1471.0,10490.0,0.0,0.0,0.0,0.0,0.0,0.0,0.0,0.0,0.0,345.0,0.0,0.0,0.0,0.0,3.0
2019-05-04T11:00:00.0,0.0,666.0,0.0,1470.0,9775.0,0.0,0.0,0.0,0.0,0.0,0.0,0.0,0.0,0.0,340.0,0.0,0.0,0.0,0.0,3.0
2019-05-04T12:00:00.0,0.0,790.0,0.0,1475.0,9198.0,0.0,0.0,0.0,0.0,0.0,0.0,0.0,0.0,0.0,338.0,0.0,0.0,0.0,0.0,3.0
2019-05-04T13:00:00.0,0.0,813.0,0.0,1479.0,9100.0,0.0,0.0,0.0,0.0,0.0,0.0,0.0,0.0,0.0,341.0,0.0,0.0,0.0,0.0,3.0
2019-05-04T14:00:00.0,0.0,789.0,0.0,1481.0,8924.0,0.0,0.0,0.0,0.0,0.0,0.0,0.0,0.0,0.0,343.0,0.0,0.0,0.0,0.0,3.0
2019-05-04T15:00:00.0,0.0,796.0,0.0,1486.0,9023.0,0.0,0.0,0.0,0.0,0.0,0.0,0.0,0.0,0.0,342.0,0.0,0.0,0.0,0.0,3.0
2019-05-04T16:00:00.0,0.0,883.0,0.0,1487.0,9605.0,0.0,0.0,0.0,0.0,0.0,0.0,0.0,0.0,0.0,339.0,0.0,0.0,0.0,0.0,3.0
2019-05-04T17:00:00.0,0.0,856.0,0.0,1490.0,10349.0,0.0,0.0,0.0,0.0,0.0,0.0,0.0,0.0,0.0,341.0,0.0,0.0,0.0,0.0,3.0
2019-05-04T18:00:00.0,0.0,879.0,0.0,1498.0,11687.0,0.0,0.0,0.0,0.0,0.0,0.0,0.0,0.0,0.0,343.0,0.0,0.0,0.0,0.0,3.0
2019-05-04T19:00:00.0,0.0,886.0,0.0,1505.0,12264.0,0.0,0.0,0.0,0.0,0.0,0.0,0.0,0.0,0.0,341.0,0.0,0.0,0.0,0.0,3.0
2019-05-04T20:00:00.0,0.0,907.0,0.0,1514.0,12792.0,0.0,0.0,0.0,0.0,0.0,0.0,0.0,0.0,0.0,341.0,0.0,0.0,0.0,0.0,3.0
2019-05-04T21:00:00.0,0.0,1010.0,0.0,1521.0,12925.0,0.0,0.0,0.0,0.0,0.0,0.0,0.0,0.0,0.0,340.0,0.0,0.0,0.0,0.0,3.0
2019-05-04T22:00:00.0,0.0,821.0,0.0,1516.0,11626.0,0.0,0.0,0.0,0.0,0.0,0.0,0.0,0.0,0.0,339.0,0.0,0.0,0.0,0.0,3.0
2019-05-04T23:00:00.0,0.0,858.0,0.0,1495.0,9970.0,0.0,0.0,0.0,0.0,0.0,0.0,0.0,0.0,0.0,341.0,0.0,0.0,0.0,0.0,3.0
2019-05-05T00:00:00.0,0.0,760.0,0.0,1487.0,9303.0,0.0,0.0,0.0,0.0,0.0,0.0,0.0,0.0,0.0,341.0,0.0,0.0,0.0,0.0,3.0
2019-05-05T01:00:00.0,0.0,722.0,0.0,1489.0,8575.0,0.0,0.0,0.0,0.0,0.0,0.0,0.0,0.0,0.0,341.0,0.0,0.0,0.0,0.0,3.0
2019-05-05T02:00:00.0,0.0,650.0,0.0,1485.0,8404.0,0.0,0.0,0.0,0.0,0.0,0.0,0.0,0.0,0.0,343.0,0.0,0.0,0.0,0.0,3.0
2019-05-05T03:00:00.0,0.0,561.0,0.0,1484.0,8120.0,0.0,0.0,0.0,0.0,0.0,0.0,0.0,0.0,0.0,337.0,0.0,0.0,0.0,0.0,3.0
2019-05-05T04:00:00.0,0.0,537.0,0.0,1478.0,8277.0,0.0,0.0,0.0,0.0,0.0,0.0,0.0,0.0,0.0,339.0,0.0,0.0,0.0,0.0,3.0
2019-05-05T05:00:00.0,0.0,415.0,0.0,1479.0,8114.0,0.0,0.0,0.0,0.0,0.0,0.0,0.0,0.0,0.0,340.0,0.0,0.0,0.0,0.0,3.0
2019-05-05T06:00:00.0,0.0,422.0,0.0,1475.0,8791.0,0.0,0.0,0.0,0.0,0.0,0.0,0.0,0.0,0.0,342.0,0.0,0.0,0.0,0.0,3.0
2019-05-05T07:00:00.0,0.0,324.0,0.0,1483.0,9522.0,0.0,0.0,0.0,0.0,0.0,0.0,0.0,0.0,0.0,339.0,0.0,0.0,0.0,0.0,3.0
2019-05-05T08:00:00.0,0.0,310.0,0.0,1487.0,9785.0,0.0,0.0,0.0,0.0,0.0,0.0,0.0,0.0,0.0,339.0,0.0,0.0,0.0,0.0,3.0
2019-05-05T09:00:00.0,0.0,366.0,0.0,1498.0,10094.0,0.0,0.0,0.0,0.0,0.0,0.0,0.0,0.0,0.0,341.0,0.0,0.0,0.0,0.0,3.0
2019-05-05T10:00:00.0,0.0,338.0,0.0,1496.0,9947.0,0.0,0.0,0.0,0.0,0.0,0.0,0.0,0.0,0.0,341.0,0.0,0.0,0.0,0.0,3.0
2019-05-05T11:00:00.0,0.0,301.0,0.0,1489.0,9766.0,0.0,0.0,0.0,0.0,0.0,0.0,0.0,0.0,0.0,341.0,0.0,0.0,0.0,0.0,3.0
2019-05-05T12:00:00.0,0.0,300.0,0.0,1479.0,9519.0,0.0,0.0,0.0,0.0,0.0,0.0,0.0,0.0,0.0,343.0,0.0,0.0,0.0,0.0,3.0
2019-05-05T13:00:00.0,0.0,352.0,0.0,1464.0,9364.0,0.0,0.0,0.0,0.0,0.0,0.0,0.0,0.0,0.0,342.0,0.0,0.0,0.0,0.0,3.0
2019-05-05T14:00:00.0,0.0,363.0,0.0,1465.0,9393.0,0.0,0.0,0.0,0.0,0.0,0.0,0.0,0.0,0.0,344.0,0.0,0.0,0.0,0.0,3.0
2019-05-05T15:00:00.0,0.0,384.0,0.0,1465.0,9416.0,0.0,0.0,0.0,0.0,0.0,0.0,0.0,0.0,0.0,338.0,0.0,0.0,0.0,0.0,3.0
2019-05-05T16:00:00.0,0.0,433.0,0.0,1472.0,9707.0,0.0,0.0,0.0,0.0,0.0,0.0,0.0,0.0,0.0,344.0,0.0,0.0,0.0,0.0,4.0
2019-05-05T17:00:00.0,0.0,443.0,0.0,1473.0,9534.0,0.0,0.0,0.0,0.0,0.0,0.0,0.0,0.0,0.0,348.0,0.0,0.0,0.0,0.0,3.0
2019-05-05T18:00:00.0,0.0,480.0,0.0,1472.0,10246.0,0.0,0.0,0.0,0.0,0.0,0.0,0.0,0.0,0.0,344.0,0.0,0.0,0.0,0.0,3.0
2019-05-05T19:00:00.0,0.0,479.0,0.0,1471.0,10987.0,0.0,0.0,0.0,0.0,0.0,0.0,0.0,0.0,0.0,344.0,0.0,0.0,0.0,0.0,4.0
2019-05-05T20:00:00.0,0.0,516.0,0.0,1470.0,11172.0,0.0,0.0,0.0,0.0,0.0,0.0,0.0,0.0,0.0,347.0,0.0,0.0,0.0,0.0,4.0
2019-05-05T21:00:00.0,0.0,409.0,0.0,1470.0,11112.0,0.0,0.0,0.0,0.0,0.0,0.0,0.0,0.0,0.0,342.0,0.0,0.0,0.0,0.0,4.0
2019-05-05T22:00:00.0,0.0,386.0,0.0,1468.0,9961.0,0.0,0.0,0.0,0.0,0.0,0.0,0.0,0.0,0.0,340.0,0.0,0.0,0.0,0.0,4.0
2019-05-05T23:00:00.0,0.0,311.0,0.0,1401.0,9059.0,0.0,0.0,0.0,0.0,0.0,0.0,0.0,0.0,0.0,341.0,0.0,0.0,0.0,0.0,3.0
2019-05-06T00:00:00.0,0.0,370.0,0.0,1403.0,8489.0,0.0,0.0,0.0,0.0,0.0,0.0,0.0,0.0,0.0,339.0,0.0,0.0,0.0,0.0,4.0
2019-05-06T01:00:00.0,0.0,349.0,0.0,1402.0,8443.0,0.0,0.0,0.0,0.0,0.0,0.0,0.0,0.0,0.0,342.0,0.0,0.0,0.0,0.0,4.0
2019-05-06T02:00:00.0,0.0,308.0,0.0,1403.0,8500.0,0.0,0.0,0.0,0.0,0.0,0.0,0.0,0.0,0.0,339.0,0.0,0.0,0.0,0.0,4.0
2019-05-06T03:00:00.0,0.0,323.0,0.0,1399.0,8454.0,0.0,0.0,0.0,0.0,0.0,0.0,0.0,0.0,0.0,339.0,0.0,0.0,0.0,0.0,4.0
2019-05-06T04:00:00.0,0.0,326.0,0.0,1401.0,10195.0,0.0,0.0,0.0,0.0,0.0,0.0,0.0,0.0,0.0,343.0,0.0,0.0,0.0,0.0,4.0
2019-05-06T05:00:00.0,0.0,305.0,0.0,1405.0,13966.0,0.0,0.0,0.0,0.0,0.0,0.0,0.0,0.0,0.0,343.0,0.0,0.0,0.0,0.0,4.0
2019-05-06T06:00:00.0,0.0,343.0,0.0,1416.0,16760.0,0.0,0.0,0.0,0.0,0.0,0.0,0.0,0.0,0.0,342.0,0.0,0.0,0.0,0.0,4.0
2019-05-06T07:00:00.0,0.0,344.0,0.0,1430.0,16174.0,0.0,0.0,0.0,0.0,0.0,0.0,0.0,0.0,0.0,339.0,0.0,0.0,0.0,0.0,4.0
2019-05-06T08:00:00.0,0.0,376.0,0.0,1441.0,15228.0,0.0,0.0,0.0,0.0,0.0,0.0,0.0,0.0,0.0,339.0,0.0,0.0,0.0,0.0,4.0
2019-05-06T09:00:00.0,0.0,362.0,0.0,1447.0,14921.0,0.0,0.0,0.0,0.0,0.0,0.0,0.0,0.0,0.0,347.0,0.0,0.0,0.0,0.0,4.0
2019-05-06T10:00:00.0,0.0,413.0,0.0,1447.0,14524.0,0.0,0.0,0.0,0.0,0.0,0.0,0.0,0.0,0.0,344.0,0.0,0.0,0.0,0.0,4.0
2019-05-06T11:00:00.0,0.0,460.0,0.0,1442.0,14117.0,0.0,0.0,0.0,0.0,0.0,0.0,0.0,0.0,0.0,343.0,0.0,0.0,0.0,0.0,4.0
2019-05-06T12:00:00.0,0.0,506.0,0.0,1442.0,13595.0,0.0,0.0,0.0,0.0,0.0,0.0,0.0,0.0,0.0,349.0,0.0,0.0,0.0,0.0,4.0
2019-05-06T13:00:00.0,0.0,522.0,0.0,1443.0,12805.0,0.0,0.0,0.0,0.0,0.0,0.0,0.0,0.0,0.0,347.0,0.0,0.0,0.0,0.0,4.0
2019-05-06T14:00:00.0,0.0,570.0,0.0,1437.0,12039.0,0.0,0.0,0.0,0.0,0.0,0.0,0.0,0.0,0.0,345.0,0.0,0.0,0.0,0.0,4.0
2019-05-06T15:00:00.0,0.0,679.0,0.0,1439.0,12212.0,0.0,0.0,0.0,0.0,0.0,0.0,0.0,0.0,0.0,347.0,0.0,0.0,0.0,0.0,4.0
2019-05-06T16:00:00.0,0.0,640.0,0.0,1442.0,13019.0,0.0,0.0,0.0,0.0,0.0,0.0,0.0,0.0,0.0,349.0,0.0,0.0,0.0,0.0,4.0
2019-05-06T17:00:00.0,0.0,661.0,0.0,1456.0,13427.0,0.0,0.0,0.0,0.0,0.0,0.0,0.0,0.0,0.0,349.0,0.0,0.0,0.0,0.0,5.0
2019-05-06T18:00:00.0,0.0,620.0,0.0,1455.0,13717.0,0.0,0.0,0.0,0.0,0.0,0.0,0.0,0.0,0.0,345.0,0.0,0.0,0.0,0.0,5.0
2019-05-06T19:00:00.0,0.0,551.0,0.0,1447.0,13522.0,0.0,0.0,0.0,0.0,0.0,0.0,0.0,0.0,0.0,347.0,0.0,0.0,0.0,0.0,4.0
2019-05-06T20:00:00.0,0.0,532.0,0.0,1444.0,13662.0,0.0,0.0,0.0,0.0,0.0,0.0,0.0,0.0,0.0,346.0,0.0,0.0,0.0,0.0,4.0
2019-05-06T21:00:00.0,0.0,491.0,0.0,1436.0,12467.0,0.0,0.0,0.0,0.0,0.0,0.0,0.0,0.0,0.0,343.0,0.0,0.0,0.0,0.0,4.0
2019-05-06T22:00:00.0,0.0,482.0,0.0,1440.0,10729.0,0.0,0.0,0.0,0.0,0.0,0.0,0.0,0.0,0.0,343.0,0.0,0.0,0.0,0.0,4.0
2019-05-06T23:00:00.0,0.0,485.0,0.0,1408.0,9724.0,0.0,0.0,0.0,0.0,0.0,0.0,0.0,0.0,0.0,349.0,0.0,0.0,0.0,0.0,3.0
2019-05-07T00:00:00.0,0.0,424.0,0.0,1410.0,8892.0,0.0,0.0,0.0,0.0,0.0,0.0,0.0,0.0,0.0,343.0,0.0,0.0,0.0,0.0,3.0
2019-05-07T01:00:00.0,0.0,419.0,0.0,1409.0,8720.0,0.0,0.0,0.0,0.0,0.0,0.0,0.0,0.0,0.0,346.0,0.0,0.0,0.0,0.0,3.0
2019-05-07T02:00:00.0,0.0,422.0,0.0,1408.0,8746.0,0.0,0.0,0.0,0.0,0.0,0.0,0.0,0.0,0.0,343.0,0.0,0.0,0.0,0.0,3.0
2019-05-07T03:00:00.0,0.0,416.0,0.0,1408.0,9076.0,0.0,0.0,0.0,0.0,0.0,0.0,0.0,0.0,0.0,342.0,0.0,0.0,0.0,0.0,3.0
2019-05-07T04:00:00.0,0.0,444.0,0.0,1405.0,11092.0,0.0,0.0,0.0,0.0,0.0,0.0,0.0,0.0,0.0,340.0,0.0,0.0,0.0,0.0,3.0
2019-05-07T05:00:00.0,0.0,414.0,0.0,1404.0,15139.0,0.0,0.0,0.0,0.0,0.0,0.0,0.0,0.0,0.0,329.0,0.0,0.0,0.0,0.0,3.0
2019-05-07T06:00:00.0,0.0,380.0,0.0,1411.0,17106.0,0.0,0.0,0.0,0.0,0.0,0.0,0.0,0.0,0.0,332.0,0.0,0.0,0.0,0.0,3.0
2019-05-07T07:00:00.0,0.0,390.0,0.0,1411.0,16648.0,0.0,0.0,0.0,0.0,0.0,0.0,0.0,0.0,0.0,338.0,0.0,0.0,0.0,0.0,3.0
2019-05-07T08:00:00.0,0.0,403.0,0.0,1417.0,15922.0,0.0,0.0,0.0,0.0,0.0,0.0,0.0,0.0,0.0,337.0,0.0,0.0,0.0,0.0,3.0
2019-05-07T09:00:00.0,0.0,415.0,0.0,1423.0,15560.0,0.0,0.0,0.0,0.0,0.0,0.0,0.0,0.0,0.0,341.0,0.0,0.0,0.0,0.0,3.0
2019-05-07T10:00:00.0,0.0,400.0,0.0,1423.0,15176.0,0.0,0.0,0.0,0.0,0.0,0.0,0.0,0.0,0.0,340.0,0.0,0.0,0.0,0.0,3.0
2019-05-07T11:00:00.0,0.0,424.0,0.0,1417.0,14988.0,0.0,0.0,0.0,0.0,0.0,0.0,0.0,0.0,0.0,343.0,0.0,0.0,0.0,0.0,3.0
2019-05-07T12:00:00.0,0.0,442.0,0.0,1413.0,14755.0,0.0,0.0,0.0,0.0,0.0,0.0,0.0,0.0,0.0,299.0,0.0,0.0,0.0,0.0,3.0
2019-05-07T13:00:00.0,0.0,421.0,0.0,1412.0,14109.0,0.0,0.0,0.0,0.0,0.0,0.0,0.0,0.0,0.0,299.0,0.0,0.0,0.0,0.0,3.0
2019-05-07T14:00:00.0,0.0,441.0,0.0,1413.0,13181.0,0.0,0.0,0.0,0.0,0.0,0.0,0.0,0.0,0.0,330.0,0.0,0.0,0.0,0.0,3.0
2019-05-07T15:00:00.0,0.0,384.0,0.0,1413.0,13188.0,0.0,0.0,0.0,0.0,0.0,0.0,0.0,0.0,0.0,339.0,0.0,0.0,0.0,0.0,3.0
2019-05-07T16:00:00.0,0.0,378.0,0.0,1414.0,14263.0,0.0,0.0,0.0,0.0,0.0,0.0,0.0,0.0,0.0,341.0,0.0,0.0,0.0,0.0,3.0
2019-05-07T17:00:00.0,0.0,399.0,0.0,1412.0,15377.0,0.0,0.0,0.0,0.0,0.0,0.0,0.0,0.0,0.0,325.0,0.0,0.0,0.0,0.0,3.0
2019-05-07T18:00:00.0,0.0,374.0,0.0,1412.0,15805.0,0.0,0.0,0.0,0.0,0.0,0.0,0.0,0.0,0.0,296.0,0.0,0.0,0.0,0.0,3.0
2019-05-07T19:00:00.0,0.0,346.0,0.0,1413.0,15745.0,0.0,0.0,0.0,0.0,0.0,0.0,0.0,0.0,0.0,297.0,0.0,0.0,0.0,0.0,3.0
2019-05-07T20:00:00.0,0.0,246.0,0.0,1412.0,15789.0,0.0,0.0,0.0,0.0,0.0,0.0,0.0,0.0,0.0,293.0,0.0,0.0,0.0,0.0,3.0
2019-05-07T21:00:00.0,0.0,260.0,0.0,1412.0,14869.0,0.0,0.0,0.0,0.0,0.0,0.0,0.0,0.0,0.0,298.0,0.0,0.0,0.0,0.0,3.0
2019-05-07T22:00:00.0,0.0,247.0,0.0,1402.0,13337.0,0.0,0.0,0.0,0.0,0.0,0.0,0.0,0.0,0.0,297.0,0.0,0.0,0.0,0.0,3.0
2019-05-07T23:00:00.0,0.0,296.0,0.0,1398.0,11815.0,0.0,0.0,0.0,0.0,0.0,0.0,0.0,0.0,0.0,334.0,0.0,0.0,0.0,0.0,3.0
2019-05-08T00:00:00.0,0.0,221.0,0.0,1399.0,10130.0,0.0,0.0,0.0,0.0,0.0,0.0,0.0,0.0,0.0,330.0,0.0,0.0,0.0,0.0,3.0
2019-05-08T01:00:00.0,0.0,297.0,0.0,1396.0,9248.0,0.0,0.0,0.0,0.0,0.0,0.0,0.0,0.0,0.0,332.0,0.0,0.0,0.0,0.0,3.0
2019-05-08T02:00:00.0,0.0,336.0,0.0,1394.0,9158.0,0.0,0.0,0.0,0.0,0.0,0.0,0.0,0.0,0.0,332.0,0.0,0.0,0.0,0.0,3.0
2019-05-08T03:00:00.0,0.0,370.0,0.0,1394.0,9288.0,0.0,0.0,0.0,0.0,0.0,0.0,0.0,0.0,0.0,330.0,0.0,0.0,0.0,0.0,3.0
2019-05-08T04:00:00.0,0.0,409.0,0.0,1392.0,10699.0,0.0,0.0,0.0,0.0,0.0,0.0,0.0,0.0,0.0,335.0,0.0,0.0,0.0,0.0,3.0
2019-05-08T05:00:00.0,0.0,398.0,0.0,1390.0,14762.0,0.0,0.0,0.0,0.0,0.0,0.0,0.0,0.0,0.0,334.0,0.0,0.0,0.0,0.0,3.0
2019-05-08T06:00:00.0,0.0,417.0,0.0,1392.0,17322.0,0.0,0.0,0.0,0.0,0.0,0.0,0.0,0.0,0.0,335.0,0.0,0.0,0.0,0.0,3.0
2019-05-08T07:00:00.0,0.0,471.0,0.0,1388.0,17312.0,0.0,0.0,0.0,0.0,0.0,0.0,0.0,0.0,0.0,334.0,0.0,0.0,0.0,0.0,3.0
2019-05-08T08:00:00.0,0.0,474.0,0.0,1392.0,15892.0,0.0,0.0,0.0,0.0,0.0,0.0,0.0,0.0,0.0,342.0,0.0,0.0,0.0,0.0,3.0
2019-05-08T09:00:00.0,0.0,484.0,0.0,1395.0,14369.0,0.0,0.0,0.0,0.0,0.0,0.0,0.0,0.0,0.0,355.0,0.0,0.0,0.0,0.0,3.0
2019-05-08T10:00:00.0,0.0,358.0,0.0,1395.0,13859.0,0.0,0.0,0.0,0.0,0.0,0.0,0.0,0.0,0.0,352.0,0.0,0.0,0.0,0.0,3.0
2019-05-08T11:00:00.0,0.0,431.0,0.0,1390.0,12544.0,0.0,0.0,0.0,0.0,0.0,0.0,0.0,0.0,0.0,347.0,0.0,0.0,0.0,0.0,3.0
2019-05-08T12:00:00.0,0.0,385.0,0.0,1383.0,12073.0,0.0,0.0,0.0,0.0,0.0,0.0,0.0,0.0,0.0,327.0,0.0,0.0,0.0,0.0,3.0
2019-05-08T13:00:00.0,0.0,392.0,0.0,1385.0,11001.0,0.0,0.0,0.0,0.0,0.0,0.0,0.0,0.0,0.0,351.0,0.0,0.0,0.0,0.0,3.0
2019-05-08T14:00:00.0,0.0,393.0,0.0,1384.0,10199.0,0.0,0.0,0.0,0.0,0.0,0.0,0.0,0.0,0.0,350.0,0.0,0.0,0.0,0.0,3.0
2019-05-08T15:00:00.0,0.0,356.0,0.0,1384.0,9978.0,0.0,0.0,0.0,0.0,0.0,0.0,0.0,0.0,0.0,350.0,0.0,0.0,0.0,0.0,3.0
2019-05-08T16:00:00.0,0.0,352.0,0.0,1383.0,10409.0,0.0,0.0,0.0,0.0,0.0,0.0,0.0,0.0,0.0,350.0,0.0,0.0,0.0,0.0,3.0
2019-05-08T17:00:00.0,0.0,348.0,0.0,1382.0,11073.0,0.0,0.0,0.0,0.0,0.0,0.0,0.0,0.0,0.0,348.0,0.0,0.0,0.0,0.0,3.0
2019-05-08T18:00:00.0,0.0,318.0,0.0,1384.0,11927.0,0.0,0.0,0.0,0.0,0.0,0.0,0.0,0.0,0.0,349.0,0.0,0.0,0.0,0.0,3.0
2019-05-08T19:00:00.0,0.0,309.0,0.0,1384.0,12039.0,0.0,0.0,0.0,0.0,0.0,0.0,0.0,0.0,0.0,349.0,0.0,0.0,0.0,0.0,3.0
2019-05-08T20:00:00.0,0.0,339.0,0.0,1384.0,11510.0,0.0,0.0,0.0,0.0,0.0,0.0,0.0,0.0,0.0,347.0,0.0,0.0,0.0,0.0,3.0
2019-05-08T21:00:00.0,0.0,387.0,0.0,1384.0,11113.0,0.0,0.0,0.0,0.0,0.0,0.0,0.0,0.0,0.0,346.0,0.0,0.0,0.0,0.0,3.0
2019-05-08T22:00:00.0,0.0,449.0,0.0,1380.0,9611.0,0.0,0.0,0.0,0.0,0.0,0.0,0.0,0.0,0.0,351.0,0.0,0.0,0.0,0.0,3.0
2019-05-08T23:00:00.0,0.0,472.0,0.0,1371.0,8762.0,0.0,0.0,0.0,0.0,0.0,0.0,0.0,0.0,0.0,349.0,0.0,0.0,0.0,0.0,3.0
2019-05-09T00:00:00.0,0.0,540.0,0.0,1371.0,8433.0,0.0,0.0,0.0,0.0,0.0,0.0,0.0,0.0,0.0,346.0,0.0,0.0,0.0,0.0,3.0
2019-05-09T01:00:00.0,0.0,598.0,0.0,1370.0,8430.0,0.0,0.0,0.0,0.0,0.0,0.0,0.0,0.0,0.0,348.0,0.0,0.0,0.0,0.0,3.0
2019-05-09T02:00:00.0,0.0,621.0,0.0,1369.0,8237.0,0.0,0.0,0.0,0.0,0.0,0.0,0.0,0.0,0.0,348.0,0.0,0.0,0.0,0.0,3.0
2019-05-09T03:00:00.0,0.0,653.0,0.0,1368.0,8315.0,0.0,0.0,0.0,0.0,0.0,0.0,0.0,0.0,0.0,350.0,0.0,0.0,0.0,0.0,3.0
2019-05-09T04:00:00.0,0.0,679.0,0.0,1368.0,9251.0,0.0,0.0,0.0,0.0,0.0,0.0,0.0,0.0,0.0,349.0,0.0,0.0,0.0,0.0,3.0
2019-05-09T05:00:00.0,0.0,620.0,0.0,1369.0,12079.0,0.0,0.0,0.0,0.0,0.0,0.0,0.0,0.0,0.0,351.0,0.0,0.0,0.0,0.0,3.0
2019-05-09T06:00:00.0,0.0,606.0,0.0,1376.0,14786.0,0.0,0.0,0.0,0.0,0.0,0.0,0.0,0.0,0.0,356.0,0.0,0.0,0.0,0.0,3.0
2019-05-09T07:00:00.0,0.0,600.0,0.0,1379.0,15294.0,0.0,0.0,0.0,0.0,0.0,0.0,0.0,0.0,0.0,352.0,0.0,0.0,0.0,0.0,3.0
2019-05-09T08:00:00.0,0.0,625.0,0.0,1377.0,15073.0,0.0,0.0,0.0,0.0,0.0,0.0,0.0,0.0,0.0,343.0,0.0,0.0,0.0,0.0,3.0
2019-05-09T09:00:00.0,0.0,658.0,0.0,1377.0,14777.0,0.0,0.0,0.0,0.0,0.0,0.0,0.0,0.0,0.0,353.0,0.0,0.0,0.0,0.0,3.0
2019-05-09T10:00:00.0,0.0,670.0,0.0,1382.0,14326.0,0.0,0.0,0.0,0.0,0.0,0.0,0.0,0.0,0.0,349.0,0.0,0.0,0.0,0.0,3.0
2019-05-09T11:00:00.0,0.0,667.0,0.0,1379.0,14167.0,0.0,0.0,0.0,0.0,0.0,0.0,0.0,0.0,0.0,357.0,0.0,0.0,0.0,0.0,3.0
2019-05-09T12:00:00.0,0.0,700.0,0.0,1378.0,13692.0,0.0,0.0,0.0,0.0,0.0,0.0,0.0,0.0,0.0,356.0,0.0,0.0,0.0,0.0,3.0
2019-05-09T13:00:00.0,0.0,708.0,0.0,1380.0,13735.0,0.0,0.0,0.0,0.0,0.0,0.0,0.0,0.0,0.0,348.0,0.0,0.0,0.0,0.0,3.0
2019-05-09T14:00:00.0,0.0,706.0,0.0,1379.0,13563.0,0.0,0.0,0.0,0.0,0.0,0.0,0.0,0.0,0.0,349.0,0.0,0.0,0.0,0.0,3.0
2019-05-09T15:00:00.0,0.0,692.0,0.0,1379.0,13536.0,0.0,0.0,0.0,0.0,0.0,0.0,0.0,0.0,0.0,355.0,0.0,0.0,0.0,0.0,3.0
2019-05-09T16:00:00.0,0.0,683.0,0.0,1400.0,13613.0,0.0,0.0,0.0,0.0,0.0,0.0,0.0,0.0,0.0,355.0,0.0,0.0,0.0,0.0,3.0
2019-05-09T17:00:00.0,0.0,665.0,0.0,1402.0,13543.0,0.0,0.0,0.0,0.0,0.0,0.0,0.0,0.0,0.0,356.0,0.0,0.0,0.0,0.0,3.0
2019-05-09T18:00:00.0,0.0,636.0,0.0,1403.0,13814.0,0.0,0.0,0.0,0.0,0.0,0.0,0.0,0.0,0.0,361.0,0.0,0.0,0.0,0.0,3.0
2019-05-09T19:00:00.0,0.0,606.0,0.0,1405.0,13916.0,0.0,0.0,0.0,0.0,0.0,0.0,0.0,0.0,0.0,360.0,0.0,0.0,0.0,0.0,3.0
2019-05-09T20:00:00.0,0.0,576.0,0.0,1389.0,13634.0,0.0,0.0,0.0,0.0,0.0,0.0,0.0,0.0,0.0,360.0,0.0,0.0,0.0,0.0,3.0
2019-05-09T21:00:00.0,0.0,588.0,0.0,1390.0,12845.0,0.0,0.0,0.0,0.0,0.0,0.0,0.0,0.0,0.0,358.0,0.0,0.0,0.0,0.0,3.0
2019-05-09T22:00:00.0,0.0,611.0,0.0,1382.0,11427.0,0.0,0.0,0.0,0.0,0.0,0.0,0.0,0.0,0.0,360.0,0.0,0.0,0.0,0.0,3.0
2019-05-09T23:00:00.0,0.0,571.0,0.0,1384.0,9727.0,0.0,0.0,0.0,0.0,0.0,0.0,0.0,0.0,0.0,360.0,0.0,0.0,0.0,0.0,3.0
2019-05-10T00:00:00.0,0.0,556.0,0.0,1386.0,8514.0,0.0,0.0,0.0,0.0,0.0,0.0,0.0,0.0,0.0,350.0,0.0,0.0,0.0,0.0,3.0
2019-05-10T01:00:00.0,0.0,538.0,0.0,1386.0,7694.0,0.0,0.0,0.0,0.0,0.0,0.0,0.0,0.0,0.0,351.0,0.0,0.0,0.0,0.0,3.0
2019-05-10T02:00:00.0,0.0,544.0,0.0,1386.0,7218.0,0.0,0.0,0.0,0.0,0.0,0.0,0.0,0.0,0.0,349.0,0.0,0.0,0.0,0.0,3.0
2019-05-10T03:00:00.0,0.0,526.0,0.0,1387.0,7894.0,0.0,0.0,0.0,0.0,0.0,0.0,0.0,0.0,0.0,307.0,0.0,0.0,0.0,0.0,3.0
2019-05-10T04:00:00.0,0.0,531.0,0.0,1391.0,9448.0,0.0,0.0,0.0,0.0,0.0,0.0,0.0,0.0,0.0,304.0,0.0,0.0,0.0,0.0,3.0
2019-05-10T05:00:00.0,0.0,540.0,0.0,1394.0,12550.0,0.0,0.0,0.0,0.0,0.0,0.0,0.0,0.0,0.0,306.0,0.0,0.0,0.0,0.0,3.0
2019-05-10T06:00:00.0,0.0,508.0,0.0,1405.0,15501.0,0.0,0.0,0.0,0.0,0.0,0.0,0.0,0.0,0.0,302.0,0.0,0.0,0.0,0.0,3.0
2019-05-10T07:00:00.0,0.0,511.0,0.0,1400.0,16503.0,0.0,0.0,0.0,0.0,0.0,0.0,0.0,0.0,0.0,299.0,0.0,0.0,0.0,0.0,3.0
2019-05-10T08:00:00.0,0.0,582.0,0.0,1405.0,15956.0,0.0,0.0,0.0,0.0,0.0,0.0,0.0,0.0,0.0,301.0,0.0,0.0,0.0,0.0,3.0
2019-05-10T09:00:00.0,0.0,582.0,0.0,1408.0,15350.0,0.0,0.0,0.0,0.0,0.0,0.0,0.0,0.0,0.0,301.0,0.0,0.0,0.0,0.0,3.0
2019-05-10T10:00:00.0,0.0,608.0,0.0,1398.0,14559.0,0.0,0.0,0.0,0.0,0.0,0.0,0.0,0.0,0.0,302.0,0.0,0.0,0.0,0.0,3.0
2019-05-10T11:00:00.0,0.0,560.0,0.0,1401.0,13569.0,0.0,0.0,0.0,0.0,0.0,0.0,0.0,0.0,0.0,345.0,0.0,0.0,0.0,0.0,3.0
2019-05-10T12:00:00.0,0.0,618.0,0.0,1405.0,12581.0,0.0,0.0,0.0,0.0,0.0,0.0,0.0,0.0,0.0,346.0,0.0,0.0,0.0,0.0,3.0
2019-05-10T13:00:00.0,0.0,550.0,0.0,1403.0,11560.0,0.0,0.0,0.0,0.0,0.0,0.0,0.0,0.0,0.0,346.0,0.0,0.0,0.0,0.0,3.0
2019-05-10T14:00:00.0,0.0,602.0,0.0,1403.0,10734.0,0.0,0.0,0.0,0.0,0.0,0.0,0.0,0.0,0.0,344.0,0.0,0.0,0.0,0.0,3.0
2019-05-10T15:00:00.0,0.0,784.0,0.0,1407.0,10947.0,0.0,0.0,0.0,0.0,0.0,0.0,0.0,0.0,0.0,335.0,0.0,0.0,0.0,0.0,3.0
2019-05-10T16:00:00.0,0.0,820.0,0.0,1420.0,12264.0,0.0,0.0,0.0,0.0,0.0,0.0,0.0,0.0,0.0,340.0,0.0,0.0,0.0,0.0,3.0
2019-05-10T17:00:00.0,0.0,666.0,0.0,1417.0,12964.0,0.0,0.0,0.0,0.0,0.0,0.0,0.0,0.0,0.0,339.0,0.0,0.0,0.0,0.0,3.0
2019-05-10T18:00:00.0,0.0,770.0,0.0,1423.0,13052.0,0.0,0.0,0.0,0.0,0.0,0.0,0.0,0.0,0.0,344.0,0.0,0.0,0.0,0.0,3.0
2019-05-10T19:00:00.0,0.0,633.0,0.0,1424.0,12914.0,0.0,0.0,0.0,0.0,0.0,0.0,0.0,0.0,0.0,341.0,0.0,0.0,0.0,0.0,3.0
2019-05-10T20:00:00.0,0.0,552.0,0.0,1427.0,13133.0,0.0,0.0,0.0,0.0,0.0,0.0,0.0,0.0,0.0,353.0,0.0,0.0,0.0,0.0,3.0
2019-05-10T21:00:00.0,0.0,605.0,0.0,1419.0,12949.0,0.0,0.0,0.0,0.0,0.0,0.0,0.0,0.0,0.0,354.0,0.0,0.0,0.0,0.0,3.0
2019-05-10T22:00:00.0,0.0,560.0,0.0,1428.0,11626.0,0.0,0.0,0.0,0.0,0.0,0.0,0.0,0.0,0.0,351.0,0.0,0.0,0.0,0.0,3.0
2019-05-10T23:00:00.0,0.0,625.0,0.0,1451.0,10646.0,0.0,0.0,0.0,0.0,0.0,0.0,0.0,0.0,0.0,354.0,0.0,0.0,0.0,0.0,3.0
2019-05-11T00:00:00.0,0.0,529.0,0.0,1446.0,8906.0,0.0,0.0,0.0,0.0,0.0,0.0,0.0,0.0,0.0,356.0,0.0,0.0,0.0,0.0,3.0
2019-05-11T01:00:00.0,0.0,564.0,0.0,1449.0,7655.0,0.0,0.0,0.0,0.0,0.0,0.0,0.0,0.0,0.0,354.0,0.0,0.0,0.0,0.0,3.0
2019-05-11T02:00:00.0,0.0,525.0,0.0,1445.0,7631.0,0.0,0.0,0.0,0.0,0.0,0.0,0.0,0.0,0.0,356.0,0.0,0.0,0.0,0.0,3.0
2019-05-11T03:00:00.0,0.0,456.0,0.0,1446.0,7347.0,0.0,0.0,0.0,0.0,0.0,0.0,0.0,0.0,0.0,352.0,0.0,0.0,0.0,0.0,3.0
2019-05-11T04:00:00.0,0.0,554.0,0.0,1447.0,7286.0,0.0,0.0,0.0,0.0,0.0,0.0,0.0,0.0,0.0,352.0,0.0,0.0,0.0,0.0,3.0
2019-05-11T05:00:00.0,0.0,498.0,0.0,1449.0,7530.0,0.0,0.0,0.0,0.0,0.0,0.0,0.0,0.0,0.0,356.0,0.0,0.0,0.0,0.0,3.0
2019-05-11T06:00:00.0,0.0,474.0,0.0,1446.0,8283.0,0.0,0.0,0.0,0.0,0.0,0.0,0.0,0.0,0.0,348.0,0.0,0.0,0.0,0.0,3.0
2019-05-11T07:00:00.0,0.0,487.0,0.0,1452.0,9688.0,0.0,0.0,0.0,0.0,0.0,0.0,0.0,0.0,0.0,343.0,0.0,0.0,0.0,0.0,3.0
2019-05-11T08:00:00.0,0.0,453.0,0.0,1449.0,10467.0,0.0,0.0,0.0,0.0,0.0,0.0,0.0,0.0,0.0,346.0,0.0,0.0,0.0,0.0,3.0
2019-05-11T09:00:00.0,0.0,575.0,0.0,1446.0,10455.0,0.0,0.0,0.0,0.0,0.0,0.0,0.0,0.0,0.0,350.0,0.0,0.0,0.0,0.0,3.0
2019-05-11T10:00:00.0,0.0,556.0,0.0,1438.0,9807.0,0.0,0.0,0.0,0.0,0.0,0.0,0.0,0.0,0.0,345.0,0.0,0.0,0.0,0.0,3.0
2019-05-11T11:00:00.0,0.0,562.0,0.0,1434.0,8977.0,0.0,0.0,0.0,0.0,0.0,0.0,0.0,0.0,0.0,346.0,0.0,0.0,0.0,0.0,3.0
2019-05-11T12:00:00.0,0.0,575.0,0.0,1426.0,8330.0,0.0,0.0,0.0,0.0,0.0,0.0,0.0,0.0,0.0,347.0,0.0,0.0,0.0,0.0,3.0
2019-05-11T13:00:00.0,0.0,591.0,0.0,1426.0,8034.0,0.0,0.0,0.0,0.0,0.0,0.0,0.0,0.0,0.0,348.0,0.0,0.0,0.0,0.0,3.0
2019-05-11T14:00:00.0,0.0,600.0,0.0,1423.0,7808.0,0.0,0.0,0.0,0.0,0.0,0.0,0.0,0.0,0.0,345.0,0.0,0.0,0.0,0.0,3.0
2019-05-11T15:00:00.0,0.0,620.0,0.0,1421.0,8034.0,0.0,0.0,0.0,0.0,0.0,0.0,0.0,0.0,0.0,347.0,0.0,0.0,0.0,0.0,3.0
2019-05-11T16:00:00.0,0.0,667.0,0.0,1420.0,8199.0,0.0,0.0,0.0,0.0,0.0,0.0,0.0,0.0,0.0,348.0,0.0,0.0,0.0,0.0,3.0
2019-05-11T17:00:00.0,0.0,740.0,0.0,1411.0,8273.0,0.0,0.0,0.0,0.0,0.0,0.0,0.0,0.0,0.0,348.0,0.0,0.0,0.0,0.0,3.0
2019-05-11T18:00:00.0,0.0,674.0,0.0,1412.0,8110.0,0.0,0.0,0.0,0.0,0.0,0.0,0.0,0.0,0.0,345.0,0.0,0.0,0.0,0.0,3.0
2019-05-11T19:00:00.0,0.0,648.0,0.0,1406.0,8046.0,0.0,0.0,0.0,0.0,0.0,0.0,0.0,0.0,0.0,344.0,0.0,0.0,0.0,0.0,3.0
2019-05-11T20:00:00.0,0.0,637.0,0.0,1407.0,8726.0,0.0,0.0,0.0,0.0,0.0,0.0,0.0,0.0,0.0,348.0,0.0,0.0,0.0,0.0,3.0
2019-05-11T21:00:00.0,0.0,609.0,0.0,1407.0,9339.0,0.0,0.0,0.0,0.0,0.0,0.0,0.0,0.0,0.0,348.0,0.0,0.0,0.0,0.0,3.0
2019-05-11T22:00:00.0,0.0,614.0,0.0,1412.0,8887.0,0.0,0.0,0.0,0.0,0.0,0.0,0.0,0.0,0.0,350.0,0.0,0.0,0.0,0.0,3.0
2019-05-11T23:00:00.0,0.0,621.0,0.0,1447.0,8104.0,0.0,0.0,0.0,0.0,0.0,0.0,0.0,0.0,0.0,349.0,0.0,0.0,0.0,0.0,3.0
2019-05-12T00:00:00.0,0.0,614.0,0.0,1446.0,7799.0,0.0,0.0,0.0,0.0,0.0,0.0,0.0,0.0,0.0,352.0,0.0,0.0,0.0,0.0,3.0
2019-05-12T01:00:00.0,0.0,595.0,0.0,1445.0,7357.0,0.0,0.0,0.0,0.0,0.0,0.0,0.0,0.0,0.0,351.0,0.0,0.0,0.0,0.0,3.0
2019-05-12T02:00:00.0,0.0,608.0,0.0,1444.0,6628.0,0.0,0.0,0.0,0.0,0.0,0.0,0.0,0.0,0.0,353.0,0.0,0.0,0.0,0.0,3.0
2019-05-12T03:00:00.0,0.0,649.0,0.0,1442.0,6690.0,0.0,0.0,0.0,0.0,0.0,0.0,0.0,0.0,0.0,354.0,0.0,0.0,0.0,0.0,3.0
2019-05-12T04:00:00.0,0.0,670.0,0.0,1441.0,6730.0,0.0,0.0,0.0,0.0,0.0,0.0,0.0,0.0,0.0,351.0,0.0,0.0,0.0,0.0,3.0
2019-05-12T05:00:00.0,0.0,627.0,0.0,1440.0,7056.0,0.0,0.0,0.0,0.0,0.0,0.0,0.0,0.0,0.0,353.0,0.0,0.0,0.0,0.0,3.0
2019-05-12T06:00:00.0,0.0,650.0,0.0,1437.0,7333.0,0.0,0.0,0.0,0.0,0.0,0.0,0.0,0.0,0.0,351.0,0.0,0.0,0.0,0.0,3.0
2019-05-12T07:00:00.0,0.0,664.0,0.0,1437.0,7563.0,0.0,0.0,0.0,0.0,0.0,0.0,0.0,0.0,0.0,352.0,0.0,0.0,0.0,0.0,3.0
2019-05-12T08:00:00.0,0.0,743.0,0.0,1436.0,7932.0,0.0,0.0,0.0,0.0,0.0,0.0,0.0,0.0,0.0,354.0,0.0,0.0,0.0,0.0,3.0
2019-05-12T09:00:00.0,0.0,785.0,0.0,1448.0,8058.0,0.0,0.0,0.0,0.0,0.0,0.0,0.0,0.0,0.0,351.0,0.0,0.0,0.0,0.0,3.0
2019-05-12T10:00:00.0,0.0,785.0,0.0,1447.0,7666.0,0.0,0.0,0.0,0.0,0.0,0.0,0.0,0.0,0.0,349.0,0.0,0.0,0.0,0.0,3.0
2019-05-12T11:00:00.0,0.0,817.0,0.0,1460.0,7594.0,0.0,0.0,0.0,0.0,0.0,0.0,0.0,0.0,0.0,349.0,0.0,0.0,0.0,0.0,3.0
2019-05-12T12:00:00.0,0.0,884.0,0.0,1462.0,7715.0,0.0,0.0,0.0,0.0,0.0,0.0,0.0,0.0,0.0,350.0,0.0,0.0,0.0,0.0,3.0
2019-05-12T13:00:00.0,0.0,893.0,0.0,1462.0,7680.0,0.0,0.0,0.0,0.0,0.0,0.0,0.0,0.0,0.0,352.0,0.0,0.0,0.0,0.0,3.0
2019-05-12T14:00:00.0,0.0,882.0,0.0,1461.0,7539.0,0.0,0.0,0.0,0.0,0.0,0.0,0.0,0.0,0.0,352.0,0.0,0.0,0.0,0.0,3.0
2019-05-12T15:00:00.0,0.0,910.0,0.0,1462.0,7596.0,0.0,0.0,0.0,0.0,0.0,0.0,0.0,0.0,0.0,355.0,0.0,0.0,0.0,0.0,3.0
2019-05-12T16:00:00.0,0.0,869.0,0.0,1458.0,7665.0,0.0,0.0,0.0,0.0,0.0,0.0,0.0,0.0,0.0,355.0,0.0,0.0,0.0,0.0,3.0
2019-05-12T17:00:00.0,0.0,723.0,0.0,1463.0,8150.0,0.0,0.0,0.0,0.0,0.0,0.0,0.0,0.0,0.0,355.0,0.0,0.0,0.0,0.0,3.0
2019-05-12T18:00:00.0,0.0,772.0,0.0,1464.0,8211.0,0.0,0.0,0.0,0.0,0.0,0.0,0.0,0.0,0.0,352.0,0.0,0.0,0.0,0.0,3.0
2019-05-12T19:00:00.0,0.0,590.0,0.0,1462.0,8937.0,0.0,0.0,0.0,0.0,0.0,0.0,0.0,0.0,0.0,357.0,0.0,0.0,0.0,0.0,3.0
2019-05-12T20:00:00.0,0.0,549.0,0.0,1464.0,9535.0,0.0,0.0,0.0,0.0,0.0,0.0,0.0,0.0,0.0,353.0,0.0,0.0,0.0,0.0,3.0
2019-05-12T21:00:00.0,0.0,535.0,0.0,1464.0,9900.0,0.0,0.0,0.0,0.0,0.0,0.0,0.0,0.0,0.0,352.0,0.0,0.0,0.0,0.0,3.0
2019-05-12T22:00:00.0,0.0,424.0,0.0,1464.0,8997.0,0.0,0.0,0.0,0.0,0.0,0.0,0.0,0.0,0.0,351.0,0.0,0.0,0.0,0.0,3.0
2019-05-12T23:00:00.0,0.0,383.0,0.0,1451.0,8425.0,0.0,0.0,0.0,0.0,0.0,0.0,0.0,0.0,0.0,352.0,0.0,0.0,0.0,0.0,3.0
2019-05-13T00:00:00.0,0.0,375.0,0.0,1450.0,8033.0,0.0,0.0,0.0,0.0,0.0,0.0,0.0,0.0,0.0,352.0,0.0,0.0,0.0,0.0,3.0
2019-05-13T01:00:00.0,0.0,403.0,0.0,1449.0,7750.0,0.0,0.0,0.0,0.0,0.0,0.0,0.0,0.0,0.0,350.0,0.0,0.0,0.0,0.0,3.0
2019-05-13T02:00:00.0,0.0,405.0,0.0,1448.0,7551.0,0.0,0.0,0.0,0.0,0.0,0.0,0.0,0.0,0.0,352.0,0.0,0.0,0.0,0.0,3.0
2019-05-13T03:00:00.0,0.0,415.0,0.0,1448.0,7575.0,0.0,0.0,0.0,0.0,0.0,0.0,0.0,0.0,0.0,351.0,0.0,0.0,0.0,0.0,3.0
2019-05-13T04:00:00.0,0.0,427.0,0.0,1447.0,8596.0,0.0,0.0,0.0,0.0,0.0,0.0,0.0,0.0,0.0,349.0,0.0,0.0,0.0,0.0,3.0
2019-05-13T05:00:00.0,0.0,503.0,0.0,1445.0,11544.0,0.0,0.0,0.0,0.0,0.0,0.0,0.0,0.0,0.0,341.0,0.0,0.0,0.0,0.0,3.0
2019-05-13T06:00:00.0,0.0,492.0,0.0,1448.0,14116.0,0.0,0.0,0.0,0.0,0.0,0.0,0.0,0.0,0.0,349.0,0.0,0.0,0.0,0.0,3.0
2019-05-13T07:00:00.0,0.0,515.0,0.0,1460.0,14814.0,0.0,0.0,0.0,0.0,0.0,0.0,0.0,0.0,0.0,354.0,0.0,0.0,0.0,0.0,3.0
2019-05-13T08:00:00.0,0.0,412.0,0.0,1460.0,13450.0,0.0,0.0,0.0,0.0,0.0,0.0,0.0,0.0,0.0,356.0,0.0,0.0,0.0,0.0,3.0
2019-05-13T09:00:00.0,0.0,529.0,0.0,1467.0,12138.0,0.0,0.0,0.0,0.0,0.0,0.0,0.0,0.0,0.0,354.0,0.0,0.0,0.0,0.0,3.0
2019-05-13T10:00:00.0,0.0,494.0,0.0,1469.0,11310.0,0.0,0.0,0.0,0.0,0.0,0.0,0.0,0.0,0.0,330.0,0.0,0.0,0.0,0.0,3.0
2019-05-13T11:00:00.0,0.0,488.0,0.0,1469.0,10659.0,0.0,0.0,0.0,0.0,0.0,0.0,0.0,0.0,0.0,352.0,0.0,0.0,0.0,0.0,3.0
2019-05-13T12:00:00.0,0.0,546.0,0.0,1468.0,10409.0,0.0,0.0,0.0,0.0,0.0,0.0,0.0,0.0,0.0,352.0,0.0,0.0,0.0,0.0,3.0
2019-05-13T13:00:00.0,0.0,466.0,0.0,1468.0,10355.0,0.0,0.0,0.0,0.0,0.0,0.0,0.0,0.0,0.0,355.0,0.0,0.0,0.0,0.0,3.0
2019-05-13T14:00:00.0,0.0,546.0,0.0,1470.0,10140.0,0.0,0.0,0.0,0.0,0.0,0.0,0.0,0.0,0.0,353.0,0.0,0.0,0.0,0.0,3.0
2019-05-13T15:00:00.0,0.0,596.0,0.0,1471.0,10066.0,0.0,0.0,0.0,0.0,0.0,0.0,0.0,0.0,0.0,351.0,0.0,0.0,0.0,0.0,3.0
2019-05-13T16:00:00.0,0.0,669.0,0.0,1471.0,10495.0,0.0,0.0,0.0,0.0,0.0,0.0,0.0,0.0,0.0,351.0,0.0,0.0,0.0,0.0,3.0
2019-05-13T17:00:00.0,0.0,569.0,0.0,1474.0,11054.0,0.0,0.0,0.0,0.0,0.0,0.0,0.0,0.0,0.0,350.0,0.0,0.0,0.0,0.0,3.0
2019-05-13T18:00:00.0,0.0,604.0,0.0,1479.0,12255.0,0.0,0.0,0.0,0.0,0.0,0.0,0.0,0.0,0.0,352.0,0.0,0.0,0.0,0.0,3.0
2019-05-13T19:00:00.0,0.0,509.0,0.0,1487.0,13187.0,0.0,0.0,0.0,0.0,0.0,0.0,0.0,0.0,0.0,349.0,0.0,0.0,0.0,0.0,3.0
2019-05-13T20:00:00.0,0.0,490.0,0.0,1495.0,13466.0,0.0,0.0,0.0,0.0,0.0,0.0,0.0,0.0,0.0,352.0,0.0,0.0,0.0,0.0,3.0
2019-05-13T21:00:00.0,0.0,493.0,0.0,1499.0,13116.0,0.0,0.0,0.0,0.0,0.0,0.0,0.0,0.0,0.0,350.0,0.0,0.0,0.0,0.0,3.0
2019-05-13T22:00:00.0,0.0,417.0,0.0,1494.0,10978.0,0.0,0.0,0.0,0.0,0.0,0.0,0.0,0.0,0.0,348.0,0.0,0.0,0.0,0.0,3.0
2019-05-13T23:00:00.0,0.0,391.0,0.0,1462.0,9455.0,0.0,0.0,0.0,0.0,0.0,0.0,0.0,0.0,0.0,363.0,0.0,0.0,0.0,0.0,3.0
2019-05-14T00:00:00.0,0.0,349.0,0.0,1460.0,8443.0,0.0,0.0,0.0,0.0,0.0,0.0,0.0,0.0,0.0,359.0,0.0,0.0,0.0,0.0,3.0
2019-05-14T01:00:00.0,0.0,328.0,0.0,1459.0,8195.0,0.0,0.0,0.0,0.0,0.0,0.0,0.0,0.0,0.0,360.0,0.0,0.0,0.0,0.0,3.0
2019-05-14T02:00:00.0,0.0,333.0,0.0,1457.0,8280.0,0.0,0.0,0.0,0.0,0.0,0.0,0.0,0.0,0.0,359.0,0.0,0.0,0.0,0.0,3.0
2019-05-14T03:00:00.0,0.0,326.0,0.0,1456.0,8673.0,0.0,0.0,0.0,0.0,0.0,0.0,0.0,0.0,0.0,359.0,0.0,0.0,0.0,0.0,3.0
2019-05-14T04:00:00.0,0.0,382.0,0.0,1452.0,10273.0,0.0,0.0,0.0,0.0,0.0,0.0,0.0,0.0,0.0,359.0,0.0,0.0,0.0,0.0,3.0
2019-05-14T05:00:00.0,0.0,303.0,0.0,1448.0,13621.0,0.0,0.0,0.0,0.0,0.0,0.0,0.0,0.0,0.0,359.0,0.0,0.0,0.0,0.0,3.0
2019-05-14T06:00:00.0,0.0,303.0,0.0,1452.0,15566.0,0.0,0.0,0.0,0.0,0.0,0.0,0.0,0.0,0.0,356.0,0.0,0.0,0.0,0.0,3.0
2019-05-14T07:00:00.0,0.0,366.0,0.0,1457.0,15903.0,0.0,0.0,0.0,0.0,0.0,0.0,0.0,0.0,0.0,355.0,0.0,0.0,0.0,0.0,3.0
2019-05-14T08:00:00.0,0.0,351.0,0.0,1456.0,14868.0,0.0,0.0,0.0,0.0,0.0,0.0,0.0,0.0,0.0,349.0,0.0,0.0,0.0,0.0,3.0
2019-05-14T09:00:00.0,0.0,389.0,0.0,1453.0,13830.0,0.0,0.0,0.0,0.0,0.0,0.0,0.0,0.0,0.0,354.0,0.0,0.0,0.0,0.0,3.0
2019-05-14T10:00:00.0,0.0,475.0,0.0,1460.0,13120.0,0.0,0.0,0.0,0.0,0.0,0.0,0.0,0.0,0.0,356.0,0.0,0.0,0.0,0.0,3.0
2019-05-14T11:00:00.0,0.0,516.0,0.0,1444.0,12755.0,0.0,0.0,0.0,0.0,0.0,0.0,0.0,0.0,0.0,355.0,0.0,0.0,0.0,0.0,3.0
2019-05-14T12:00:00.0,0.0,613.0,0.0,1440.0,12340.0,0.0,0.0,0.0,0.0,0.0,0.0,0.0,0.0,0.0,354.0,0.0,0.0,0.0,0.0,3.0
2019-05-14T13:00:00.0,0.0,527.0,0.0,1438.0,11755.0,0.0,0.0,0.0,0.0,0.0,0.0,0.0,0.0,0.0,353.0,0.0,0.0,0.0,0.0,3.0
2019-05-14T14:00:00.0,0.0,528.0,0.0,1440.0,11163.0,0.0,0.0,0.0,0.0,0.0,0.0,0.0,0.0,0.0,352.0,0.0,0.0,0.0,0.0,3.0
2019-05-14T15:00:00.0,0.0,516.0,0.0,1441.0,10984.0,0.0,0.0,0.0,0.0,0.0,0.0,0.0,0.0,0.0,335.0,0.0,0.0,0.0,0.0,3.0
2019-05-14T16:00:00.0,0.0,496.0,0.0,1445.0,11673.0,0.0,0.0,0.0,0.0,0.0,0.0,0.0,0.0,0.0,335.0,0.0,0.0,0.0,0.0,3.0
2019-05-14T17:00:00.0,0.0,441.0,0.0,1448.0,12926.0,0.0,0.0,0.0,0.0,0.0,0.0,0.0,0.0,0.0,335.0,0.0,0.0,0.0,0.0,3.0
2019-05-14T18:00:00.0,0.0,375.0,0.0,1450.0,13999.0,0.0,0.0,0.0,0.0,0.0,0.0,0.0,0.0,0.0,341.0,0.0,0.0,0.0,0.0,3.0
2019-05-14T19:00:00.0,0.0,331.0,0.0,1452.0,14211.0,0.0,0.0,0.0,0.0,0.0,0.0,0.0,0.0,0.0,343.0,0.0,0.0,0.0,0.0,3.0
2019-05-14T20:00:00.0,0.0,383.0,0.0,1455.0,13958.0,0.0,0.0,0.0,0.0,0.0,0.0,0.0,0.0,0.0,340.0,0.0,0.0,0.0,0.0,3.0
2019-05-14T21:00:00.0,0.0,306.0,0.0,1458.0,13028.0,0.0,0.0,0.0,0.0,0.0,0.0,0.0,0.0,0.0,346.0,0.0,0.0,0.0,0.0,3.0
2019-05-14T22:00:00.0,0.0,270.0,0.0,1457.0,10537.0,0.0,0.0,0.0,0.0,0.0,0.0,0.0,0.0,0.0,348.0,0.0,0.0,0.0,0.0,3.0
2019-05-14T23:00:00.0,0.0,315.0,0.0,1444.0,9274.0,0.0,0.0,0.0,0.0,0.0,0.0,0.0,0.0,0.0,347.0,0.0,0.0,0.0,0.0,3.0
2019-05-15T00:00:00.0,0.0,251.0,0.0,1444.0,8511.0,0.0,0.0,0.0,0.0,0.0,0.0,0.0,0.0,0.0,347.0,0.0,0.0,0.0,0.0,3.0
2019-05-15T01:00:00.0,0.0,269.0,0.0,1443.0,8173.0,0.0,0.0,0.0,0.0,0.0,0.0,0.0,0.0,0.0,346.0,0.0,0.0,0.0,0.0,3.0
2019-05-15T02:00:00.0,0.0,225.0,0.0,1442.0,8257.0,0.0,0.0,0.0,0.0,0.0,0.0,0.0,0.0,0.0,341.0,0.0,0.0,0.0,0.0,3.0
2019-05-15T03:00:00.0,0.0,240.0,0.0,1441.0,8368.0,0.0,0.0,0.0,0.0,0.0,0.0,0.0,0.0,0.0,340.0,0.0,0.0,0.0,0.0,3.0
2019-05-15T04:00:00.0,0.0,301.0,0.0,1441.0,9763.0,0.0,0.0,0.0,0.0,0.0,0.0,0.0,0.0,0.0,343.0,0.0,0.0,0.0,0.0,3.0
2019-05-15T05:00:00.0,0.0,239.0,0.0,1442.0,13479.0,0.0,0.0,0.0,0.0,0.0,0.0,0.0,0.0,0.0,347.0,0.0,0.0,0.0,0.0,3.0
2019-05-15T06:00:00.0,0.0,207.0,0.0,1447.0,15875.0,0.0,0.0,0.0,0.0,0.0,0.0,0.0,0.0,0.0,344.0,0.0,0.0,0.0,0.0,3.0
2019-05-15T07:00:00.0,0.0,211.0,0.0,1449.0,16153.0,0.0,0.0,0.0,0.0,0.0,0.0,0.0,0.0,0.0,350.0,0.0,0.0,0.0,0.0,3.0
2019-05-15T08:00:00.0,0.0,229.0,0.0,1445.0,15529.0,0.0,0.0,0.0,0.0,0.0,0.0,0.0,0.0,0.0,349.0,0.0,0.0,0.0,0.0,3.0
2019-05-15T09:00:00.0,0.0,215.0,0.0,1443.0,14860.0,0.0,0.0,0.0,0.0,0.0,0.0,0.0,0.0,0.0,348.0,0.0,0.0,0.0,0.0,3.0
2019-05-15T10:00:00.0,0.0,222.0,0.0,1443.0,13623.0,0.0,0.0,0.0,0.0,0.0,0.0,0.0,0.0,0.0,339.0,0.0,0.0,0.0,0.0,3.0
2019-05-15T11:00:00.0,0.0,228.0,0.0,1447.0,13226.0,0.0,0.0,0.0,0.0,0.0,0.0,0.0,0.0,0.0,338.0,0.0,0.0,0.0,0.0,3.0
2019-05-15T12:00:00.0,0.0,228.0,0.0,1449.0,13122.0,0.0,0.0,0.0,0.0,0.0,0.0,0.0,0.0,0.0,352.0,0.0,0.0,0.0,0.0,3.0
2019-05-15T13:00:00.0,0.0,239.0,0.0,1451.0,12732.0,0.0,0.0,0.0,0.0,0.0,0.0,0.0,0.0,0.0,358.0,0.0,0.0,0.0,0.0,3.0
2019-05-15T14:00:00.0,0.0,243.0,0.0,1469.0,12196.0,0.0,0.0,0.0,0.0,0.0,0.0,0.0,0.0,0.0,351.0,0.0,0.0,0.0,0.0,3.0
2019-05-15T15:00:00.0,0.0,211.0,0.0,1477.0,11826.0,0.0,0.0,0.0,0.0,0.0,0.0,0.0,0.0,0.0,354.0,0.0,0.0,0.0,0.0,3.0
2019-05-15T16:00:00.0,0.0,208.0,0.0,1485.0,12541.0,0.0,0.0,0.0,0.0,0.0,0.0,0.0,0.0,0.0,354.0,0.0,0.0,0.0,0.0,3.0
2019-05-15T17:00:00.0,0.0,189.0,0.0,1494.0,13363.0,0.0,0.0,0.0,0.0,0.0,0.0,0.0,0.0,0.0,355.0,0.0,0.0,0.0,0.0,3.0
2019-05-15T18:00:00.0,0.0,179.0,0.0,1498.0,14031.0,0.0,0.0,0.0,0.0,0.0,0.0,0.0,0.0,0.0,357.0,0.0,0.0,0.0,0.0,3.0
2019-05-15T19:00:00.0,0.0,188.0,0.0,1480.0,13737.0,0.0,0.0,0.0,0.0,0.0,0.0,0.0,0.0,0.0,358.0,0.0,0.0,0.0,0.0,3.0
2019-05-15T20:00:00.0,0.0,196.0,0.0,1488.0,12561.0,0.0,0.0,0.0,0.0,0.0,0.0,0.0,0.0,0.0,357.0,0.0,0.0,0.0,0.0,3.0
2019-05-15T21:00:00.0,0.0,180.0,0.0,1493.0,11230.0,0.0,0.0,0.0,0.0,0.0,0.0,0.0,0.0,0.0,359.0,0.0,0.0,0.0,0.0,3.0
2019-05-15T22:00:00.0,0.0,212.0,0.0,1491.0,8828.0,0.0,0.0,0.0,0.0,0.0,0.0,0.0,0.0,0.0,362.0,0.0,0.0,0.0,0.0,3.0
2019-05-15T23:00:00.0,0.0,219.0,0.0,1496.0,8029.0,0.0,0.0,0.0,0.0,0.0,0.0,0.0,0.0,0.0,363.0,0.0,0.0,0.0,0.0,3.0
2019-05-16T00:00:00.0,0.0,216.0,0.0,1495.0,7708.0,0.0,0.0,0.0,0.0,0.0,0.0,0.0,0.0,0.0,361.0,0.0,0.0,0.0,0.0,3.0
2019-05-16T01:00:00.0,0.0,222.0,0.0,1495.0,7615.0,0.0,0.0,0.0,0.0,0.0,0.0,0.0,0.0,0.0,364.0,0.0,0.0,0.0,0.0,3.0
2019-05-16T02:00:00.0,0.0,233.0,0.0,1492.0,7462.0,0.0,0.0,0.0,0.0,0.0,0.0,0.0,0.0,0.0,359.0,0.0,0.0,0.0,0.0,3.0
2019-05-16T03:00:00.0,0.0,239.0,0.0,1488.0,7568.0,0.0,0.0,0.0,0.0,0.0,0.0,0.0,0.0,0.0,361.0,0.0,0.0,0.0,0.0,3.0
2019-05-16T04:00:00.0,0.0,250.0,0.0,1487.0,8523.0,0.0,0.0,0.0,0.0,0.0,0.0,0.0,0.0,0.0,358.0,0.0,0.0,0.0,0.0,3.0
2019-05-16T05:00:00.0,0.0,249.0,0.0,1486.0,11675.0,0.0,0.0,0.0,0.0,0.0,0.0,0.0,0.0,0.0,362.0,0.0,0.0,0.0,0.0,3.0
2019-05-16T06:00:00.0,0.0,243.0,0.0,1491.0,14261.0,0.0,0.0,0.0,0.0,0.0,0.0,0.0,0.0,0.0,357.0,0.0,0.0,0.0,0.0,3.0
2019-05-16T07:00:00.0,0.0,231.0,0.0,1493.0,15330.0,0.0,0.0,0.0,0.0,0.0,0.0,0.0,0.0,0.0,362.0,0.0,0.0,0.0,0.0,3.0
2019-05-16T08:00:00.0,0.0,234.0,0.0,1495.0,14946.0,0.0,0.0,0.0,0.0,0.0,0.0,0.0,0.0,0.0,351.0,0.0,0.0,0.0,0.0,3.0
2019-05-16T09:00:00.0,0.0,237.0,0.0,1516.0,14157.0,0.0,0.0,0.0,0.0,0.0,0.0,0.0,0.0,0.0,357.0,0.0,0.0,0.0,0.0,3.0
2019-05-16T10:00:00.0,0.0,235.0,0.0,1517.0,13328.0,0.0,0.0,0.0,0.0,0.0,0.0,0.0,0.0,0.0,358.0,0.0,0.0,0.0,0.0,3.0
2019-05-16T11:00:00.0,0.0,245.0,0.0,1520.0,12301.0,0.0,0.0,0.0,0.0,0.0,0.0,0.0,0.0,0.0,350.0,0.0,0.0,0.0,0.0,3.0
2019-05-16T12:00:00.0,0.0,223.0,0.0,1521.0,11429.0,0.0,0.0,0.0,0.0,0.0,0.0,0.0,0.0,0.0,348.0,0.0,0.0,0.0,0.0,3.0
2019-05-16T13:00:00.0,0.0,204.0,0.0,1520.0,10572.0,0.0,0.0,0.0,0.0,0.0,0.0,0.0,0.0,0.0,348.0,0.0,0.0,0.0,0.0,3.0
2019-05-16T14:00:00.0,0.0,225.0,0.0,1543.0,10249.0,0.0,0.0,0.0,0.0,0.0,0.0,0.0,0.0,0.0,340.0,0.0,0.0,0.0,0.0,3.0
2019-05-16T15:00:00.0,0.0,266.0,0.0,1545.0,10345.0,0.0,0.0,0.0,0.0,0.0,0.0,0.0,0.0,0.0,350.0,0.0,0.0,0.0,0.0,3.0
2019-05-16T16:00:00.0,0.0,259.0,0.0,1551.0,10895.0,0.0,0.0,0.0,0.0,0.0,0.0,0.0,0.0,0.0,355.0,0.0,0.0,0.0,0.0,3.0
2019-05-16T17:00:00.0,0.0,314.0,0.0,1565.0,10956.0,0.0,0.0,0.0,0.0,0.0,0.0,0.0,0.0,0.0,346.0,0.0,0.0,0.0,0.0,3.0
2019-05-16T18:00:00.0,0.0,275.0,0.0,1562.0,11415.0,0.0,0.0,0.0,0.0,0.0,0.0,0.0,0.0,0.0,343.0,0.0,0.0,0.0,0.0,3.0
2019-05-16T19:00:00.0,0.0,291.0,0.0,1560.0,11278.0,0.0,0.0,0.0,0.0,0.0,0.0,0.0,0.0,0.0,343.0,0.0,0.0,0.0,0.0,3.0
2019-05-16T20:00:00.0,0.0,310.0,0.0,1565.0,10678.0,0.0,0.0,0.0,0.0,0.0,0.0,0.0,0.0,0.0,343.0,0.0,0.0,0.0,0.0,3.0
2019-05-16T21:00:00.0,0.0,313.0,0.0,1566.0,9672.0,0.0,0.0,0.0,0.0,0.0,0.0,0.0,0.0,0.0,342.0,0.0,0.0,0.0,0.0,3.0
2019-05-16T22:00:00.0,0.0,332.0,0.0,1564.0,7725.0,0.0,0.0,0.0,0.0,0.0,0.0,0.0,0.0,0.0,358.0,0.0,0.0,0.0,0.0,3.0
2019-05-16T23:00:00.0,0.0,367.0,0.0,1597.0,7010.0,0.0,0.0,0.0,0.0,0.0,0.0,0.0,0.0,0.0,354.0,0.0,0.0,0.0,0.0,3.0
2019-05-17T00:00:00.0,0.0,379.0,0.0,1597.0,6306.0,0.0,0.0,0.0,0.0,0.0,0.0,0.0,0.0,0.0,347.0,0.0,0.0,0.0,0.0,3.0
2019-05-17T01:00:00.0,0.0,357.0,0.0,1592.0,6209.0,0.0,0.0,0.0,0.0,0.0,0.0,0.0,0.0,0.0,336.0,0.0,0.0,0.0,0.0,3.0
2019-05-17T02:00:00.0,0.0,375.0,0.0,1593.0,6115.0,0.0,0.0,0.0,0.0,0.0,0.0,0.0,0.0,0.0,342.0,0.0,0.0,0.0,0.0,3.0
2019-05-17T03:00:00.0,0.0,398.0,0.0,1592.0,6223.0,0.0,0.0,0.0,0.0,0.0,0.0,0.0,0.0,0.0,346.0,0.0,0.0,0.0,0.0,3.0
2019-05-17T04:00:00.0,0.0,386.0,0.0,1589.0,6938.0,0.0,0.0,0.0,0.0,0.0,0.0,0.0,0.0,0.0,349.0,0.0,0.0,0.0,0.0,3.0
2019-05-17T05:00:00.0,0.0,372.0,0.0,1588.0,9666.0,0.0,0.0,0.0,0.0,0.0,0.0,0.0,0.0,0.0,349.0,0.0,0.0,0.0,0.0,3.0
2019-05-17T06:00:00.0,0.0,331.0,0.0,1579.0,11132.0,0.0,0.0,0.0,0.0,0.0,0.0,0.0,0.0,0.0,358.0,0.0,0.0,0.0,0.0,3.0
2019-05-17T07:00:00.0,0.0,345.0,0.0,1564.0,11710.0,0.0,0.0,0.0,0.0,0.0,0.0,0.0,0.0,0.0,352.0,0.0,0.0,0.0,0.0,3.0
2019-05-17T08:00:00.0,0.0,399.0,0.0,1549.0,11586.0,0.0,0.0,0.0,0.0,0.0,0.0,0.0,0.0,0.0,354.0,0.0,0.0,0.0,0.0,3.0
2019-05-17T09:00:00.0,0.0,447.0,0.0,1539.0,11212.0,0.0,0.0,0.0,0.0,0.0,0.0,0.0,0.0,0.0,354.0,0.0,0.0,0.0,0.0,3.0
2019-05-17T10:00:00.0,0.0,471.0,0.0,1539.0,10447.0,0.0,0.0,0.0,0.0,0.0,0.0,0.0,0.0,0.0,355.0,0.0,0.0,0.0,0.0,3.0
2019-05-17T11:00:00.0,0.0,476.0,0.0,1540.0,10007.0,0.0,0.0,0.0,0.0,0.0,0.0,0.0,0.0,0.0,351.0,0.0,0.0,0.0,0.0,3.0
2019-05-17T12:00:00.0,0.0,470.0,0.0,1543.0,9815.0,0.0,0.0,0.0,0.0,0.0,0.0,0.0,0.0,0.0,350.0,0.0,0.0,0.0,0.0,3.0
2019-05-17T13:00:00.0,0.0,506.0,0.0,1539.0,8889.0,0.0,0.0,0.0,0.0,0.0,0.0,0.0,0.0,0.0,360.0,0.0,0.0,0.0,0.0,3.0
2019-05-17T14:00:00.0,0.0,490.0,0.0,1546.0,8534.0,0.0,0.0,0.0,0.0,0.0,0.0,0.0,0.0,0.0,354.0,0.0,0.0,0.0,0.0,3.0
2019-05-17T15:00:00.0,0.0,438.0,0.0,1551.0,8960.0,0.0,0.0,0.0,0.0,0.0,0.0,0.0,0.0,0.0,354.0,0.0,0.0,0.0,0.0,3.0
2019-05-17T16:00:00.0,0.0,449.0,0.0,1562.0,9836.0,0.0,0.0,0.0,0.0,0.0,0.0,0.0,0.0,0.0,342.0,0.0,0.0,0.0,0.0,3.0
2019-05-17T17:00:00.0,0.0,398.0,0.0,1571.0,10351.0,0.0,0.0,0.0,0.0,0.0,0.0,0.0,0.0,0.0,347.0,0.0,0.0,0.0,0.0,3.0
2019-05-17T18:00:00.0,0.0,369.0,0.0,1574.0,10777.0,0.0,0.0,0.0,0.0,0.0,0.0,0.0,0.0,0.0,353.0,0.0,0.0,0.0,0.0,3.0
2019-05-17T19:00:00.0,0.0,401.0,0.0,1579.0,10993.0,0.0,0.0,0.0,0.0,0.0,0.0,0.0,0.0,0.0,349.0,0.0,0.0,0.0,0.0,3.0
2019-05-17T20:00:00.0,0.0,452.0,0.0,1580.0,11096.0,0.0,0.0,0.0,0.0,0.0,0.0,0.0,0.0,0.0,353.0,0.0,0.0,0.0,0.0,3.0
2019-05-17T21:00:00.0,0.0,429.0,0.0,1574.0,10659.0,0.0,0.0,0.0,0.0,0.0,0.0,0.0,0.0,0.0,351.0,0.0,0.0,0.0,0.0,3.0
2019-05-17T22:00:00.0,0.0,438.0,0.0,1573.0,10075.0,0.0,0.0,0.0,0.0,0.0,0.0,0.0,0.0,0.0,349.0,0.0,0.0,0.0,0.0,3.0
2019-05-17T23:00:00.0,0.0,456.0,0.0,1572.0,8719.0,0.0,0.0,0.0,0.0,0.0,0.0,0.0,0.0,0.0,352.0,0.0,0.0,0.0,0.0,6.0
2019-05-18T00:00:00.0,0.0,516.0,0.0,1569.0,7631.0,0.0,0.0,0.0,0.0,0.0,0.0,0.0,0.0,0.0,348.0,0.0,0.0,0.0,0.0,6.0
2019-05-18T01:00:00.0,0.0,559.0,0.0,1571.0,6787.0,0.0,0.0,0.0,0.0,0.0,0.0,0.0,0.0,0.0,352.0,0.0,0.0,0.0,0.0,6.0
2019-05-18T02:00:00.0,0.0,578.0,0.0,1568.0,6499.0,0.0,0.0,0.0,0.0,0.0,0.0,0.0,0.0,0.0,355.0,0.0,0.0,0.0,0.0,6.0
2019-05-18T03:00:00.0,0.0,506.0,0.0,1565.0,6710.0,0.0,0.0,0.0,0.0,0.0,0.0,0.0,0.0,0.0,353.0,0.0,0.0,0.0,0.0,6.0
2019-05-18T04:00:00.0,0.0,597.0,0.0,1561.0,6621.0,0.0,0.0,0.0,0.0,0.0,0.0,0.0,0.0,0.0,339.0,0.0,0.0,0.0,0.0,6.0
2019-05-18T05:00:00.0,0.0,560.0,0.0,1566.0,6814.0,0.0,0.0,0.0,0.0,0.0,0.0,0.0,0.0,0.0,339.0,0.0,0.0,0.0,0.0,6.0
2019-05-18T06:00:00.0,0.0,520.0,0.0,1556.0,7806.0,0.0,0.0,0.0,0.0,0.0,0.0,0.0,0.0,0.0,341.0,0.0,0.0,0.0,0.0,6.0
2019-05-18T07:00:00.0,0.0,517.0,0.0,1544.0,9175.0,0.0,0.0,0.0,0.0,0.0,0.0,0.0,0.0,0.0,342.0,0.0,0.0,0.0,0.0,6.0
2019-05-18T08:00:00.0,0.0,514.0,0.0,1540.0,9549.0,0.0,0.0,0.0,0.0,0.0,0.0,0.0,0.0,0.0,346.0,0.0,0.0,0.0,0.0,6.0
2019-05-18T09:00:00.0,0.0,475.0,0.0,1539.0,9417.0,0.0,0.0,0.0,0.0,0.0,0.0,0.0,0.0,0.0,343.0,0.0,0.0,0.0,0.0,6.0
2019-05-18T10:00:00.0,0.0,508.0,0.0,1546.0,8977.0,0.0,0.0,0.0,0.0,0.0,0.0,0.0,0.0,0.0,350.0,0.0,0.0,0.0,0.0,6.0
2019-05-18T11:00:00.0,0.0,521.0,0.0,1544.0,8818.0,0.0,0.0,0.0,0.0,0.0,0.0,0.0,0.0,0.0,347.0,0.0,0.0,0.0,0.0,6.0
2019-05-18T12:00:00.0,0.0,567.0,0.0,1555.0,8374.0,0.0,0.0,0.0,0.0,0.0,0.0,0.0,0.0,0.0,339.0,0.0,0.0,0.0,0.0,6.0
2019-05-18T13:00:00.0,0.0,534.0,0.0,1562.0,8119.0,0.0,0.0,0.0,0.0,0.0,0.0,0.0,0.0,0.0,350.0,0.0,0.0,0.0,0.0,6.0
2019-05-18T14:00:00.0,0.0,495.0,0.0,1569.0,7859.0,0.0,0.0,0.0,0.0,0.0,0.0,0.0,0.0,0.0,347.0,0.0,0.0,0.0,0.0,6.0
2019-05-18T15:00:00.0,0.0,474.0,0.0,1570.0,7899.0,0.0,0.0,0.0,0.0,0.0,0.0,0.0,0.0,0.0,350.0,0.0,0.0,0.0,0.0,8.0
2019-05-18T16:00:00.0,0.0,499.0,0.0,1573.0,8992.0,0.0,0.0,0.0,0.0,0.0,0.0,0.0,0.0,0.0,351.0,0.0,0.0,0.0,0.0,8.0
2019-05-18T17:00:00.0,0.0,492.0,0.0,1571.0,10609.0,0.0,0.0,0.0,0.0,0.0,0.0,0.0,0.0,0.0,350.0,0.0,0.0,0.0,0.0,8.0
2019-05-18T18:00:00.0,0.0,473.0,0.0,1584.0,11271.0,0.0,0.0,0.0,0.0,0.0,0.0,0.0,0.0,0.0,347.0,0.0,0.0,0.0,0.0,8.0
2019-05-18T19:00:00.0,0.0,493.0,0.0,1572.0,11442.0,0.0,0.0,0.0,0.0,0.0,0.0,0.0,0.0,0.0,349.0,0.0,0.0,0.0,0.0,8.0
2019-05-18T20:00:00.0,0.0,493.0,0.0,1572.0,11410.0,0.0,0.0,0.0,0.0,0.0,0.0,0.0,0.0,0.0,349.0,0.0,0.0,0.0,0.0,8.0
2019-05-18T21:00:00.0,0.0,476.0,0.0,1564.0,11038.0,0.0,0.0,0.0,0.0,0.0,0.0,0.0,0.0,0.0,346.0,0.0,0.0,0.0,0.0,8.0
2019-05-18T22:00:00.0,0.0,482.0,0.0,1561.0,10398.0,0.0,0.0,0.0,0.0,0.0,0.0,0.0,0.0,0.0,351.0,0.0,0.0,0.0,0.0,9.0
2019-05-18T23:00:00.0,0.0,441.0,0.0,1578.0,9123.0,0.0,0.0,0.0,0.0,0.0,0.0,0.0,0.0,0.0,350.0,0.0,0.0,0.0,0.0,9.0
2019-05-19T00:00:00.0,0.0,479.0,0.0,1571.0,7578.0,0.0,0.0,0.0,0.0,0.0,0.0,0.0,0.0,0.0,343.0,0.0,0.0,0.0,0.0,9.0
2019-05-19T01:00:00.0,0.0,465.0,0.0,1566.0,6873.0,0.0,0.0,0.0,0.0,0.0,0.0,0.0,0.0,0.0,348.0,0.0,0.0,0.0,0.0,9.0
2019-05-19T02:00:00.0,0.0,420.0,0.0,1567.0,6353.0,0.0,0.0,0.0,0.0,0.0,0.0,0.0,0.0,0.0,346.0,0.0,0.0,0.0,0.0,9.0
2019-05-19T03:00:00.0,0.0,396.0,0.0,1564.0,6357.0,0.0,0.0,0.0,0.0,0.0,0.0,0.0,0.0,0.0,340.0,0.0,0.0,0.0,0.0,9.0
2019-05-19T04:00:00.0,0.0,261.0,0.0,1573.0,6422.0,0.0,0.0,0.0,0.0,0.0,0.0,0.0,0.0,0.0,341.0,0.0,0.0,0.0,0.0,9.0
2019-05-19T05:00:00.0,0.0,215.0,0.0,1558.0,6726.0,0.0,0.0,0.0,0.0,0.0,0.0,0.0,0.0,0.0,340.0,0.0,0.0,0.0,0.0,9.0
2019-05-19T06:00:00.0,0.0,193.0,0.0,1577.0,7557.0,0.0,0.0,0.0,0.0,0.0,0.0,0.0,0.0,0.0,341.0,0.0,0.0,0.0,0.0,9.0
2019-05-19T07:00:00.0,0.0,171.0,0.0,1570.0,8361.0,0.0,0.0,0.0,0.0,0.0,0.0,0.0,0.0,0.0,345.0,0.0,0.0,0.0,0.0,9.0
2019-05-19T08:00:00.0,0.0,152.0,0.0,1571.0,9059.0,0.0,0.0,0.0,0.0,0.0,0.0,0.0,0.0,0.0,343.0,0.0,0.0,0.0,0.0,9.0
2019-05-19T09:00:00.0,0.0,123.0,0.0,1574.0,9310.0,0.0,0.0,0.0,0.0,0.0,0.0,0.0,0.0,0.0,346.0,0.0,0.0,0.0,0.0,9.0
2019-05-19T10:00:00.0,0.0,141.0,0.0,1572.0,9913.0,0.0,0.0,0.0,0.0,0.0,0.0,0.0,0.0,0.0,345.0,0.0,0.0,0.0,0.0,9.0
2019-05-19T11:00:00.0,0.0,154.0,0.0,1579.0,9882.0,0.0,0.0,0.0,0.0,0.0,0.0,0.0,0.0,0.0,341.0,0.0,0.0,0.0,0.0,9.0
2019-05-19T12:00:00.0,0.0,178.0,0.0,1580.0,9358.0,0.0,0.0,0.0,0.0,0.0,0.0,0.0,0.0,0.0,341.0,0.0,0.0,0.0,0.0,9.0
2019-05-19T13:00:00.0,0.0,162.0,0.0,1580.0,9199.0,0.0,0.0,0.0,0.0,0.0,0.0,0.0,0.0,0.0,341.0,0.0,0.0,0.0,0.0,9.0
2019-05-19T14:00:00.0,0.0,182.0,0.0,1601.0,9239.0,0.0,0.0,0.0,0.0,0.0,0.0,0.0,0.0,0.0,341.0,0.0,0.0,0.0,0.0,9.0
2019-05-19T15:00:00.0,0.0,211.0,0.0,1622.0,9427.0,0.0,0.0,0.0,0.0,0.0,0.0,0.0,0.0,0.0,339.0,0.0,0.0,0.0,0.0,9.0
2019-05-19T16:00:00.0,0.0,222.0,0.0,1634.0,9649.0,0.0,0.0,0.0,0.0,0.0,0.0,0.0,0.0,0.0,338.0,0.0,0.0,0.0,0.0,7.0
2019-05-19T17:00:00.0,0.0,197.0,0.0,1644.0,10275.0,0.0,0.0,0.0,0.0,0.0,0.0,0.0,0.0,0.0,360.0,0.0,0.0,0.0,0.0,7.0
2019-05-19T18:00:00.0,0.0,215.0,0.0,1648.0,11941.0,0.0,0.0,0.0,0.0,0.0,0.0,0.0,0.0,0.0,357.0,0.0,0.0,0.0,0.0,6.0
2019-05-19T19:00:00.0,0.0,179.0,0.0,1654.0,12266.0,0.0,0.0,0.0,0.0,0.0,0.0,0.0,0.0,0.0,359.0,0.0,0.0,0.0,0.0,6.0
2019-05-19T20:00:00.0,0.0,186.0,0.0,1656.0,12049.0,0.0,0.0,0.0,0.0,0.0,0.0,0.0,0.0,0.0,338.0,0.0,0.0,0.0,0.0,7.0
2019-05-19T21:00:00.0,0.0,156.0,0.0,1659.0,12047.0,0.0,0.0,0.0,0.0,0.0,0.0,0.0,0.0,0.0,340.0,0.0,0.0,0.0,0.0,7.0
2019-05-19T22:00:00.0,0.0,203.0,0.0,1655.0,10422.0,0.0,0.0,0.0,0.0,0.0,0.0,0.0,0.0,0.0,338.0,0.0,0.0,0.0,0.0,7.0
2019-05-19T23:00:00.0,0.0,202.0,0.0,1605.0,8719.0,0.0,0.0,0.0,0.0,0.0,0.0,0.0,0.0,0.0,347.0,0.0,0.0,0.0,0.0,7.0
2019-05-20T00:00:00.0,0.0,214.0,0.0,1609.0,7578.0,0.0,0.0,0.0,0.0,0.0,0.0,0.0,0.0,0.0,348.0,0.0,0.0,0.0,0.0,7.0
2019-05-20T01:00:00.0,0.0,196.0,0.0,1606.0,7409.0,0.0,0.0,0.0,0.0,0.0,0.0,0.0,0.0,0.0,343.0,0.0,0.0,0.0,0.0,7.0
2019-05-20T02:00:00.0,0.0,264.0,0.0,1608.0,7410.0,0.0,0.0,0.0,0.0,0.0,0.0,0.0,0.0,0.0,342.0,0.0,0.0,0.0,0.0,7.0
2019-05-20T03:00:00.0,0.0,229.0,0.0,1605.0,7612.0,0.0,0.0,0.0,0.0,0.0,0.0,0.0,0.0,0.0,342.0,0.0,0.0,0.0,0.0,7.0
2019-05-20T04:00:00.0,0.0,236.0,0.0,1604.0,8942.0,0.0,0.0,0.0,0.0,0.0,0.0,0.0,0.0,0.0,344.0,0.0,0.0,0.0,0.0,7.0
2019-05-20T05:00:00.0,0.0,221.0,0.0,1609.0,13272.0,0.0,0.0,0.0,0.0,0.0,0.0,0.0,0.0,0.0,366.0,0.0,0.0,0.0,0.0,7.0
2019-05-20T06:00:00.0,0.0,196.0,0.0,1614.0,14662.0,0.0,0.0,0.0,0.0,0.0,0.0,0.0,0.0,0.0,368.0,0.0,0.0,0.0,0.0,7.0
2019-05-20T07:00:00.0,0.0,169.0,0.0,1606.0,15664.0,0.0,0.0,0.0,0.0,0.0,0.0,0.0,0.0,0.0,360.0,0.0,0.0,0.0,0.0,7.0
2019-05-20T08:00:00.0,0.0,144.0,0.0,1611.0,15821.0,0.0,0.0,0.0,0.0,0.0,0.0,0.0,0.0,0.0,345.0,0.0,0.0,0.0,0.0,7.0
2019-05-20T09:00:00.0,0.0,137.0,0.0,1619.0,15802.0,0.0,0.0,0.0,0.0,0.0,0.0,0.0,0.0,0.0,344.0,0.0,0.0,0.0,0.0,7.0
2019-05-20T10:00:00.0,0.0,136.0,0.0,1621.0,15496.0,0.0,0.0,0.0,0.0,0.0,0.0,0.0,0.0,0.0,347.0,0.0,0.0,0.0,0.0,7.0
2019-05-20T11:00:00.0,0.0,153.0,0.0,1624.0,15627.0,0.0,0.0,0.0,0.0,0.0,0.0,0.0,0.0,0.0,344.0,0.0,0.0,0.0,0.0,7.0
2019-05-20T12:00:00.0,0.0,163.0,0.0,1643.0,15539.0,0.0,0.0,0.0,0.0,0.0,0.0,0.0,0.0,0.0,348.0,0.0,0.0,0.0,0.0,7.0
2019-05-20T13:00:00.0,0.0,179.0,0.0,1646.0,15292.0,0.0,0.0,0.0,0.0,0.0,0.0,0.0,0.0,0.0,344.0,0.0,0.0,0.0,0.0,7.0
2019-05-20T14:00:00.0,0.0,205.0,0.0,1643.0,15250.0,0.0,0.0,0.0,0.0,0.0,0.0,0.0,0.0,0.0,348.0,0.0,0.0,0.0,0.0,7.0
2019-05-20T15:00:00.0,0.0,207.0,0.0,1648.0,15144.0,0.0,0.0,0.0,0.0,0.0,0.0,0.0,0.0,0.0,347.0,0.0,0.0,0.0,0.0,7.0
2019-05-20T16:00:00.0,0.0,225.0,0.0,1660.0,15477.0,0.0,0.0,0.0,0.0,0.0,0.0,0.0,0.0,0.0,347.0,0.0,0.0,0.0,0.0,7.0
2019-05-20T17:00:00.0,0.0,225.0,0.0,1658.0,15154.0,0.0,0.0,0.0,0.0,0.0,0.0,0.0,0.0,0.0,352.0,0.0,0.0,0.0,0.0,6.0
2019-05-20T18:00:00.0,0.0,225.0,0.0,1666.0,15074.0,0.0,0.0,0.0,0.0,0.0,0.0,0.0,0.0,0.0,354.0,0.0,0.0,0.0,0.0,6.0
2019-05-20T19:00:00.0,0.0,237.0,0.0,1680.0,14701.0,0.0,0.0,0.0,0.0,0.0,0.0,0.0,0.0,0.0,355.0,0.0,0.0,0.0,0.0,6.0
2019-05-20T20:00:00.0,0.0,235.0,0.0,1676.0,14278.0,0.0,0.0,0.0,0.0,0.0,0.0,0.0,0.0,0.0,353.0,0.0,0.0,0.0,0.0,6.0
2019-05-20T21:00:00.0,0.0,249.0,0.0,1677.0,13324.0,0.0,0.0,0.0,0.0,0.0,0.0,0.0,0.0,0.0,356.0,0.0,0.0,0.0,0.0,6.0
2019-05-20T22:00:00.0,0.0,328.0,0.0,1666.0,10134.0,0.0,0.0,0.0,0.0,0.0,0.0,0.0,0.0,0.0,359.0,0.0,0.0,0.0,0.0,6.0
2019-05-20T23:00:00.0,0.0,199.0,0.0,1663.0,8597.0,0.0,0.0,0.0,0.0,0.0,0.0,0.0,0.0,0.0,362.0,0.0,0.0,0.0,0.0,3.0
2019-05-21T00:00:00.0,0.0,236.0,0.0,1661.0,7940.0,0.0,0.0,0.0,0.0,0.0,0.0,0.0,0.0,0.0,359.0,0.0,0.0,0.0,0.0,3.0
2019-05-21T01:00:00.0,0.0,184.0,0.0,1658.0,7628.0,0.0,0.0,0.0,0.0,0.0,0.0,0.0,0.0,0.0,355.0,0.0,0.0,0.0,0.0,3.0
2019-05-21T02:00:00.0,0.0,138.0,0.0,1657.0,7417.0,0.0,0.0,0.0,0.0,0.0,0.0,0.0,0.0,0.0,357.0,0.0,0.0,0.0,0.0,3.0
2019-05-21T03:00:00.0,0.0,161.0,0.0,1652.0,7638.0,0.0,0.0,0.0,0.0,0.0,0.0,0.0,0.0,0.0,355.0,0.0,0.0,0.0,0.0,3.0
2019-05-21T04:00:00.0,0.0,217.0,0.0,1652.0,8230.0,0.0,0.0,0.0,0.0,0.0,0.0,0.0,0.0,0.0,357.0,0.0,0.0,0.0,0.0,3.0
2019-05-21T05:00:00.0,0.0,170.0,0.0,1659.0,11684.0,0.0,0.0,0.0,0.0,0.0,0.0,0.0,0.0,0.0,358.0,0.0,0.0,0.0,0.0,3.0
2019-05-21T06:00:00.0,0.0,124.0,0.0,1663.0,14322.0,0.0,0.0,0.0,0.0,0.0,0.0,0.0,0.0,0.0,356.0,0.0,0.0,0.0,0.0,3.0
2019-05-21T07:00:00.0,0.0,125.0,0.0,1666.0,14931.0,0.0,0.0,0.0,0.0,0.0,0.0,0.0,0.0,0.0,353.0,0.0,0.0,0.0,0.0,3.0
2019-05-21T08:00:00.0,0.0,131.0,0.0,1660.0,14999.0,0.0,0.0,0.0,0.0,0.0,0.0,0.0,0.0,0.0,349.0,0.0,0.0,0.0,0.0,3.0
2019-05-21T09:00:00.0,0.0,128.0,0.0,1655.0,14967.0,0.0,0.0,0.0,0.0,0.0,0.0,0.0,0.0,0.0,352.0,0.0,0.0,0.0,0.0,3.0
2019-05-21T10:00:00.0,0.0,134.0,0.0,1657.0,14874.0,0.0,0.0,0.0,0.0,0.0,0.0,0.0,0.0,0.0,355.0,0.0,0.0,0.0,0.0,3.0
2019-05-21T11:00:00.0,0.0,134.0,0.0,1659.0,14733.0,0.0,0.0,0.0,0.0,0.0,0.0,0.0,0.0,0.0,357.0,0.0,0.0,0.0,0.0,3.0
2019-05-21T12:00:00.0,0.0,154.0,0.0,1672.0,14731.0,0.0,0.0,0.0,0.0,0.0,0.0,0.0,0.0,0.0,358.0,0.0,0.0,0.0,0.0,3.0
2019-05-21T13:00:00.0,0.0,155.0,0.0,1672.0,14486.0,0.0,0.0,0.0,0.0,0.0,0.0,0.0,0.0,0.0,352.0,0.0,0.0,0.0,0.0,3.0
2019-05-21T14:00:00.0,0.0,150.0,0.0,1675.0,13923.0,0.0,0.0,0.0,0.0,0.0,0.0,0.0,0.0,0.0,354.0,0.0,0.0,0.0,0.0,3.0
2019-05-21T15:00:00.0,0.0,163.0,0.0,1677.0,13003.0,0.0,0.0,0.0,0.0,0.0,0.0,0.0,0.0,0.0,345.0,0.0,0.0,0.0,0.0,3.0
2019-05-21T16:00:00.0,0.0,219.0,0.0,1684.0,13441.0,0.0,0.0,0.0,0.0,0.0,0.0,0.0,0.0,0.0,342.0,0.0,0.0,0.0,0.0,3.0
2019-05-21T17:00:00.0,0.0,189.0,0.0,1689.0,13944.0,0.0,0.0,0.0,0.0,0.0,0.0,0.0,0.0,0.0,351.0,0.0,0.0,0.0,0.0,3.0
2019-05-21T18:00:00.0,0.0,239.0,0.0,1688.0,13905.0,0.0,0.0,0.0,0.0,0.0,0.0,0.0,0.0,0.0,351.0,0.0,0.0,0.0,0.0,3.0
2019-05-21T19:00:00.0,0.0,195.0,0.0,1687.0,13259.0,0.0,0.0,0.0,0.0,0.0,0.0,0.0,0.0,0.0,353.0,0.0,0.0,0.0,0.0,3.0
2019-05-21T20:00:00.0,0.0,226.0,0.0,1683.0,12454.0,0.0,0.0,0.0,0.0,0.0,0.0,0.0,0.0,0.0,356.0,0.0,0.0,0.0,0.0,3.0
2019-05-21T21:00:00.0,0.0,291.0,0.0,1681.0,11070.0,0.0,0.0,0.0,0.0,0.0,0.0,0.0,0.0,0.0,350.0,0.0,0.0,0.0,0.0,3.0
2019-05-21T22:00:00.0,0.0,269.0,0.0,1675.0,8529.0,0.0,0.0,0.0,0.0,0.0,0.0,0.0,0.0,0.0,352.0,0.0,0.0,0.0,0.0,3.0
2019-05-21T23:00:00.0,0.0,260.0,0.0,1675.0,7826.0,0.0,0.0,0.0,0.0,0.0,0.0,0.0,0.0,0.0,345.0,0.0,0.0,0.0,0.0,3.0
2019-05-22T00:00:00.0,0.0,311.0,0.0,1675.0,7562.0,0.0,0.0,0.0,0.0,0.0,0.0,0.0,0.0,0.0,343.0,0.0,0.0,0.0,0.0,3.0
2019-05-22T01:00:00.0,0.0,257.0,0.0,1670.0,7163.0,0.0,0.0,0.0,0.0,0.0,0.0,0.0,0.0,0.0,344.0,0.0,0.0,0.0,0.0,3.0
2019-05-22T02:00:00.0,0.0,263.0,0.0,1674.0,7052.0,0.0,0.0,0.0,0.0,0.0,0.0,0.0,0.0,0.0,344.0,0.0,0.0,0.0,0.0,3.0
2019-05-22T03:00:00.0,0.0,335.0,0.0,1673.0,7082.0,0.0,0.0,0.0,0.0,0.0,0.0,0.0,0.0,0.0,340.0,0.0,0.0,0.0,0.0,3.0
2019-05-22T04:00:00.0,0.0,360.0,0.0,1671.0,7503.0,0.0,0.0,0.0,0.0,0.0,0.0,0.0,0.0,0.0,345.0,0.0,0.0,0.0,0.0,3.0
2019-05-22T05:00:00.0,0.0,377.0,0.0,1682.0,10285.0,0.0,0.0,0.0,0.0,0.0,0.0,0.0,0.0,0.0,346.0,0.0,0.0,0.0,0.0,3.0
2019-05-22T06:00:00.0,0.0,310.0,0.0,1688.0,13565.0,0.0,0.0,0.0,0.0,0.0,0.0,0.0,0.0,0.0,343.0,0.0,0.0,0.0,0.0,3.0
2019-05-22T07:00:00.0,0.0,306.0,0.0,1694.0,14635.0,0.0,0.0,0.0,0.0,0.0,0.0,0.0,0.0,0.0,342.0,0.0,0.0,0.0,0.0,3.0
2019-05-22T08:00:00.0,0.0,352.0,0.0,1697.0,14576.0,0.0,0.0,0.0,0.0,0.0,0.0,0.0,0.0,0.0,342.0,0.0,0.0,0.0,0.0,3.0
2019-05-22T09:00:00.0,0.0,329.0,0.0,1707.0,14400.0,0.0,0.0,0.0,0.0,0.0,0.0,0.0,0.0,0.0,340.0,0.0,0.0,0.0,0.0,3.0
2019-05-22T10:00:00.0,0.0,317.0,0.0,1717.0,13922.0,0.0,0.0,0.0,0.0,0.0,0.0,0.0,0.0,0.0,340.0,0.0,0.0,0.0,0.0,3.0
2019-05-22T11:00:00.0,0.0,334.0,0.0,1718.0,13177.0,0.0,0.0,0.0,0.0,0.0,0.0,0.0,0.0,0.0,342.0,0.0,0.0,0.0,0.0,3.0
2019-05-22T12:00:00.0,0.0,343.0,0.0,1719.0,12901.0,0.0,0.0,0.0,0.0,0.0,0.0,0.0,0.0,0.0,339.0,0.0,0.0,0.0,0.0,3.0
2019-05-22T13:00:00.0,0.0,410.0,0.0,1715.0,11917.0,0.0,0.0,0.0,0.0,0.0,0.0,0.0,0.0,0.0,342.0,0.0,0.0,0.0,0.0,3.0
2019-05-22T14:00:00.0,0.0,405.0,0.0,1712.0,11186.0,0.0,0.0,0.0,0.0,0.0,0.0,0.0,0.0,0.0,344.0,0.0,0.0,0.0,0.0,3.0
2019-05-22T15:00:00.0,0.0,413.0,0.0,1714.0,11329.0,0.0,0.0,0.0,0.0,0.0,0.0,0.0,0.0,0.0,334.0,0.0,0.0,0.0,0.0,3.0
2019-05-22T16:00:00.0,0.0,416.0,0.0,1722.0,12181.0,0.0,0.0,0.0,0.0,0.0,0.0,0.0,0.0,0.0,334.0,0.0,0.0,0.0,0.0,4.0
2019-05-22T17:00:00.0,0.0,422.0,0.0,1723.0,13415.0,0.0,0.0,0.0,0.0,0.0,0.0,0.0,0.0,0.0,336.0,0.0,0.0,0.0,0.0,4.0
2019-05-22T18:00:00.0,0.0,345.0,0.0,1722.0,14229.0,0.0,0.0,0.0,0.0,0.0,0.0,0.0,0.0,0.0,336.0,0.0,0.0,0.0,0.0,4.0
2019-05-22T19:00:00.0,0.0,331.0,0.0,1722.0,13769.0,0.0,0.0,0.0,0.0,0.0,0.0,0.0,0.0,0.0,340.0,0.0,0.0,0.0,0.0,4.0
2019-05-22T20:00:00.0,0.0,403.0,0.0,1721.0,13623.0,0.0,0.0,0.0,0.0,0.0,0.0,0.0,0.0,0.0,341.0,0.0,0.0,0.0,0.0,4.0
2019-05-22T21:00:00.0,0.0,473.0,0.0,1712.0,12812.0,0.0,0.0,0.0,0.0,0.0,0.0,0.0,0.0,0.0,343.0,0.0,0.0,0.0,0.0,4.0
2019-05-22T22:00:00.0,0.0,470.0,0.0,1705.0,11614.0,0.0,0.0,0.0,0.0,0.0,0.0,0.0,0.0,0.0,344.0,0.0,0.0,0.0,0.0,4.0
2019-05-22T23:00:00.0,0.0,500.0,0.0,1716.0,9286.0,0.0,0.0,0.0,0.0,0.0,0.0,0.0,0.0,0.0,341.0,0.0,0.0,0.0,0.0,4.0
2019-05-23T00:00:00.0,0.0,452.0,0.0,1714.0,8868.0,0.0,0.0,0.0,0.0,0.0,0.0,0.0,0.0,0.0,350.0,0.0,0.0,0.0,0.0,4.0
2019-05-23T01:00:00.0,0.0,573.0,0.0,1715.0,8254.0,0.0,0.0,0.0,0.0,0.0,0.0,0.0,0.0,0.0,353.0,0.0,0.0,0.0,0.0,4.0
2019-05-23T02:00:00.0,0.0,582.0,0.0,1715.0,8122.0,0.0,0.0,0.0,0.0,0.0,0.0,0.0,0.0,0.0,349.0,0.0,0.0,0.0,0.0,5.0
2019-05-23T03:00:00.0,0.0,502.0,0.0,1714.0,8284.0,0.0,0.0,0.0,0.0,0.0,0.0,0.0,0.0,0.0,352.0,0.0,0.0,0.0,0.0,5.0
2019-05-23T04:00:00.0,0.0,611.0,0.0,1716.0,8910.0,0.0,0.0,0.0,0.0,0.0,0.0,0.0,0.0,0.0,353.0,0.0,0.0,0.0,0.0,5.0
2019-05-23T05:00:00.0,0.0,539.0,0.0,1717.0,12045.0,0.0,0.0,0.0,0.0,0.0,0.0,0.0,0.0,0.0,353.0,0.0,0.0,0.0,0.0,5.0
2019-05-23T06:00:00.0,0.0,583.0,0.0,1719.0,14019.0,0.0,0.0,0.0,0.0,0.0,0.0,0.0,0.0,0.0,350.0,0.0,0.0,0.0,0.0,5.0
2019-05-23T07:00:00.0,0.0,599.0,0.0,1727.0,13940.0,0.0,0.0,0.0,0.0,0.0,0.0,0.0,0.0,0.0,357.0,0.0,0.0,0.0,0.0,5.0
2019-05-23T08:00:00.0,0.0,613.0,0.0,1743.0,12947.0,0.0,0.0,0.0,0.0,0.0,0.0,0.0,0.0,0.0,349.0,0.0,0.0,0.0,0.0,5.0
2019-05-23T09:00:00.0,0.0,596.0,0.0,1744.0,11849.0,0.0,0.0,0.0,0.0,0.0,0.0,0.0,0.0,0.0,357.0,0.0,0.0,0.0,0.0,5.0
2019-05-23T10:00:00.0,0.0,505.0,0.0,1749.0,11868.0,0.0,0.0,0.0,0.0,0.0,0.0,0.0,0.0,0.0,353.0,0.0,0.0,0.0,0.0,5.0
2019-05-23T11:00:00.0,0.0,513.0,0.0,1759.0,11693.0,0.0,0.0,0.0,0.0,0.0,0.0,0.0,0.0,0.0,357.0,0.0,0.0,0.0,0.0,5.0
2019-05-23T12:00:00.0,0.0,529.0,0.0,1760.0,11764.0,0.0,0.0,0.0,0.0,0.0,0.0,0.0,0.0,0.0,353.0,0.0,0.0,0.0,0.0,5.0
2019-05-23T13:00:00.0,0.0,556.0,0.0,1759.0,11696.0,0.0,0.0,0.0,0.0,0.0,0.0,0.0,0.0,0.0,359.0,0.0,0.0,0.0,0.0,5.0
2019-05-23T14:00:00.0,0.0,580.0,0.0,1757.0,12053.0,0.0,0.0,0.0,0.0,0.0,0.0,0.0,0.0,0.0,354.0,0.0,0.0,0.0,0.0,5.0
2019-05-23T15:00:00.0,0.0,600.0,0.0,1760.0,12417.0,0.0,0.0,0.0,0.0,0.0,0.0,0.0,0.0,0.0,346.0,0.0,0.0,0.0,0.0,5.0
2019-05-23T16:00:00.0,0.0,618.0,0.0,1763.0,13914.0,0.0,0.0,0.0,0.0,0.0,0.0,0.0,0.0,0.0,356.0,0.0,0.0,0.0,0.0,5.0
2019-05-23T17:00:00.0,0.0,681.0,0.0,1759.0,14242.0,0.0,0.0,0.0,0.0,0.0,0.0,0.0,0.0,0.0,354.0,0.0,0.0,0.0,0.0,5.0
2019-05-23T18:00:00.0,0.0,634.0,0.0,1764.0,14380.0,0.0,0.0,0.0,0.0,0.0,0.0,0.0,0.0,0.0,357.0,0.0,0.0,0.0,0.0,5.0
2019-05-23T19:00:00.0,0.0,534.0,0.0,1766.0,14137.0,0.0,0.0,0.0,0.0,0.0,0.0,0.0,0.0,0.0,351.0,0.0,0.0,0.0,0.0,5.0
2019-05-23T20:00:00.0,0.0,575.0,0.0,1768.0,14019.0,0.0,0.0,0.0,0.0,0.0,0.0,0.0,0.0,0.0,354.0,0.0,0.0,0.0,0.0,5.0
2019-05-23T21:00:00.0,0.0,501.0,0.0,1769.0,13342.0,0.0,0.0,0.0,0.0,0.0,0.0,0.0,0.0,0.0,354.0,0.0,0.0,0.0,0.0,5.0
2019-05-23T22:00:00.0,0.0,477.0,0.0,1764.0,12330.0,0.0,0.0,0.0,0.0,0.0,0.0,0.0,0.0,0.0,351.0,0.0,0.0,0.0,0.0,4.0
2019-05-23T23:00:00.0,0.0,502.0,0.0,1787.0,10574.0,0.0,0.0,0.0,0.0,0.0,0.0,0.0,0.0,0.0,351.0,0.0,0.0,0.0,0.0,5.0
2019-05-24T00:00:00.0,0.0,413.0,0.0,1784.0,9184.0,0.0,0.0,0.0,0.0,0.0,0.0,0.0,0.0,0.0,355.0,0.0,0.0,0.0,0.0,5.0
2019-05-24T01:00:00.0,0.0,442.0,0.0,1783.0,9055.0,0.0,0.0,0.0,0.0,0.0,0.0,0.0,0.0,0.0,354.0,0.0,0.0,0.0,0.0,5.0
2019-05-24T02:00:00.0,0.0,333.0,0.0,1783.0,8891.0,0.0,0.0,0.0,0.0,0.0,0.0,0.0,0.0,0.0,352.0,0.0,0.0,0.0,0.0,5.0
2019-05-24T03:00:00.0,0.0,256.0,0.0,1781.0,9133.0,0.0,0.0,0.0,0.0,0.0,0.0,0.0,0.0,0.0,355.0,0.0,0.0,0.0,0.0,4.0
2019-05-24T04:00:00.0,0.0,215.0,0.0,1781.0,10123.0,0.0,0.0,0.0,0.0,0.0,0.0,0.0,0.0,0.0,352.0,0.0,0.0,0.0,0.0,4.0
2019-05-24T05:00:00.0,0.0,124.0,0.0,1781.0,12954.0,0.0,0.0,0.0,0.0,0.0,0.0,0.0,0.0,0.0,354.0,0.0,0.0,0.0,0.0,4.0
2019-05-24T06:00:00.0,0.0,123.0,0.0,1785.0,14825.0,0.0,0.0,0.0,0.0,0.0,0.0,0.0,0.0,0.0,356.0,0.0,0.0,0.0,0.0,4.0
2019-05-24T07:00:00.0,0.0,119.0,0.0,1792.0,15536.0,0.0,0.0,0.0,0.0,0.0,0.0,0.0,0.0,0.0,355.0,0.0,0.0,0.0,0.0,4.0
2019-05-24T08:00:00.0,0.0,101.0,0.0,1789.0,15124.0,0.0,0.0,0.0,0.0,0.0,0.0,0.0,0.0,0.0,353.0,0.0,0.0,0.0,0.0,4.0
2019-05-24T09:00:00.0,0.0,131.0,0.0,1789.0,14051.0,0.0,0.0,0.0,0.0,0.0,0.0,0.0,0.0,0.0,357.0,0.0,0.0,0.0,0.0,4.0
2019-05-24T10:00:00.0,0.0,162.0,0.0,1790.0,12509.0,0.0,0.0,0.0,0.0,0.0,0.0,0.0,0.0,0.0,359.0,0.0,0.0,0.0,0.0,4.0
2019-05-24T11:00:00.0,0.0,225.0,0.0,1790.0,11142.0,0.0,0.0,0.0,0.0,0.0,0.0,0.0,0.0,0.0,363.0,0.0,0.0,0.0,0.0,4.0
2019-05-24T12:00:00.0,0.0,279.0,0.0,1790.0,9836.0,0.0,0.0,0.0,0.0,0.0,0.0,0.0,0.0,0.0,356.0,0.0,0.0,0.0,0.0,4.0
2019-05-24T13:00:00.0,0.0,312.0,0.0,1779.0,9648.0,0.0,0.0,0.0,0.0,0.0,0.0,0.0,0.0,0.0,356.0,0.0,0.0,0.0,0.0,4.0
2019-05-24T14:00:00.0,0.0,341.0,0.0,1783.0,9669.0,0.0,0.0,0.0,0.0,0.0,0.0,0.0,0.0,0.0,370.0,0.0,0.0,0.0,0.0,4.0
2019-05-24T15:00:00.0,0.0,361.0,0.0,1786.0,9966.0,0.0,0.0,0.0,0.0,0.0,0.0,0.0,0.0,0.0,357.0,0.0,0.0,0.0,0.0,4.0
2019-05-24T16:00:00.0,0.0,377.0,0.0,1785.0,11097.0,0.0,0.0,0.0,0.0,0.0,0.0,0.0,0.0,0.0,368.0,0.0,0.0,0.0,0.0,3.0
2019-05-24T17:00:00.0,0.0,429.0,0.0,1787.0,13038.0,0.0,0.0,0.0,0.0,0.0,0.0,0.0,0.0,0.0,371.0,0.0,0.0,0.0,0.0,3.0
2019-05-24T18:00:00.0,0.0,391.0,0.0,1788.0,13515.0,0.0,0.0,0.0,0.0,0.0,0.0,0.0,0.0,0.0,370.0,0.0,0.0,0.0,0.0,3.0
2019-05-24T19:00:00.0,0.0,397.0,0.0,1790.0,13248.0,0.0,0.0,0.0,0.0,0.0,0.0,0.0,0.0,0.0,369.0,0.0,0.0,0.0,0.0,3.0
2019-05-24T20:00:00.0,0.0,378.0,0.0,1787.0,12712.0,0.0,0.0,0.0,0.0,0.0,0.0,0.0,0.0,0.0,368.0,0.0,0.0,0.0,0.0,3.0
2019-05-24T21:00:00.0,0.0,374.0,0.0,1785.0,12337.0,0.0,0.0,0.0,0.0,0.0,0.0,0.0,0.0,0.0,367.0,0.0,0.0,0.0,0.0,3.0
2019-05-24T22:00:00.0,0.0,369.0,0.0,1782.0,11418.0,0.0,0.0,0.0,0.0,0.0,0.0,0.0,0.0,0.0,368.0,0.0,0.0,0.0,0.0,3.0
2019-05-24T23:00:00.0,0.0,419.0,0.0,1787.0,10744.0,0.0,0.0,0.0,0.0,0.0,0.0,0.0,0.0,0.0,371.0,0.0,0.0,0.0,0.0,5.0
2019-05-25T00:00:00.0,0.0,336.0,0.0,1782.0,9413.0,0.0,0.0,0.0,0.0,0.0,0.0,0.0,0.0,0.0,368.0,0.0,0.0,0.0,0.0,5.0
2019-05-25T01:00:00.0,0.0,331.0,0.0,1780.0,8207.0,0.0,0.0,0.0,0.0,0.0,0.0,0.0,0.0,0.0,367.0,0.0,0.0,0.0,0.0,5.0
2019-05-25T02:00:00.0,0.0,336.0,0.0,1774.0,7933.0,0.0,0.0,0.0,0.0,0.0,0.0,0.0,0.0,0.0,368.0,0.0,0.0,0.0,0.0,5.0
2019-05-25T03:00:00.0,0.0,328.0,0.0,1772.0,7847.0,0.0,0.0,0.0,0.0,0.0,0.0,0.0,0.0,0.0,369.0,0.0,0.0,0.0,0.0,5.0
2019-05-25T04:00:00.0,0.0,294.0,0.0,1772.0,7846.0,0.0,0.0,0.0,0.0,0.0,0.0,0.0,0.0,0.0,368.0,0.0,0.0,0.0,0.0,5.0
2019-05-25T05:00:00.0,0.0,312.0,0.0,1773.0,8254.0,0.0,0.0,0.0,0.0,0.0,0.0,0.0,0.0,0.0,368.0,0.0,0.0,0.0,0.0,5.0
2019-05-25T06:00:00.0,0.0,278.0,0.0,1767.0,8708.0,0.0,0.0,0.0,0.0,0.0,0.0,0.0,0.0,0.0,345.0,0.0,0.0,0.0,0.0,5.0
2019-05-25T07:00:00.0,0.0,284.0,0.0,1770.0,10501.0,0.0,0.0,0.0,0.0,0.0,0.0,0.0,0.0,0.0,348.0,0.0,0.0,0.0,0.0,5.0
2019-05-25T08:00:00.0,0.0,333.0,0.0,1775.0,10634.0,0.0,0.0,0.0,0.0,0.0,0.0,0.0,0.0,0.0,347.0,0.0,0.0,0.0,0.0,5.0
2019-05-25T09:00:00.0,0.0,318.0,0.0,1775.0,9623.0,0.0,0.0,0.0,0.0,0.0,0.0,0.0,0.0,0.0,346.0,0.0,0.0,0.0,0.0,5.0
2019-05-25T10:00:00.0,0.0,323.0,0.0,1778.0,9415.0,0.0,0.0,0.0,0.0,0.0,0.0,0.0,0.0,0.0,342.0,0.0,0.0,0.0,0.0,5.0
2019-05-25T11:00:00.0,0.0,346.0,0.0,1775.0,9304.0,0.0,0.0,0.0,0.0,0.0,0.0,0.0,0.0,0.0,345.0,0.0,0.0,0.0,0.0,5.0
2019-05-25T12:00:00.0,0.0,374.0,0.0,1774.0,8494.0,0.0,0.0,0.0,0.0,0.0,0.0,0.0,0.0,0.0,350.0,0.0,0.0,0.0,0.0,5.0
2019-05-25T13:00:00.0,0.0,382.0,0.0,1773.0,7882.0,0.0,0.0,0.0,0.0,0.0,0.0,0.0,0.0,0.0,346.0,0.0,0.0,0.0,0.0,5.0
2019-05-25T14:00:00.0,0.0,380.0,0.0,1772.0,7691.0,0.0,0.0,0.0,0.0,0.0,0.0,0.0,0.0,0.0,348.0,0.0,0.0,0.0,0.0,5.0
2019-05-25T15:00:00.0,0.0,388.0,0.0,1765.0,7851.0,0.0,0.0,0.0,0.0,0.0,0.0,0.0,0.0,0.0,350.0,0.0,0.0,0.0,0.0,5.0
2019-05-25T16:00:00.0,0.0,406.0,0.0,1792.0,8288.0,0.0,0.0,0.0,0.0,0.0,0.0,0.0,0.0,0.0,345.0,0.0,0.0,0.0,0.0,5.0
2019-05-25T17:00:00.0,0.0,425.0,0.0,1797.0,9991.0,0.0,0.0,0.0,0.0,0.0,0.0,0.0,0.0,0.0,348.0,0.0,0.0,0.0,0.0,5.0
2019-05-25T18:00:00.0,0.0,402.0,0.0,1794.0,10832.0,0.0,0.0,0.0,0.0,0.0,0.0,0.0,0.0,0.0,345.0,0.0,0.0,0.0,0.0,5.0
2019-05-25T19:00:00.0,0.0,469.0,0.0,1777.0,10537.0,0.0,0.0,0.0,0.0,0.0,0.0,0.0,0.0,0.0,340.0,0.0,0.0,0.0,0.0,5.0
2019-05-25T20:00:00.0,0.0,423.0,0.0,1769.0,10505.0,0.0,0.0,0.0,0.0,0.0,0.0,0.0,0.0,0.0,345.0,0.0,0.0,0.0,0.0,5.0
2019-05-25T21:00:00.0,0.0,398.0,0.0,1767.0,10217.0,0.0,0.0,0.0,0.0,0.0,0.0,0.0,0.0,0.0,344.0,0.0,0.0,0.0,0.0,5.0
2019-05-25T22:00:00.0,0.0,371.0,0.0,1762.0,9217.0,0.0,0.0,0.0,0.0,0.0,0.0,0.0,0.0,0.0,345.0,0.0,0.0,0.0,0.0,5.0
2019-05-25T23:00:00.0,0.0,278.0,0.0,1748.0,7753.0,0.0,0.0,0.0,0.0,0.0,0.0,0.0,0.0,0.0,348.0,0.0,0.0,0.0,0.0,5.0
2019-05-26T00:00:00.0,0.0,273.0,0.0,1745.0,6881.0,0.0,0.0,0.0,0.0,0.0,0.0,0.0,0.0,0.0,341.0,0.0,0.0,0.0,0.0,5.0
2019-05-26T01:00:00.0,0.0,367.0,0.0,1743.0,6705.0,0.0,0.0,0.0,0.0,0.0,0.0,0.0,0.0,0.0,320.0,0.0,0.0,0.0,0.0,5.0
2019-05-26T02:00:00.0,0.0,290.0,0.0,1743.0,6380.0,0.0,0.0,0.0,0.0,0.0,0.0,0.0,0.0,0.0,322.0,0.0,0.0,0.0,0.0,5.0
2019-05-26T03:00:00.0,0.0,322.0,0.0,1741.0,6050.0,0.0,0.0,0.0,0.0,0.0,0.0,0.0,0.0,0.0,334.0,0.0,0.0,0.0,0.0,5.0
2019-05-26T04:00:00.0,0.0,351.0,0.0,1741.0,5542.0,0.0,0.0,0.0,0.0,0.0,0.0,0.0,0.0,0.0,332.0,0.0,0.0,0.0,0.0,5.0
2019-05-26T05:00:00.0,0.0,383.0,0.0,1741.0,5573.0,0.0,0.0,0.0,0.0,0.0,0.0,0.0,0.0,0.0,329.0,0.0,0.0,0.0,0.0,5.0
2019-05-26T06:00:00.0,0.0,409.0,0.0,1732.0,5763.0,0.0,0.0,0.0,0.0,0.0,0.0,0.0,0.0,0.0,331.0,0.0,0.0,0.0,0.0,5.0
2019-05-26T07:00:00.0,0.0,405.0,0.0,1728.0,6191.0,0.0,0.0,0.0,0.0,0.0,0.0,0.0,0.0,0.0,331.0,0.0,0.0,0.0,0.0,5.0
2019-05-26T08:00:00.0,0.0,423.0,0.0,1726.0,6582.0,0.0,0.0,0.0,0.0,0.0,0.0,0.0,0.0,0.0,329.0,0.0,0.0,0.0,0.0,5.0
2019-05-26T09:00:00.0,0.0,431.0,0.0,1736.0,7036.0,0.0,0.0,0.0,0.0,0.0,0.0,0.0,0.0,0.0,332.0,0.0,0.0,0.0,0.0,5.0
2019-05-26T10:00:00.0,0.0,423.0,0.0,1736.0,7174.0,0.0,0.0,0.0,0.0,0.0,0.0,0.0,0.0,0.0,337.0,0.0,0.0,0.0,0.0,5.0
2019-05-26T11:00:00.0,0.0,460.0,0.0,1732.0,7043.0,0.0,0.0,0.0,0.0,0.0,0.0,0.0,0.0,0.0,337.0,0.0,0.0,0.0,0.0,5.0
2019-05-26T12:00:00.0,0.0,391.0,0.0,1731.0,6970.0,0.0,0.0,0.0,0.0,0.0,0.0,0.0,0.0,0.0,338.0,0.0,0.0,0.0,0.0,5.0
2019-05-26T13:00:00.0,0.0,380.0,0.0,1731.0,7143.0,0.0,0.0,0.0,0.0,0.0,0.0,0.0,0.0,0.0,339.0,0.0,0.0,0.0,0.0,5.0
2019-05-26T14:00:00.0,0.0,369.0,0.0,1728.0,7297.0,0.0,0.0,0.0,0.0,0.0,0.0,0.0,0.0,0.0,339.0,0.0,0.0,0.0,0.0,5.0
2019-05-26T15:00:00.0,0.0,386.0,0.0,1716.0,8133.0,0.0,0.0,0.0,0.0,0.0,0.0,0.0,0.0,0.0,342.0,0.0,0.0,0.0,0.0,5.0
2019-05-26T16:00:00.0,0.0,339.0,0.0,1716.0,8849.0,0.0,0.0,0.0,0.0,0.0,0.0,0.0,0.0,0.0,340.0,0.0,0.0,0.0,0.0,5.0
2019-05-26T17:00:00.0,0.0,320.0,0.0,1717.0,9380.0,0.0,0.0,0.0,0.0,0.0,0.0,0.0,0.0,0.0,346.0,0.0,0.0,0.0,0.0,5.0
2019-05-26T18:00:00.0,0.0,266.0,0.0,1716.0,9828.0,0.0,0.0,0.0,0.0,0.0,0.0,0.0,0.0,0.0,342.0,0.0,0.0,0.0,0.0,5.0
2019-05-26T19:00:00.0,0.0,198.0,0.0,1727.0,9413.0,0.0,0.0,0.0,0.0,0.0,0.0,0.0,0.0,0.0,341.0,0.0,0.0,0.0,0.0,5.0
2019-05-26T20:00:00.0,0.0,235.0,0.0,1726.0,8846.0,0.0,0.0,0.0,0.0,0.0,0.0,0.0,0.0,0.0,340.0,0.0,0.0,0.0,0.0,5.0
2019-05-26T21:00:00.0,0.0,154.0,0.0,1722.0,8504.0,0.0,0.0,0.0,0.0,0.0,0.0,0.0,0.0,0.0,338.0,0.0,0.0,0.0,0.0,5.0
2019-05-26T22:00:00.0,0.0,183.0,0.0,1721.0,7527.0,0.0,0.0,0.0,0.0,0.0,0.0,0.0,0.0,0.0,341.0,0.0,0.0,0.0,0.0,5.0
2019-05-26T23:00:00.0,0.0,184.0,0.0,1701.0,6580.0,0.0,0.0,0.0,0.0,0.0,0.0,0.0,0.0,0.0,349.0,0.0,0.0,0.0,0.0,3.0
2019-05-27T00:00:00.0,0.0,190.0,0.0,1698.0,6441.0,0.0,0.0,0.0,0.0,0.0,0.0,0.0,0.0,0.0,350.0,0.0,0.0,0.0,0.0,3.0
2019-05-27T01:00:00.0,0.0,185.0,0.0,1695.0,6290.0,0.0,0.0,0.0,0.0,0.0,0.0,0.0,0.0,0.0,349.0,0.0,0.0,0.0,0.0,3.0
2019-05-27T02:00:00.0,0.0,221.0,0.0,1691.0,6316.0,0.0,0.0,0.0,0.0,0.0,0.0,0.0,0.0,0.0,348.0,0.0,0.0,0.0,0.0,3.0
2019-05-27T03:00:00.0,0.0,227.0,0.0,1689.0,6352.0,0.0,0.0,0.0,0.0,0.0,0.0,0.0,0.0,0.0,349.0,0.0,0.0,0.0,0.0,3.0
2019-05-27T04:00:00.0,0.0,198.0,0.0,1689.0,6924.0,0.0,0.0,0.0,0.0,0.0,0.0,0.0,0.0,0.0,347.0,0.0,0.0,0.0,0.0,3.0
2019-05-27T05:00:00.0,0.0,233.0,0.0,1689.0,10219.0,0.0,0.0,0.0,0.0,0.0,0.0,0.0,0.0,0.0,351.0,0.0,0.0,0.0,0.0,3.0
2019-05-27T06:00:00.0,0.0,209.0,0.0,1692.0,13785.0,0.0,0.0,0.0,0.0,0.0,0.0,0.0,0.0,0.0,354.0,0.0,0.0,0.0,0.0,3.0
2019-05-27T07:00:00.0,0.0,230.0,0.0,1697.0,14925.0,0.0,0.0,0.0,0.0,0.0,0.0,0.0,0.0,0.0,348.0,0.0,0.0,0.0,0.0,3.0
2019-05-27T08:00:00.0,0.0,254.0,0.0,1693.0,14049.0,0.0,0.0,0.0,0.0,0.0,0.0,0.0,0.0,0.0,340.0,0.0,0.0,0.0,0.0,3.0
2019-05-27T09:00:00.0,0.0,267.0,0.0,1691.0,12981.0,0.0,0.0,0.0,0.0,0.0,0.0,0.0,0.0,0.0,340.0,0.0,0.0,0.0,0.0,3.0
2019-05-27T10:00:00.0,0.0,325.0,0.0,1683.0,12476.0,0.0,0.0,0.0,0.0,0.0,0.0,0.0,0.0,0.0,337.0,0.0,0.0,0.0,0.0,3.0
2019-05-27T11:00:00.0,0.0,359.0,0.0,1681.0,11366.0,0.0,0.0,0.0,0.0,0.0,0.0,0.0,0.0,0.0,328.0,0.0,0.0,0.0,0.0,3.0
2019-05-27T12:00:00.0,0.0,472.0,0.0,1681.0,10836.0,0.0,0.0,0.0,0.0,0.0,0.0,0.0,0.0,0.0,337.0,0.0,0.0,0.0,0.0,3.0
2019-05-27T13:00:00.0,0.0,567.0,0.0,1689.0,10548.0,0.0,0.0,0.0,0.0,0.0,0.0,0.0,0.0,0.0,337.0,0.0,0.0,0.0,0.0,3.0
2019-05-27T14:00:00.0,0.0,562.0,0.0,1686.0,10212.0,0.0,0.0,0.0,0.0,0.0,0.0,0.0,0.0,0.0,340.0,0.0,0.0,0.0,0.0,3.0
2019-05-27T15:00:00.0,0.0,671.0,0.0,1684.0,10564.0,0.0,0.0,0.0,0.0,0.0,0.0,0.0,0.0,0.0,328.0,0.0,0.0,0.0,0.0,3.0
2019-05-27T16:00:00.0,0.0,619.0,0.0,1685.0,11914.0,0.0,0.0,0.0,0.0,0.0,0.0,0.0,0.0,0.0,338.0,0.0,0.0,0.0,0.0,3.0
2019-05-27T17:00:00.0,0.0,619.0,0.0,1686.0,13011.0,0.0,0.0,0.0,0.0,0.0,0.0,0.0,0.0,0.0,336.0,0.0,0.0,0.0,0.0,3.0
2019-05-27T18:00:00.0,0.0,547.0,0.0,1692.0,13213.0,0.0,0.0,0.0,0.0,0.0,0.0,0.0,0.0,0.0,337.0,0.0,0.0,0.0,0.0,3.0
2019-05-27T19:00:00.0,0.0,519.0,0.0,1690.0,13136.0,0.0,0.0,0.0,0.0,0.0,0.0,0.0,0.0,0.0,333.0,0.0,0.0,0.0,0.0,3.0
2019-05-27T20:00:00.0,0.0,471.0,0.0,1691.0,13102.0,0.0,0.0,0.0,0.0,0.0,0.0,0.0,0.0,0.0,334.0,0.0,0.0,0.0,0.0,3.0
2019-05-27T21:00:00.0,0.0,431.0,0.0,1691.0,12694.0,0.0,0.0,0.0,0.0,0.0,0.0,0.0,0.0,0.0,334.0,0.0,0.0,0.0,0.0,3.0
2019-05-27T22:00:00.0,0.0,403.0,0.0,1677.0,10973.0,0.0,0.0,0.0,0.0,0.0,0.0,0.0,0.0,0.0,332.0,0.0,0.0,0.0,0.0,3.0
2019-05-27T23:00:00.0,0.0,540.0,0.0,1654.0,8969.0,0.0,0.0,0.0,0.0,0.0,0.0,0.0,0.0,0.0,335.0,0.0,0.0,0.0,0.0,3.0
2019-05-28T00:00:00.0,0.0,474.0,0.0,1651.0,8174.0,0.0,0.0,0.0,0.0,0.0,0.0,0.0,0.0,0.0,332.0,0.0,0.0,0.0,0.0,3.0
2019-05-28T01:00:00.0,0.0,461.0,0.0,1648.0,8031.0,0.0,0.0,0.0,0.0,0.0,0.0,0.0,0.0,0.0,333.0,0.0,0.0,0.0,0.0,3.0
2019-05-28T02:00:00.0,0.0,422.0,0.0,1646.0,7922.0,0.0,0.0,0.0,0.0,0.0,0.0,0.0,0.0,0.0,340.0,0.0,0.0,0.0,0.0,3.0
2019-05-28T03:00:00.0,0.0,505.0,0.0,1643.0,8011.0,0.0,0.0,0.0,0.0,0.0,0.0,0.0,0.0,0.0,340.0,0.0,0.0,0.0,0.0,3.0
2019-05-28T04:00:00.0,0.0,493.0,0.0,1646.0,9229.0,0.0,0.0,0.0,0.0,0.0,0.0,0.0,0.0,0.0,342.0,0.0,0.0,0.0,0.0,3.0
2019-05-28T05:00:00.0,0.0,460.0,0.0,1643.0,12714.0,0.0,0.0,0.0,0.0,0.0,0.0,0.0,0.0,0.0,341.0,0.0,0.0,0.0,0.0,3.0
2019-05-28T06:00:00.0,0.0,405.0,0.0,1650.0,13987.0,0.0,0.0,0.0,0.0,0.0,0.0,0.0,0.0,0.0,340.0,0.0,0.0,0.0,0.0,3.0
2019-05-28T07:00:00.0,0.0,438.0,0.0,1642.0,14501.0,0.0,0.0,0.0,0.0,0.0,0.0,0.0,0.0,0.0,335.0,0.0,0.0,0.0,0.0,3.0
2019-05-28T08:00:00.0,0.0,451.0,0.0,1644.0,14079.0,0.0,0.0,0.0,0.0,0.0,0.0,0.0,0.0,0.0,330.0,0.0,0.0,0.0,0.0,3.0
2019-05-28T09:00:00.0,0.0,477.0,0.0,1634.0,14281.0,0.0,0.0,0.0,0.0,0.0,0.0,0.0,0.0,0.0,334.0,0.0,0.0,0.0,0.0,3.0
2019-05-28T10:00:00.0,0.0,495.0,0.0,1627.0,13497.0,0.0,0.0,0.0,0.0,0.0,0.0,0.0,0.0,0.0,332.0,0.0,0.0,0.0,0.0,3.0
2019-05-28T11:00:00.0,0.0,502.0,0.0,1624.0,13190.0,0.0,0.0,0.0,0.0,0.0,0.0,0.0,0.0,0.0,336.0,0.0,0.0,0.0,0.0,3.0
2019-05-28T12:00:00.0,0.0,521.0,0.0,1619.0,13112.0,0.0,0.0,0.0,0.0,0.0,0.0,0.0,0.0,0.0,334.0,0.0,0.0,0.0,0.0,3.0
2019-05-28T13:00:00.0,0.0,556.0,0.0,1619.0,12741.0,0.0,0.0,0.0,0.0,0.0,0.0,0.0,0.0,0.0,331.0,0.0,0.0,0.0,0.0,3.0
2019-05-28T14:00:00.0,0.0,460.0,0.0,1616.0,11875.0,0.0,0.0,0.0,0.0,0.0,0.0,0.0,0.0,0.0,331.0,0.0,0.0,0.0,0.0,3.0
2019-05-28T15:00:00.0,0.0,582.0,0.0,1613.0,11982.0,0.0,0.0,0.0,0.0,0.0,0.0,0.0,0.0,0.0,327.0,0.0,0.0,0.0,0.0,3.0
2019-05-28T16:00:00.0,0.0,525.0,0.0,1617.0,12541.0,0.0,0.0,0.0,0.0,0.0,0.0,0.0,0.0,0.0,331.0,0.0,0.0,0.0,0.0,3.0
2019-05-28T17:00:00.0,0.0,534.0,0.0,1614.0,12454.0,0.0,0.0,0.0,0.0,0.0,0.0,0.0,0.0,0.0,331.0,0.0,0.0,0.0,0.0,3.0
2019-05-28T18:00:00.0,0.0,477.0,0.0,1614.0,12451.0,0.0,0.0,0.0,0.0,0.0,0.0,0.0,0.0,0.0,330.0,0.0,0.0,0.0,0.0,3.0
2019-05-28T19:00:00.0,0.0,437.0,0.0,1614.0,12397.0,0.0,0.0,0.0,0.0,0.0,0.0,0.0,0.0,0.0,328.0,0.0,0.0,0.0,0.0,3.0
2019-05-28T20:00:00.0,0.0,455.0,0.0,1613.0,12328.0,0.0,0.0,0.0,0.0,0.0,0.0,0.0,0.0,0.0,329.0,0.0,0.0,0.0,0.0,3.0
2019-05-28T21:00:00.0,0.0,459.0,0.0,1612.0,11243.0,0.0,0.0,0.0,0.0,0.0,0.0,0.0,0.0,0.0,328.0,0.0,0.0,0.0,0.0,3.0
2019-05-28T22:00:00.0,0.0,385.0,0.0,1608.0,9098.0,0.0,0.0,0.0,0.0,0.0,0.0,0.0,0.0,0.0,332.0,0.0,0.0,0.0,0.0,3.0
2019-05-28T23:00:00.0,0.0,495.0,0.0,1578.0,8016.0,0.0,0.0,0.0,0.0,0.0,0.0,0.0,0.0,0.0,358.0,0.0,0.0,0.0,0.0,3.0
2019-05-29T00:00:00.0,0.0,465.0,0.0,1578.0,7419.0,0.0,0.0,0.0,0.0,0.0,0.0,0.0,0.0,0.0,362.0,0.0,0.0,0.0,0.0,3.0
2019-05-29T01:00:00.0,0.0,466.0,0.0,1576.0,7139.0,0.0,0.0,0.0,0.0,0.0,0.0,0.0,0.0,0.0,362.0,0.0,0.0,0.0,0.0,3.0
2019-05-29T02:00:00.0,0.0,449.0,0.0,1577.0,7176.0,0.0,0.0,0.0,0.0,0.0,0.0,0.0,0.0,0.0,334.0,0.0,0.0,0.0,0.0,3.0
2019-05-29T03:00:00.0,0.0,429.0,0.0,1576.0,7639.0,0.0,0.0,0.0,0.0,0.0,0.0,0.0,0.0,0.0,333.0,0.0,0.0,0.0,0.0,3.0
2019-05-29T04:00:00.0,0.0,341.0,0.0,1576.0,8623.0,0.0,0.0,0.0,0.0,0.0,0.0,0.0,0.0,0.0,334.0,0.0,0.0,0.0,0.0,3.0
2019-05-29T05:00:00.0,0.0,413.0,0.0,1575.0,11675.0,0.0,0.0,0.0,0.0,0.0,0.0,0.0,0.0,0.0,336.0,0.0,0.0,0.0,0.0,3.0
2019-05-29T06:00:00.0,0.0,516.0,0.0,1579.0,13786.0,0.0,0.0,0.0,0.0,0.0,0.0,0.0,0.0,0.0,339.0,0.0,0.0,0.0,0.0,3.0
2019-05-29T07:00:00.0,0.0,477.0,0.0,1580.0,13612.0,0.0,0.0,0.0,0.0,0.0,0.0,0.0,0.0,0.0,340.0,0.0,0.0,0.0,0.0,3.0
2019-05-29T08:00:00.0,0.0,578.0,0.0,1577.0,13380.0,0.0,0.0,0.0,0.0,0.0,0.0,0.0,0.0,0.0,330.0,0.0,0.0,0.0,0.0,3.0
2019-05-29T09:00:00.0,0.0,689.0,0.0,1578.0,13344.0,0.0,0.0,0.0,0.0,0.0,0.0,0.0,0.0,0.0,336.0,0.0,0.0,0.0,0.0,3.0
2019-05-29T10:00:00.0,0.0,661.0,0.0,1575.0,12996.0,0.0,0.0,0.0,0.0,0.0,0.0,0.0,0.0,0.0,340.0,0.0,0.0,0.0,0.0,3.0
2019-05-29T11:00:00.0,0.0,760.0,0.0,1574.0,12965.0,0.0,0.0,0.0,0.0,0.0,0.0,0.0,0.0,0.0,345.0,0.0,0.0,0.0,0.0,3.0
2019-05-29T12:00:00.0,0.0,750.0,0.0,1574.0,12453.0,0.0,0.0,0.0,0.0,0.0,0.0,0.0,0.0,0.0,347.0,0.0,0.0,0.0,0.0,3.0
2019-05-29T13:00:00.0,0.0,781.0,0.0,1570.0,12022.0,0.0,0.0,0.0,0.0,0.0,0.0,0.0,0.0,0.0,347.0,0.0,0.0,0.0,0.0,3.0
2019-05-29T14:00:00.0,0.0,915.0,0.0,1565.0,11423.0,0.0,0.0,0.0,0.0,0.0,0.0,0.0,0.0,0.0,345.0,0.0,0.0,0.0,0.0,3.0
2019-05-29T15:00:00.0,0.0,923.0,0.0,1564.0,11686.0,0.0,0.0,0.0,0.0,0.0,0.0,0.0,0.0,0.0,345.0,0.0,0.0,0.0,0.0,3.0
2019-05-29T16:00:00.0,0.0,957.0,0.0,1573.0,12073.0,0.0,0.0,0.0,0.0,0.0,0.0,0.0,0.0,0.0,345.0,0.0,0.0,0.0,0.0,3.0
2019-05-29T17:00:00.0,0.0,930.0,0.0,1581.0,12338.0,0.0,0.0,0.0,0.0,0.0,0.0,0.0,0.0,0.0,345.0,0.0,0.0,0.0,0.0,3.0
2019-05-29T18:00:00.0,0.0,864.0,0.0,1588.0,12096.0,0.0,0.0,0.0,0.0,0.0,0.0,0.0,0.0,0.0,346.0,0.0,0.0,0.0,0.0,3.0
2019-05-29T19:00:00.0,0.0,821.0,0.0,1594.0,11776.0,0.0,0.0,0.0,0.0,0.0,0.0,0.0,0.0,0.0,345.0,0.0,0.0,0.0,0.0,3.0
2019-05-29T20:00:00.0,0.0,782.0,0.0,1596.0,11328.0,0.0,0.0,0.0,0.0,0.0,0.0,0.0,0.0,0.0,345.0,0.0,0.0,0.0,0.0,3.0
2019-05-29T21:00:00.0,0.0,800.0,0.0,1601.0,10773.0,0.0,0.0,0.0,0.0,0.0,0.0,0.0,0.0,0.0,339.0,0.0,0.0,0.0,0.0,3.0
2019-05-29T22:00:00.0,0.0,767.0,0.0,1599.0,9511.0,0.0,0.0,0.0,0.0,0.0,0.0,0.0,0.0,0.0,346.0,0.0,0.0,0.0,0.0,3.0
2019-05-29T23:00:00.0,0.0,848.0,0.0,1600.0,7920.0,0.0,0.0,0.0,0.0,0.0,0.0,0.0,0.0,0.0,331.0,0.0,0.0,0.0,0.0,1.0
2019-05-30T00:00:00.0,0.0,858.0,0.0,1601.0,6916.0,0.0,0.0,0.0,0.0,0.0,0.0,0.0,0.0,0.0,319.0,0.0,0.0,0.0,0.0,1.0
2019-05-30T01:00:00.0,0.0,822.0,0.0,1601.0,6243.0,0.0,0.0,0.0,0.0,0.0,0.0,0.0,0.0,0.0,331.0,0.0,0.0,0.0,0.0,1.0
2019-05-30T02:00:00.0,0.0,760.0,0.0,1604.0,5719.0,0.0,0.0,0.0,0.0,0.0,0.0,0.0,0.0,0.0,330.0,0.0,0.0,0.0,0.0,1.0
2019-05-30T03:00:00.0,0.0,657.0,0.0,1605.0,5912.0,0.0,0.0,0.0,0.0,0.0,0.0,0.0,0.0,0.0,336.0,0.0,0.0,0.0,0.0,1.0
2019-05-30T04:00:00.0,0.0,602.0,0.0,1605.0,6209.0,0.0,0.0,0.0,0.0,0.0,0.0,0.0,0.0,0.0,333.0,0.0,0.0,0.0,0.0,1.0
2019-05-30T05:00:00.0,0.0,529.0,0.0,1608.0,6460.0,0.0,0.0,0.0,0.0,0.0,0.0,0.0,0.0,0.0,333.0,0.0,0.0,0.0,0.0,1.0
2019-05-30T06:00:00.0,0.0,498.0,0.0,1605.0,7397.0,0.0,0.0,0.0,0.0,0.0,0.0,0.0,0.0,0.0,332.0,0.0,0.0,0.0,0.0,1.0
2019-05-30T07:00:00.0,0.0,476.0,0.0,1602.0,7433.0,0.0,0.0,0.0,0.0,0.0,0.0,0.0,0.0,0.0,335.0,0.0,0.0,0.0,0.0,1.0
2019-05-30T08:00:00.0,0.0,441.0,0.0,1609.0,7876.0,0.0,0.0,0.0,0.0,0.0,0.0,0.0,0.0,0.0,334.0,0.0,0.0,0.0,0.0,1.0
2019-05-30T09:00:00.0,0.0,388.0,0.0,1605.0,8267.0,0.0,0.0,0.0,0.0,0.0,0.0,0.0,0.0,0.0,334.0,0.0,0.0,0.0,0.0,1.0
2019-05-30T10:00:00.0,0.0,443.0,0.0,1607.0,8522.0,0.0,0.0,0.0,0.0,0.0,0.0,0.0,0.0,0.0,335.0,0.0,0.0,0.0,0.0,1.0
2019-05-30T11:00:00.0,0.0,448.0,0.0,1608.0,8915.0,0.0,0.0,0.0,0.0,0.0,0.0,0.0,0.0,0.0,336.0,0.0,0.0,0.0,0.0,1.0
2019-05-30T12:00:00.0,0.0,478.0,0.0,1611.0,8387.0,0.0,0.0,0.0,0.0,0.0,0.0,0.0,0.0,0.0,336.0,0.0,0.0,0.0,0.0,1.0
2019-05-30T13:00:00.0,0.0,547.0,0.0,1615.0,7911.0,0.0,0.0,0.0,0.0,0.0,0.0,0.0,0.0,0.0,335.0,0.0,0.0,0.0,0.0,1.0
2019-05-30T14:00:00.0,0.0,571.0,0.0,1617.0,8121.0,0.0,0.0,0.0,0.0,0.0,0.0,0.0,0.0,0.0,336.0,0.0,0.0,0.0,0.0,1.0
2019-05-30T15:00:00.0,0.0,607.0,0.0,1615.0,8083.0,0.0,0.0,0.0,0.0,0.0,0.0,0.0,0.0,0.0,337.0,0.0,0.0,0.0,0.0,1.0
2019-05-30T16:00:00.0,0.0,663.0,0.0,1616.0,7779.0,0.0,0.0,0.0,0.0,0.0,0.0,0.0,0.0,0.0,335.0,0.0,0.0,0.0,0.0,1.0
2019-05-30T17:00:00.0,0.0,746.0,0.0,1616.0,8116.0,0.0,0.0,0.0,0.0,0.0,0.0,0.0,0.0,0.0,337.0,0.0,0.0,0.0,0.0,1.0
2019-05-30T18:00:00.0,0.0,769.0,0.0,1617.0,8992.0,0.0,0.0,0.0,0.0,0.0,0.0,0.0,0.0,0.0,336.0,0.0,0.0,0.0,0.0,1.0
2019-05-30T19:00:00.0,0.0,757.0,0.0,1616.0,9253.0,0.0,0.0,0.0,0.0,0.0,0.0,0.0,0.0,0.0,339.0,0.0,0.0,0.0,0.0,1.0
2019-05-30T20:00:00.0,0.0,874.0,0.0,1618.0,9740.0,0.0,0.0,0.0,0.0,0.0,0.0,0.0,0.0,0.0,335.0,0.0,0.0,0.0,0.0,1.0
2019-05-30T21:00:00.0,0.0,802.0,0.0,1619.0,10330.0,0.0,0.0,0.0,0.0,0.0,0.0,0.0,0.0,0.0,335.0,0.0,0.0,0.0,0.0,1.0
2019-05-30T22:00:00.0,0.0,789.0,0.0,1616.0,9187.0,0.0,0.0,0.0,0.0,0.0,0.0,0.0,0.0,0.0,339.0,0.0,0.0,0.0,0.0,1.0
2019-05-30T23:00:00.0,0.0,705.0,0.0,1622.0,7891.0,0.0,0.0,0.0,0.0,0.0,0.0,0.0,0.0,0.0,336.0,0.0,0.0,0.0,0.0,2.0
2019-05-31T00:00:00.0,0.0,757.0,0.0,1613.0,6965.0,0.0,0.0,0.0,0.0,0.0,0.0,0.0,0.0,0.0,337.0,0.0,0.0,0.0,0.0,2.0
2019-05-31T01:00:00.0,0.0,737.0,0.0,1613.0,6581.0,0.0,0.0,0.0,0.0,0.0,0.0,0.0,0.0,0.0,336.0,0.0,0.0,0.0,0.0,2.0
2019-05-31T02:00:00.0,0.0,741.0,0.0,1605.0,6233.0,0.0,0.0,0.0,0.0,0.0,0.0,0.0,0.0,0.0,335.0,0.0,0.0,0.0,0.0,2.0
2019-05-31T03:00:00.0,0.0,689.0,0.0,1605.0,6199.0,0.0,0.0,0.0,0.0,0.0,0.0,0.0,0.0,0.0,335.0,0.0,0.0,0.0,0.0,2.0
2019-05-31T04:00:00.0,0.0,692.0,0.0,1604.0,6992.0,0.0,0.0,0.0,0.0,0.0,0.0,0.0,0.0,0.0,333.0,0.0,0.0,0.0,0.0,2.0
2019-05-31T05:00:00.0,0.0,638.0,0.0,1606.0,9186.0,0.0,0.0,0.0,0.0,0.0,0.0,0.0,0.0,0.0,337.0,0.0,0.0,0.0,0.0,2.0
2019-05-31T06:00:00.0,0.0,649.0,0.0,1606.0,11408.0,0.0,0.0,0.0,0.0,0.0,0.0,0.0,0.0,0.0,337.0,0.0,0.0,0.0,0.0,2.0
2019-05-31T07:00:00.0,0.0,541.0,0.0,1603.0,13269.0,0.0,0.0,0.0,0.0,0.0,0.0,0.0,0.0,0.0,338.0,0.0,0.0,0.0,0.0,2.0
2019-05-31T08:00:00.0,0.0,531.0,0.0,1604.0,12968.0,0.0,0.0,0.0,0.0,0.0,0.0,0.0,0.0,0.0,336.0,0.0,0.0,0.0,0.0,2.0
2019-05-31T09:00:00.0,0.0,565.0,0.0,1612.0,11469.0,0.0,0.0,0.0,0.0,0.0,0.0,0.0,0.0,0.0,332.0,0.0,0.0,0.0,0.0,2.0
2019-05-31T10:00:00.0,0.0,545.0,0.0,1615.0,10322.0,0.0,0.0,0.0,0.0,0.0,0.0,0.0,0.0,0.0,332.0,0.0,0.0,0.0,0.0,2.0
2019-05-31T11:00:00.0,0.0,578.0,0.0,1621.0,9421.0,0.0,0.0,0.0,0.0,0.0,0.0,0.0,0.0,0.0,332.0,0.0,0.0,0.0,0.0,2.0
2019-05-31T12:00:00.0,0.0,610.0,0.0,1626.0,8187.0,0.0,0.0,0.0,0.0,0.0,0.0,0.0,0.0,0.0,331.0,0.0,0.0,0.0,0.0,2.0
2019-05-31T13:00:00.0,0.0,725.0,0.0,1635.0,8377.0,0.0,0.0,0.0,0.0,0.0,0.0,0.0,0.0,0.0,324.0,0.0,0.0,0.0,0.0,2.0
2019-05-31T14:00:00.0,0.0,711.0,0.0,1634.0,8008.0,0.0,0.0,0.0,0.0,0.0,0.0,0.0,0.0,0.0,331.0,0.0,0.0,0.0,0.0,2.0
2019-05-31T15:00:00.0,0.0,778.0,0.0,1621.0,8403.0,0.0,0.0,0.0,0.0,0.0,0.0,0.0,0.0,0.0,329.0,0.0,0.0,0.0,0.0,2.0
2019-05-31T16:00:00.0,0.0,761.0,0.0,1624.0,9913.0,0.0,0.0,0.0,0.0,0.0,0.0,0.0,0.0,0.0,354.0,0.0,0.0,0.0,0.0,2.0
2019-05-31T17:00:00.0,0.0,679.0,0.0,1624.0,11561.0,0.0,0.0,0.0,0.0,0.0,0.0,0.0,0.0,0.0,352.0,0.0,0.0,0.0,0.0,2.0
2019-05-31T18:00:00.0,0.0,630.0,0.0,1624.0,12419.0,0.0,0.0,0.0,0.0,0.0,0.0,0.0,0.0,0.0,335.0,0.0,0.0,0.0,0.0,2.0
2019-05-31T19:00:00.0,0.0,588.0,0.0,1622.0,11479.0,0.0,0.0,0.0,0.0,0.0,0.0,0.0,0.0,0.0,338.0,0.0,0.0,0.0,0.0,2.0
2019-05-31T20:00:00.0,0.0,514.0,0.0,1634.0,10747.0,0.0,0.0,0.0,0.0,0.0,0.0,0.0,0.0,0.0,336.0,0.0,0.0,0.0,0.0,2.0
2019-05-31T21:00:00.0,0.0,498.0,0.0,1630.0,10301.0,0.0,0.0,0.0,0.0,0.0,0.0,0.0,0.0,0.0,335.0,0.0,0.0,0.0,0.0,2.0
2019-05-31T22:00:00.0,0.0,418.0,0.0,1629.0,10198.0,0.0,0.0,0.0,0.0,0.0,0.0,0.0,0.0,0.0,335.0,0.0,0.0,0.0,0.0,2.0
2019-05-31T23:00:00.0,0.0,464.0,0.0,1649.0,9001.0,0.0,0.0,0.0,0.0,0.0,0.0,0.0,0.0,0.0,332.0,0.0,0.0,0.0,0.0,2.0
2019-06-01T00:00:00.0,0.0,484.0,0.0,1643.0,7685.0,0.0,0.0,0.0,0.0,0.0,0.0,0.0,0.0,0.0,331.0,0.0,0.0,0.0,0.0,2.0
2019-06-01T01:00:00.0,0.0,435.0,0.0,1650.0,6901.0,0.0,0.0,0.0,0.0,0.0,0.0,0.0,0.0,0.0,337.0,0.0,0.0,0.0,0.0,2.0
2019-06-01T02:00:00.0,0.0,449.0,0.0,1651.0,6315.0,0.0,0.0,0.0,0.0,0.0,0.0,0.0,0.0,0.0,328.0,0.0,0.0,0.0,0.0,2.0
2019-06-01T03:00:00.0,0.0,428.0,0.0,1660.0,6208.0,0.0,0.0,0.0,0.0,0.0,0.0,0.0,0.0,0.0,335.0,0.0,0.0,0.0,0.0,2.0
2019-06-01T04:00:00.0,0.0,426.0,0.0,1666.0,6455.0,0.0,0.0,0.0,0.0,0.0,0.0,0.0,0.0,0.0,335.0,0.0,0.0,0.0,0.0,2.0
2019-06-01T05:00:00.0,0.0,432.0,0.0,1674.0,6595.0,0.0,0.0,0.0,0.0,0.0,0.0,0.0,0.0,0.0,336.0,0.0,0.0,0.0,0.0,2.0
2019-06-01T06:00:00.0,0.0,411.0,0.0,1677.0,7155.0,0.0,0.0,0.0,0.0,0.0,0.0,0.0,0.0,0.0,336.0,0.0,0.0,0.0,0.0,2.0
2019-06-01T07:00:00.0,0.0,455.0,0.0,1685.0,7035.0,0.0,0.0,0.0,0.0,0.0,0.0,0.0,0.0,0.0,335.0,0.0,0.0,0.0,0.0,2.0
2019-06-01T08:00:00.0,0.0,453.0,0.0,1687.0,7281.0,0.0,0.0,0.0,0.0,0.0,0.0,0.0,0.0,0.0,339.0,0.0,0.0,0.0,0.0,1.0
2019-06-01T09:00:00.0,0.0,449.0,0.0,1693.0,7425.0,0.0,0.0,0.0,0.0,0.0,0.0,0.0,0.0,0.0,338.0,0.0,0.0,0.0,0.0,1.0
2019-06-01T10:00:00.0,0.0,464.0,0.0,1701.0,7276.0,0.0,0.0,0.0,0.0,0.0,0.0,0.0,0.0,0.0,336.0,0.0,0.0,0.0,0.0,1.0
2019-06-01T11:00:00.0,0.0,431.0,0.0,1718.0,7098.0,0.0,0.0,0.0,0.0,0.0,0.0,0.0,0.0,0.0,335.0,0.0,0.0,0.0,0.0,7.0
2019-06-01T12:00:00.0,0.0,434.0,0.0,1716.0,6893.0,0.0,0.0,0.0,0.0,0.0,0.0,0.0,0.0,0.0,338.0,0.0,0.0,0.0,0.0,7.0
2019-06-01T13:00:00.0,0.0,437.0,0.0,1719.0,6956.0,0.0,0.0,0.0,0.0,0.0,0.0,0.0,0.0,0.0,335.0,0.0,0.0,0.0,0.0,7.0
2019-06-01T14:00:00.0,0.0,383.0,0.0,1719.0,6681.0,0.0,0.0,0.0,0.0,0.0,0.0,0.0,0.0,0.0,336.0,0.0,0.0,0.0,0.0,7.0
2019-06-01T15:00:00.0,0.0,358.0,0.0,1721.0,7109.0,0.0,0.0,0.0,0.0,0.0,0.0,0.0,0.0,0.0,339.0,0.0,0.0,0.0,0.0,7.0
2019-06-01T16:00:00.0,0.0,354.0,0.0,1715.0,7917.0,0.0,0.0,0.0,0.0,0.0,0.0,0.0,0.0,0.0,333.0,0.0,0.0,0.0,0.0,7.0
2019-06-01T17:00:00.0,0.0,231.0,0.0,1715.0,9354.0,0.0,0.0,0.0,0.0,0.0,0.0,0.0,0.0,0.0,340.0,0.0,0.0,0.0,0.0,7.0
2019-06-01T18:00:00.0,0.0,192.0,0.0,1719.0,10434.0,0.0,0.0,0.0,0.0,0.0,0.0,0.0,0.0,0.0,335.0,0.0,0.0,0.0,0.0,5.0
2019-06-01T19:00:00.0,0.0,167.0,0.0,1711.0,10768.0,0.0,0.0,0.0,0.0,0.0,0.0,0.0,0.0,0.0,337.0,0.0,0.0,0.0,0.0,5.0
2019-06-01T20:00:00.0,0.0,209.0,0.0,1708.0,10998.0,0.0,0.0,0.0,0.0,0.0,0.0,0.0,0.0,0.0,336.0,0.0,0.0,0.0,0.0,5.0
2019-06-01T21:00:00.0,0.0,211.0,0.0,1708.0,10956.0,0.0,0.0,0.0,0.0,0.0,0.0,0.0,0.0,0.0,335.0,0.0,0.0,0.0,0.0,5.0
2019-06-01T22:00:00.0,0.0,204.0,0.0,1704.0,9719.0,0.0,0.0,0.0,0.0,0.0,0.0,0.0,0.0,0.0,333.0,0.0,0.0,0.0,0.0,5.0
2019-06-01T23:00:00.0,0.0,192.0,0.0,1696.0,8449.0,0.0,0.0,0.0,0.0,0.0,0.0,0.0,0.0,0.0,338.0,0.0,0.0,0.0,0.0,5.0
2019-06-02T00:00:00.0,0.0,189.0,0.0,1696.0,7426.0,0.0,0.0,0.0,0.0,0.0,0.0,0.0,0.0,0.0,340.0,0.0,0.0,0.0,0.0,5.0
2019-06-02T01:00:00.0,0.0,211.0,0.0,1691.0,6587.0,0.0,0.0,0.0,0.0,0.0,0.0,0.0,0.0,0.0,339.0,0.0,0.0,0.0,0.0,5.0
2019-06-02T02:00:00.0,0.0,225.0,0.0,1691.0,6425.0,0.0,0.0,0.0,0.0,0.0,0.0,0.0,0.0,0.0,340.0,0.0,0.0,0.0,0.0,5.0
2019-06-02T03:00:00.0,0.0,228.0,0.0,1689.0,6046.0,0.0,0.0,0.0,0.0,0.0,0.0,0.0,0.0,0.0,335.0,0.0,0.0,0.0,0.0,5.0
2019-06-02T04:00:00.0,0.0,245.0,0.0,1686.0,6268.0,0.0,0.0,0.0,0.0,0.0,0.0,0.0,0.0,0.0,340.0,0.0,0.0,0.0,0.0,5.0
2019-06-02T05:00:00.0,0.0,251.0,0.0,1685.0,6302.0,0.0,0.0,0.0,0.0,0.0,0.0,0.0,0.0,0.0,341.0,0.0,0.0,0.0,0.0,5.0
2019-06-02T06:00:00.0,0.0,278.0,0.0,1689.0,6298.0,0.0,0.0,0.0,0.0,0.0,0.0,0.0,0.0,0.0,340.0,0.0,0.0,0.0,0.0,5.0
2019-06-02T07:00:00.0,0.0,297.0,0.0,1689.0,6379.0,0.0,0.0,0.0,0.0,0.0,0.0,0.0,0.0,0.0,337.0,0.0,0.0,0.0,0.0,5.0
2019-06-02T08:00:00.0,0.0,315.0,0.0,1688.0,6798.0,0.0,0.0,0.0,0.0,0.0,0.0,0.0,0.0,0.0,343.0,0.0,0.0,0.0,0.0,5.0
2019-06-02T09:00:00.0,0.0,352.0,0.0,1681.0,7114.0,0.0,0.0,0.0,0.0,0.0,0.0,0.0,0.0,0.0,341.0,0.0,0.0,0.0,0.0,5.0
2019-06-02T10:00:00.0,0.0,369.0,0.0,1685.0,6692.0,0.0,0.0,0.0,0.0,0.0,0.0,0.0,0.0,0.0,341.0,0.0,0.0,0.0,0.0,5.0
2019-06-02T11:00:00.0,0.0,418.0,0.0,1686.0,6379.0,0.0,0.0,0.0,0.0,0.0,0.0,0.0,0.0,0.0,339.0,0.0,0.0,0.0,0.0,5.0
2019-06-02T12:00:00.0,0.0,480.0,0.0,1683.0,6174.0,0.0,0.0,0.0,0.0,0.0,0.0,0.0,0.0,0.0,341.0,0.0,0.0,0.0,0.0,5.0
2019-06-02T13:00:00.0,0.0,533.0,0.0,1683.0,6279.0,0.0,0.0,0.0,0.0,0.0,0.0,0.0,0.0,0.0,340.0,0.0,0.0,0.0,0.0,5.0
2019-06-02T14:00:00.0,0.0,592.0,0.0,1685.0,6136.0,0.0,0.0,0.0,0.0,0.0,0.0,0.0,0.0,0.0,344.0,0.0,0.0,0.0,0.0,5.0
2019-06-02T15:00:00.0,0.0,636.0,0.0,1689.0,6500.0,0.0,0.0,0.0,0.0,0.0,0.0,0.0,0.0,0.0,344.0,0.0,0.0,0.0,0.0,5.0
2019-06-02T16:00:00.0,0.0,665.0,0.0,1694.0,7604.0,0.0,0.0,0.0,0.0,0.0,0.0,0.0,0.0,0.0,340.0,0.0,0.0,0.0,0.0,5.0
2019-06-02T17:00:00.0,0.0,759.0,0.0,1698.0,9399.0,0.0,0.0,0.0,0.0,0.0,0.0,0.0,0.0,0.0,343.0,0.0,0.0,0.0,0.0,5.0
2019-06-02T18:00:00.0,0.0,756.0,0.0,1696.0,12143.0,0.0,0.0,0.0,0.0,0.0,0.0,0.0,0.0,0.0,346.0,0.0,0.0,0.0,0.0,5.0
2019-06-02T19:00:00.0,0.0,808.0,0.0,1698.0,12505.0,0.0,0.0,0.0,0.0,0.0,0.0,0.0,0.0,0.0,342.0,0.0,0.0,0.0,0.0,5.0
2019-06-02T20:00:00.0,0.0,808.0,0.0,1700.0,11106.0,0.0,0.0,0.0,0.0,0.0,0.0,0.0,0.0,0.0,343.0,0.0,0.0,0.0,0.0,5.0
2019-06-02T21:00:00.0,0.0,860.0,0.0,1705.0,9468.0,0.0,0.0,0.0,0.0,0.0,0.0,0.0,0.0,0.0,338.0,0.0,0.0,0.0,0.0,5.0
2019-06-02T22:00:00.0,0.0,980.0,0.0,1717.0,7094.0,0.0,0.0,0.0,0.0,0.0,0.0,0.0,0.0,0.0,339.0,0.0,0.0,0.0,0.0,5.0
2019-06-02T23:00:00.0,0.0,983.0,0.0,1721.0,5962.0,0.0,0.0,0.0,0.0,0.0,0.0,0.0,0.0,0.0,342.0,0.0,0.0,0.0,0.0,6.0
2019-06-03T00:00:00.0,0.0,969.0,0.0,1725.0,6124.0,0.0,0.0,0.0,0.0,0.0,0.0,0.0,0.0,0.0,347.0,0.0,0.0,0.0,0.0,6.0
2019-06-03T01:00:00.0,0.0,955.0,0.0,1730.0,5939.0,0.0,0.0,0.0,0.0,0.0,0.0,0.0,0.0,0.0,347.0,0.0,0.0,0.0,0.0,6.0
2019-06-03T02:00:00.0,0.0,942.0,0.0,1732.0,5579.0,0.0,0.0,0.0,0.0,0.0,0.0,0.0,0.0,0.0,346.0,0.0,0.0,0.0,0.0,6.0
2019-06-03T03:00:00.0,0.0,880.0,0.0,1733.0,6023.0,0.0,0.0,0.0,0.0,0.0,0.0,0.0,0.0,0.0,343.0,0.0,0.0,0.0,0.0,6.0
2019-06-03T04:00:00.0,0.0,851.0,0.0,1734.0,7279.0,0.0,0.0,0.0,0.0,0.0,0.0,0.0,0.0,0.0,345.0,0.0,0.0,0.0,0.0,6.0
2019-06-03T05:00:00.0,0.0,843.0,0.0,1739.0,10940.0,0.0,0.0,0.0,0.0,0.0,0.0,0.0,0.0,0.0,336.0,0.0,0.0,0.0,0.0,6.0
2019-06-03T06:00:00.0,0.0,713.0,0.0,1757.0,13246.0,0.0,0.0,0.0,0.0,0.0,0.0,0.0,0.0,0.0,346.0,0.0,0.0,0.0,0.0,6.0
2019-06-03T07:00:00.0,0.0,698.0,0.0,1772.0,14016.0,0.0,0.0,0.0,0.0,0.0,0.0,0.0,0.0,0.0,348.0,0.0,0.0,0.0,0.0,6.0
2019-06-03T08:00:00.0,0.0,665.0,0.0,1785.0,14161.0,0.0,0.0,0.0,0.0,0.0,0.0,0.0,0.0,0.0,344.0,0.0,0.0,0.0,0.0,6.0
2019-06-03T09:00:00.0,0.0,598.0,0.0,1780.0,13802.0,0.0,0.0,0.0,0.0,0.0,0.0,0.0,0.0,0.0,344.0,0.0,0.0,0.0,0.0,6.0
2019-06-03T10:00:00.0,0.0,595.0,0.0,1782.0,14111.0,0.0,0.0,0.0,0.0,0.0,0.0,0.0,0.0,0.0,345.0,0.0,0.0,0.0,0.0,6.0
2019-06-03T11:00:00.0,0.0,642.0,0.0,1792.0,13562.0,0.0,0.0,0.0,0.0,0.0,0.0,0.0,0.0,0.0,347.0,0.0,0.0,0.0,0.0,6.0
2019-06-03T12:00:00.0,0.0,605.0,0.0,1795.0,13110.0,0.0,0.0,0.0,0.0,0.0,0.0,0.0,0.0,0.0,345.0,0.0,0.0,0.0,0.0,6.0
2019-06-03T13:00:00.0,0.0,614.0,0.0,1794.0,12509.0,0.0,0.0,0.0,0.0,0.0,0.0,0.0,0.0,0.0,345.0,0.0,0.0,0.0,0.0,6.0
2019-06-03T14:00:00.0,0.0,604.0,0.0,1789.0,12345.0,0.0,0.0,0.0,0.0,0.0,0.0,0.0,0.0,0.0,342.0,0.0,0.0,0.0,0.0,6.0
2019-06-03T15:00:00.0,0.0,594.0,0.0,1786.0,12588.0,0.0,0.0,0.0,0.0,0.0,0.0,0.0,0.0,0.0,333.0,0.0,0.0,0.0,0.0,6.0
2019-06-03T16:00:00.0,0.0,517.0,0.0,1781.0,13411.0,0.0,0.0,0.0,0.0,0.0,0.0,0.0,0.0,0.0,346.0,0.0,0.0,0.0,0.0,6.0
2019-06-03T17:00:00.0,0.0,607.0,0.0,1784.0,13974.0,0.0,0.0,0.0,0.0,0.0,0.0,0.0,0.0,0.0,345.0,0.0,0.0,0.0,0.0,6.0
2019-06-03T18:00:00.0,0.0,587.0,0.0,1784.0,13711.0,0.0,0.0,0.0,0.0,0.0,0.0,0.0,0.0,0.0,346.0,0.0,0.0,0.0,0.0,6.0
2019-06-03T19:00:00.0,0.0,537.0,0.0,1784.0,12655.0,0.0,0.0,0.0,0.0,0.0,0.0,0.0,0.0,0.0,342.0,0.0,0.0,0.0,0.0,6.0
2019-06-03T20:00:00.0,0.0,587.0,0.0,1777.0,11984.0,0.0,0.0,0.0,0.0,0.0,0.0,0.0,0.0,0.0,337.0,0.0,0.0,0.0,0.0,6.0
2019-06-03T21:00:00.0,0.0,539.0,0.0,1772.0,11519.0,0.0,0.0,0.0,0.0,0.0,0.0,0.0,0.0,0.0,343.0,0.0,0.0,0.0,0.0,6.0
2019-06-03T22:00:00.0,0.0,593.0,0.0,1765.0,10673.0,0.0,0.0,0.0,0.0,0.0,0.0,0.0,0.0,0.0,342.0,0.0,0.0,0.0,0.0,6.0
2019-06-03T23:00:00.0,0.0,591.0,0.0,1799.0,9461.0,0.0,0.0,0.0,0.0,0.0,0.0,0.0,0.0,0.0,342.0,0.0,0.0,0.0,0.0,7.0
2019-06-04T00:00:00.0,0.0,614.0,0.0,1799.0,8903.0,0.0,0.0,0.0,0.0,0.0,0.0,0.0,0.0,0.0,344.0,0.0,0.0,0.0,0.0,7.0
2019-06-04T01:00:00.0,0.0,539.0,0.0,1796.0,8359.0,0.0,0.0,0.0,0.0,0.0,0.0,0.0,0.0,0.0,344.0,0.0,0.0,0.0,0.0,7.0
2019-06-04T02:00:00.0,0.0,511.0,0.0,1793.0,8068.0,0.0,0.0,0.0,0.0,0.0,0.0,0.0,0.0,0.0,341.0,0.0,0.0,0.0,0.0,7.0
2019-06-04T03:00:00.0,0.0,465.0,0.0,1794.0,8534.0,0.0,0.0,0.0,0.0,0.0,0.0,0.0,0.0,0.0,341.0,0.0,0.0,0.0,0.0,7.0
2019-06-04T04:00:00.0,0.0,470.0,0.0,1790.0,9280.0,0.0,0.0,0.0,0.0,0.0,0.0,0.0,0.0,0.0,341.0,0.0,0.0,0.0,0.0,7.0
2019-06-04T05:00:00.0,0.0,424.0,0.0,1793.0,11997.0,0.0,0.0,0.0,0.0,0.0,0.0,0.0,0.0,0.0,344.0,0.0,0.0,0.0,0.0,7.0
2019-06-04T06:00:00.0,0.0,381.0,0.0,1804.0,13430.0,0.0,0.0,0.0,0.0,0.0,0.0,0.0,0.0,0.0,344.0,0.0,0.0,0.0,0.0,7.0
2019-06-04T07:00:00.0,0.0,294.0,0.0,1810.0,14361.0,0.0,0.0,0.0,0.0,0.0,0.0,0.0,0.0,0.0,337.0,0.0,0.0,0.0,0.0,7.0
2019-06-04T08:00:00.0,0.0,291.0,0.0,1808.0,14277.0,0.0,0.0,0.0,0.0,0.0,0.0,0.0,0.0,0.0,337.0,0.0,0.0,0.0,0.0,7.0
2019-06-04T09:00:00.0,0.0,286.0,0.0,1800.0,14090.0,0.0,0.0,0.0,0.0,0.0,0.0,0.0,0.0,0.0,343.0,0.0,0.0,0.0,0.0,7.0
2019-06-04T10:00:00.0,0.0,286.0,0.0,1805.0,13540.0,0.0,0.0,0.0,0.0,0.0,0.0,0.0,0.0,0.0,336.0,0.0,0.0,0.0,0.0,7.0
2019-06-04T11:00:00.0,0.0,311.0,0.0,1812.0,13042.0,0.0,0.0,0.0,0.0,0.0,0.0,0.0,0.0,0.0,343.0,0.0,0.0,0.0,0.0,7.0
2019-06-04T12:00:00.0,0.0,282.0,0.0,1813.0,12315.0,0.0,0.0,0.0,0.0,0.0,0.0,0.0,0.0,0.0,324.0,0.0,0.0,0.0,0.0,7.0
2019-06-04T13:00:00.0,0.0,268.0,0.0,1813.0,12080.0,0.0,0.0,0.0,0.0,0.0,0.0,0.0,0.0,0.0,324.0,0.0,0.0,0.0,0.0,7.0
2019-06-04T14:00:00.0,0.0,275.0,0.0,1812.0,11501.0,0.0,0.0,0.0,0.0,0.0,0.0,0.0,0.0,0.0,334.0,0.0,0.0,0.0,0.0,7.0
2019-06-04T15:00:00.0,0.0,238.0,0.0,1811.0,11993.0,0.0,0.0,0.0,0.0,0.0,0.0,0.0,0.0,0.0,328.0,0.0,0.0,0.0,0.0,7.0
2019-06-04T16:00:00.0,0.0,220.0,0.0,1808.0,12981.0,0.0,0.0,0.0,0.0,0.0,0.0,0.0,0.0,0.0,335.0,0.0,0.0,0.0,0.0,7.0
2019-06-04T17:00:00.0,0.0,192.0,0.0,1806.0,12694.0,0.0,0.0,0.0,0.0,0.0,0.0,0.0,0.0,0.0,339.0,0.0,0.0,0.0,0.0,7.0
2019-06-04T18:00:00.0,0.0,169.0,0.0,1805.0,12589.0,0.0,0.0,0.0,0.0,0.0,0.0,0.0,0.0,0.0,341.0,0.0,0.0,0.0,0.0,7.0
2019-06-04T19:00:00.0,0.0,159.0,0.0,1804.0,12026.0,0.0,0.0,0.0,0.0,0.0,0.0,0.0,0.0,0.0,339.0,0.0,0.0,0.0,0.0,7.0
2019-06-04T20:00:00.0,0.0,199.0,0.0,1799.0,10769.0,0.0,0.0,0.0,0.0,0.0,0.0,0.0,0.0,0.0,341.0,0.0,0.0,0.0,0.0,7.0
2019-06-04T21:00:00.0,0.0,243.0,0.0,1793.0,9900.0,0.0,0.0,0.0,0.0,0.0,0.0,0.0,0.0,0.0,345.0,0.0,0.0,0.0,0.0,7.0
2019-06-04T22:00:00.0,0.0,211.0,0.0,1788.0,8667.0,0.0,0.0,0.0,0.0,0.0,0.0,0.0,0.0,0.0,343.0,0.0,0.0,0.0,0.0,7.0
2019-06-04T23:00:00.0,0.0,288.0,0.0,1807.0,7924.0,0.0,0.0,0.0,0.0,0.0,0.0,0.0,0.0,0.0,343.0,0.0,0.0,0.0,0.0,6.0
2019-06-05T00:00:00.0,0.0,336.0,0.0,1806.0,7426.0,0.0,0.0,0.0,0.0,0.0,0.0,0.0,0.0,0.0,340.0,0.0,0.0,0.0,0.0,6.0
2019-06-05T01:00:00.0,0.0,445.0,0.0,1802.0,7046.0,0.0,0.0,0.0,0.0,0.0,0.0,0.0,0.0,0.0,341.0,0.0,0.0,0.0,0.0,6.0
2019-06-05T02:00:00.0,0.0,499.0,0.0,1799.0,6720.0,0.0,0.0,0.0,0.0,0.0,0.0,0.0,0.0,0.0,342.0,0.0,0.0,0.0,0.0,6.0
2019-06-05T03:00:00.0,0.0,523.0,0.0,1797.0,6356.0,0.0,0.0,0.0,0.0,0.0,0.0,0.0,0.0,0.0,343.0,0.0,0.0,0.0,0.0,6.0
2019-06-05T04:00:00.0,0.0,556.0,0.0,1793.0,7218.0,0.0,0.0,0.0,0.0,0.0,0.0,0.0,0.0,0.0,344.0,0.0,0.0,0.0,0.0,6.0
2019-06-05T05:00:00.0,0.0,573.0,0.0,1801.0,10179.0,0.0,0.0,0.0,0.0,0.0,0.0,0.0,0.0,0.0,346.0,0.0,0.0,0.0,0.0,6.0
2019-06-05T06:00:00.0,0.0,562.0,0.0,1796.0,12776.0,0.0,0.0,0.0,0.0,0.0,0.0,0.0,0.0,0.0,345.0,0.0,0.0,0.0,0.0,6.0
2019-06-05T07:00:00.0,0.0,515.0,0.0,1800.0,14027.0,0.0,0.0,0.0,0.0,0.0,0.0,0.0,0.0,0.0,347.0,0.0,0.0,0.0,0.0,6.0
2019-06-05T08:00:00.0,0.0,513.0,0.0,1801.0,14240.0,0.0,0.0,0.0,0.0,0.0,0.0,0.0,0.0,0.0,342.0,0.0,0.0,0.0,0.0,6.0
2019-06-05T09:00:00.0,0.0,497.0,0.0,1795.0,14385.0,0.0,0.0,0.0,0.0,0.0,0.0,0.0,0.0,0.0,341.0,0.0,0.0,0.0,0.0,6.0
2019-06-05T10:00:00.0,0.0,491.0,0.0,1795.0,14402.0,0.0,0.0,0.0,0.0,0.0,0.0,0.0,0.0,0.0,342.0,0.0,0.0,0.0,0.0,6.0
2019-06-05T11:00:00.0,0.0,557.0,0.0,1786.0,14138.0,0.0,0.0,0.0,0.0,0.0,0.0,0.0,0.0,0.0,345.0,0.0,0.0,0.0,0.0,6.0
2019-06-05T12:00:00.0,0.0,552.0,0.0,1784.0,13506.0,0.0,0.0,0.0,0.0,0.0,0.0,0.0,0.0,0.0,334.0,0.0,0.0,0.0,0.0,6.0
2019-06-05T13:00:00.0,0.0,557.0,0.0,1785.0,13064.0,0.0,0.0,0.0,0.0,0.0,0.0,0.0,0.0,0.0,335.0,0.0,0.0,0.0,0.0,6.0
2019-06-05T14:00:00.0,0.0,564.0,0.0,1780.0,13349.0,0.0,0.0,0.0,0.0,0.0,0.0,0.0,0.0,0.0,338.0,0.0,0.0,0.0,0.0,5.0
2019-06-05T15:00:00.0,0.0,553.0,0.0,1778.0,13078.0,0.0,0.0,0.0,0.0,0.0,0.0,0.0,0.0,0.0,342.0,0.0,0.0,0.0,0.0,5.0
2019-06-05T16:00:00.0,0.0,555.0,0.0,1782.0,13053.0,0.0,0.0,0.0,0.0,0.0,0.0,0.0,0.0,0.0,345.0,0.0,0.0,0.0,0.0,4.0
2019-06-05T17:00:00.0,0.0,487.0,0.0,1782.0,12744.0,0.0,0.0,0.0,0.0,0.0,0.0,0.0,0.0,0.0,340.0,0.0,0.0,0.0,0.0,3.0
2019-06-05T18:00:00.0,0.0,410.0,0.0,1784.0,12581.0,0.0,0.0,0.0,0.0,0.0,0.0,0.0,0.0,0.0,344.0,0.0,0.0,0.0,0.0,3.0
2019-06-05T19:00:00.0,0.0,340.0,0.0,1778.0,12087.0,0.0,0.0,0.0,0.0,0.0,0.0,0.0,0.0,0.0,345.0,0.0,0.0,0.0,0.0,3.0
2019-06-05T20:00:00.0,0.0,256.0,0.0,1779.0,11189.0,0.0,0.0,0.0,0.0,0.0,0.0,0.0,0.0,0.0,342.0,0.0,0.0,0.0,0.0,3.0
2019-06-05T21:00:00.0,0.0,190.0,0.0,1776.0,10392.0,0.0,0.0,0.0,0.0,0.0,0.0,0.0,0.0,0.0,334.0,0.0,0.0,0.0,0.0,3.0
2019-06-05T22:00:00.0,0.0,137.0,0.0,1771.0,8894.0,0.0,0.0,0.0,0.0,0.0,0.0,0.0,0.0,0.0,341.0,0.0,0.0,0.0,0.0,3.0
2019-06-05T23:00:00.0,0.0,178.0,0.0,1755.0,7442.0,0.0,0.0,0.0,0.0,0.0,0.0,0.0,0.0,0.0,338.0,0.0,0.0,0.0,0.0,2.0
2019-06-06T00:00:00.0,0.0,146.0,0.0,1754.0,6624.0,0.0,0.0,0.0,0.0,0.0,0.0,0.0,0.0,0.0,341.0,0.0,0.0,0.0,0.0,2.0
2019-06-06T01:00:00.0,0.0,196.0,0.0,1753.0,6289.0,0.0,0.0,0.0,0.0,0.0,0.0,0.0,0.0,0.0,343.0,0.0,0.0,0.0,0.0,2.0
2019-06-06T02:00:00.0,0.0,203.0,0.0,1750.0,6201.0,0.0,0.0,0.0,0.0,0.0,0.0,0.0,0.0,0.0,339.0,0.0,0.0,0.0,0.0,2.0
2019-06-06T03:00:00.0,0.0,242.0,0.0,1748.0,6335.0,0.0,0.0,0.0,0.0,0.0,0.0,0.0,0.0,0.0,337.0,0.0,0.0,0.0,0.0,2.0
2019-06-06T04:00:00.0,0.0,286.0,0.0,1747.0,6782.0,0.0,0.0,0.0,0.0,0.0,0.0,0.0,0.0,0.0,330.0,0.0,0.0,0.0,0.0,2.0
2019-06-06T05:00:00.0,0.0,347.0,0.0,1750.0,9016.0,0.0,0.0,0.0,0.0,0.0,0.0,0.0,0.0,0.0,331.0,0.0,0.0,0.0,0.0,2.0
2019-06-06T06:00:00.0,0.0,368.0,0.0,1751.0,11107.0,0.0,0.0,0.0,0.0,0.0,0.0,0.0,0.0,0.0,329.0,0.0,0.0,0.0,0.0,2.0
2019-06-06T07:00:00.0,0.0,411.0,0.0,1753.0,11624.0,0.0,0.0,0.0,0.0,0.0,0.0,0.0,0.0,0.0,325.0,0.0,0.0,0.0,0.0,2.0
2019-06-06T08:00:00.0,0.0,467.0,0.0,1750.0,12210.0,0.0,0.0,0.0,0.0,0.0,0.0,0.0,0.0,0.0,324.0,0.0,0.0,0.0,0.0,2.0
2019-06-06T09:00:00.0,0.0,576.0,0.0,1752.0,11482.0,0.0,0.0,0.0,0.0,0.0,0.0,0.0,0.0,0.0,331.0,0.0,0.0,0.0,0.0,2.0
2019-06-06T10:00:00.0,0.0,646.0,0.0,1751.0,10996.0,0.0,0.0,0.0,0.0,0.0,0.0,0.0,0.0,0.0,340.0,0.0,0.0,0.0,0.0,2.0
2019-06-06T11:00:00.0,0.0,645.0,0.0,1749.0,10403.0,0.0,0.0,0.0,0.0,0.0,0.0,0.0,0.0,0.0,342.0,0.0,0.0,0.0,0.0,2.0
2019-06-06T12:00:00.0,0.0,777.0,0.0,1741.0,10232.0,0.0,0.0,0.0,0.0,0.0,0.0,0.0,0.0,0.0,342.0,0.0,0.0,0.0,0.0,2.0
2019-06-06T13:00:00.0,0.0,820.0,0.0,1743.0,9962.0,0.0,0.0,0.0,0.0,0.0,0.0,0.0,0.0,0.0,344.0,0.0,0.0,0.0,0.0,1.0
2019-06-06T14:00:00.0,0.0,842.0,0.0,1741.0,9878.0,0.0,0.0,0.0,0.0,0.0,0.0,0.0,0.0,0.0,338.0,0.0,0.0,0.0,0.0,2.0
2019-06-06T15:00:00.0,0.0,899.0,0.0,1742.0,9978.0,0.0,0.0,0.0,0.0,0.0,0.0,0.0,0.0,0.0,336.0,0.0,0.0,0.0,0.0,1.0
2019-06-06T16:00:00.0,0.0,873.0,0.0,1744.0,10697.0,0.0,0.0,0.0,0.0,0.0,0.0,0.0,0.0,0.0,346.0,0.0,0.0,0.0,0.0,3.0
2019-06-06T17:00:00.0,0.0,735.0,0.0,1748.0,11668.0,0.0,0.0,0.0,0.0,0.0,0.0,0.0,0.0,0.0,346.0,0.0,0.0,0.0,0.0,4.0
2019-06-06T18:00:00.0,0.0,724.0,0.0,1753.0,11963.0,0.0,0.0,0.0,0.0,0.0,0.0,0.0,0.0,0.0,345.0,0.0,0.0,0.0,0.0,4.0
2019-06-06T19:00:00.0,0.0,660.0,0.0,1751.0,11283.0,0.0,0.0,0.0,0.0,0.0,0.0,0.0,0.0,0.0,347.0,0.0,0.0,0.0,0.0,4.0
2019-06-06T20:00:00.0,0.0,604.0,0.0,1754.0,10984.0,0.0,0.0,0.0,0.0,0.0,0.0,0.0,0.0,0.0,333.0,0.0,0.0,0.0,0.0,4.0
2019-06-06T21:00:00.0,0.0,675.0,0.0,1755.0,10726.0,0.0,0.0,0.0,0.0,0.0,0.0,0.0,0.0,0.0,333.0,0.0,0.0,0.0,0.0,4.0
2019-06-06T22:00:00.0,0.0,691.0,0.0,1755.0,10165.0,0.0,0.0,0.0,0.0,0.0,0.0,0.0,0.0,0.0,339.0,0.0,0.0,0.0,0.0,4.0
2019-06-06T23:00:00.0,0.0,642.0,0.0,1757.0,9476.0,0.0,0.0,0.0,0.0,0.0,0.0,0.0,0.0,0.0,338.0,0.0,0.0,0.0,0.0,4.0
2019-06-07T00:00:00.0,0.0,594.0,0.0,1756.0,8959.0,0.0,0.0,0.0,0.0,0.0,0.0,0.0,0.0,0.0,330.0,0.0,0.0,0.0,0.0,4.0
2019-06-07T01:00:00.0,0.0,620.0,0.0,1757.0,8554.0,0.0,0.0,0.0,0.0,0.0,0.0,0.0,0.0,0.0,329.0,0.0,0.0,0.0,0.0,4.0
2019-06-07T02:00:00.0,0.0,553.0,0.0,1757.0,8217.0,0.0,0.0,0.0,0.0,0.0,0.0,0.0,0.0,0.0,341.0,0.0,0.0,0.0,0.0,4.0
2019-06-07T03:00:00.0,0.0,486.0,0.0,1756.0,7790.0,0.0,0.0,0.0,0.0,0.0,0.0,0.0,0.0,0.0,340.0,0.0,0.0,0.0,0.0,5.0
2019-06-07T04:00:00.0,0.0,508.0,0.0,1756.0,8698.0,0.0,0.0,0.0,0.0,0.0,0.0,0.0,0.0,0.0,338.0,0.0,0.0,0.0,0.0,5.0
2019-06-07T05:00:00.0,0.0,414.0,0.0,1759.0,10487.0,0.0,0.0,0.0,0.0,0.0,0.0,0.0,0.0,0.0,337.0,0.0,0.0,0.0,0.0,5.0
2019-06-07T06:00:00.0,0.0,423.0,0.0,1763.0,12259.0,0.0,0.0,0.0,0.0,0.0,0.0,0.0,0.0,0.0,335.0,0.0,0.0,0.0,0.0,5.0
2019-06-07T07:00:00.0,0.0,386.0,0.0,1758.0,13021.0,0.0,0.0,0.0,0.0,0.0,0.0,0.0,0.0,0.0,338.0,0.0,0.0,0.0,0.0,5.0
2019-06-07T08:00:00.0,0.0,384.0,0.0,1767.0,12990.0,0.0,0.0,0.0,0.0,0.0,0.0,0.0,0.0,0.0,337.0,0.0,0.0,0.0,0.0,2.0
2019-06-07T09:00:00.0,0.0,351.0,0.0,1770.0,12731.0,0.0,0.0,0.0,0.0,0.0,0.0,0.0,0.0,0.0,334.0,0.0,0.0,0.0,0.0,2.0
2019-06-07T10:00:00.0,0.0,259.0,0.0,1772.0,12649.0,0.0,0.0,0.0,0.0,0.0,0.0,0.0,0.0,0.0,332.0,0.0,0.0,0.0,0.0,1.0
2019-06-07T11:00:00.0,0.0,305.0,0.0,1785.0,11930.0,0.0,0.0,0.0,0.0,0.0,0.0,0.0,0.0,0.0,330.0,0.0,0.0,0.0,0.0,1.0
2019-06-07T12:00:00.0,0.0,317.0,0.0,1781.0,10700.0,0.0,0.0,0.0,0.0,0.0,0.0,0.0,0.0,0.0,329.0,0.0,0.0,0.0,0.0,1.0
2019-06-07T13:00:00.0,0.0,303.0,0.0,1768.0,10054.0,0.0,0.0,0.0,0.0,0.0,0.0,0.0,0.0,0.0,326.0,0.0,0.0,0.0,0.0,1.0
2019-06-07T14:00:00.0,0.0,274.0,0.0,1773.0,10048.0,0.0,0.0,0.0,0.0,0.0,0.0,0.0,0.0,0.0,278.0,0.0,0.0,0.0,0.0,1.0
2019-06-07T15:00:00.0,0.0,274.0,0.0,1777.0,10707.0,0.0,0.0,0.0,0.0,0.0,0.0,0.0,0.0,0.0,274.0,0.0,0.0,0.0,0.0,2.0
2019-06-07T16:00:00.0,0.0,246.0,0.0,1780.0,11502.0,0.0,0.0,0.0,0.0,0.0,0.0,0.0,0.0,0.0,270.0,0.0,0.0,0.0,0.0,2.0
2019-06-07T17:00:00.0,0.0,142.0,0.0,1760.0,11195.0,0.0,0.0,0.0,0.0,0.0,0.0,0.0,0.0,0.0,285.0,0.0,0.0,0.0,0.0,2.0
2019-06-07T18:00:00.0,0.0,109.0,0.0,1755.0,11477.0,0.0,0.0,0.0,0.0,0.0,0.0,0.0,0.0,0.0,285.0,0.0,0.0,0.0,0.0,2.0
2019-06-07T19:00:00.0,0.0,126.0,0.0,1743.0,11130.0,0.0,0.0,0.0,0.0,0.0,0.0,0.0,0.0,0.0,295.0,0.0,0.0,0.0,0.0,2.0
2019-06-07T20:00:00.0,0.0,86.0,0.0,1734.0,10679.0,0.0,0.0,0.0,0.0,0.0,0.0,0.0,0.0,0.0,311.0,0.0,0.0,0.0,0.0,2.0
2019-06-07T21:00:00.0,0.0,111.0,0.0,1719.0,9944.0,0.0,0.0,0.0,0.0,0.0,0.0,0.0,0.0,0.0,322.0,0.0,0.0,0.0,0.0,5.0
2019-06-07T22:00:00.0,0.0,104.0,0.0,1713.0,9198.0,0.0,0.0,0.0,0.0,0.0,0.0,0.0,0.0,0.0,329.0,0.0,0.0,0.0,0.0,5.0
2019-06-07T23:00:00.0,0.0,95.0,0.0,1699.0,8435.0,0.0,0.0,0.0,0.0,0.0,0.0,0.0,0.0,0.0,333.0,0.0,0.0,0.0,0.0,5.0
2019-06-08T00:00:00.0,0.0,51.0,0.0,1694.0,7317.0,0.0,0.0,0.0,0.0,0.0,0.0,0.0,0.0,0.0,333.0,0.0,0.0,0.0,0.0,5.0
2019-06-08T01:00:00.0,0.0,108.0,0.0,1691.0,6664.0,0.0,0.0,0.0,0.0,0.0,0.0,0.0,0.0,0.0,345.0,0.0,0.0,0.0,0.0,5.0
2019-06-08T02:00:00.0,0.0,152.0,0.0,1686.0,6453.0,0.0,0.0,0.0,0.0,0.0,0.0,0.0,0.0,0.0,345.0,0.0,0.0,0.0,0.0,5.0
2019-06-08T03:00:00.0,0.0,219.0,0.0,1685.0,6031.0,0.0,0.0,0.0,0.0,0.0,0.0,0.0,0.0,0.0,344.0,0.0,0.0,0.0,0.0,5.0
2019-06-08T04:00:00.0,0.0,256.0,0.0,1684.0,6134.0,0.0,0.0,0.0,0.0,0.0,0.0,0.0,0.0,0.0,344.0,0.0,0.0,0.0,0.0,5.0
2019-06-08T05:00:00.0,0.0,343.0,0.0,1686.0,6492.0,0.0,0.0,0.0,0.0,0.0,0.0,0.0,0.0,0.0,333.0,0.0,0.0,0.0,0.0,4.0
2019-06-08T06:00:00.0,0.0,333.0,0.0,1683.0,6867.0,0.0,0.0,0.0,0.0,0.0,0.0,0.0,0.0,0.0,332.0,0.0,0.0,0.0,0.0,4.0
2019-06-08T07:00:00.0,0.0,453.0,0.0,1682.0,7218.0,0.0,0.0,0.0,0.0,0.0,0.0,0.0,0.0,0.0,334.0,0.0,0.0,0.0,0.0,4.0
2019-06-08T08:00:00.0,0.0,556.0,0.0,1688.0,7895.0,0.0,0.0,0.0,0.0,0.0,0.0,0.0,0.0,0.0,334.0,0.0,0.0,0.0,0.0,4.0
2019-06-08T09:00:00.0,0.0,491.0,0.0,1682.0,7504.0,0.0,0.0,0.0,0.0,0.0,0.0,0.0,0.0,0.0,334.0,0.0,0.0,0.0,0.0,4.0
2019-06-08T10:00:00.0,0.0,557.0,0.0,1684.0,7177.0,0.0,0.0,0.0,0.0,0.0,0.0,0.0,0.0,0.0,330.0,0.0,0.0,0.0,0.0,4.0
2019-06-08T11:00:00.0,0.0,481.0,0.0,1681.0,6990.0,0.0,0.0,0.0,0.0,0.0,0.0,0.0,0.0,0.0,332.0,0.0,0.0,0.0,0.0,4.0
2019-06-08T12:00:00.0,0.0,577.0,0.0,1682.0,6618.0,0.0,0.0,0.0,0.0,0.0,0.0,0.0,0.0,0.0,332.0,0.0,0.0,0.0,0.0,4.0
2019-06-08T13:00:00.0,0.0,548.0,0.0,1684.0,6391.0,0.0,0.0,0.0,0.0,0.0,0.0,0.0,0.0,0.0,334.0,0.0,0.0,0.0,0.0,4.0
2019-06-08T14:00:00.0,0.0,558.0,0.0,1685.0,6635.0,0.0,0.0,0.0,0.0,0.0,0.0,0.0,0.0,0.0,333.0,0.0,0.0,0.0,0.0,4.0
2019-06-08T15:00:00.0,0.0,579.0,0.0,1686.0,7004.0,0.0,0.0,0.0,0.0,0.0,0.0,0.0,0.0,0.0,336.0,0.0,0.0,0.0,0.0,4.0
2019-06-08T16:00:00.0,0.0,601.0,0.0,1685.0,7012.0,0.0,0.0,0.0,0.0,0.0,0.0,0.0,0.0,0.0,336.0,0.0,0.0,0.0,0.0,4.0
2019-06-08T17:00:00.0,0.0,744.0,0.0,1686.0,7375.0,0.0,0.0,0.0,0.0,0.0,0.0,0.0,0.0,0.0,336.0,0.0,0.0,0.0,0.0,4.0
2019-06-08T18:00:00.0,0.0,839.0,0.0,1688.0,8236.0,0.0,0.0,0.0,0.0,0.0,0.0,0.0,0.0,0.0,337.0,0.0,0.0,0.0,0.0,3.0
2019-06-08T19:00:00.0,0.0,823.0,0.0,1689.0,8341.0,0.0,0.0,0.0,0.0,0.0,0.0,0.0,0.0,0.0,341.0,0.0,0.0,0.0,0.0,3.0
2019-06-08T20:00:00.0,0.0,716.0,0.0,1688.0,8170.0,0.0,0.0,0.0,0.0,0.0,0.0,0.0,0.0,0.0,342.0,0.0,0.0,0.0,0.0,3.0
2019-06-08T21:00:00.0,0.0,682.0,0.0,1690.0,7712.0,0.0,0.0,0.0,0.0,0.0,0.0,0.0,0.0,0.0,338.0,0.0,0.0,0.0,0.0,3.0
2019-06-08T22:00:00.0,0.0,655.0,0.0,1691.0,7252.0,0.0,0.0,0.0,0.0,0.0,0.0,0.0,0.0,0.0,348.0,0.0,0.0,0.0,0.0,3.0
2019-06-08T23:00:00.0,0.0,574.0,0.0,1684.0,6811.0,0.0,0.0,0.0,0.0,0.0,0.0,0.0,0.0,0.0,341.0,0.0,0.0,0.0,0.0,3.0
2019-06-09T00:00:00.0,0.0,506.0,0.0,1677.0,6147.0,0.0,0.0,0.0,0.0,0.0,0.0,0.0,0.0,0.0,340.0,0.0,0.0,0.0,0.0,3.0
2019-06-09T01:00:00.0,0.0,456.0,0.0,1675.0,5869.0,0.0,0.0,0.0,0.0,0.0,0.0,0.0,0.0,0.0,342.0,0.0,0.0,0.0,0.0,3.0
2019-06-09T02:00:00.0,0.0,432.0,0.0,1677.0,5785.0,0.0,0.0,0.0,0.0,0.0,0.0,0.0,0.0,0.0,344.0,0.0,0.0,0.0,0.0,3.0
2019-06-09T03:00:00.0,0.0,320.0,0.0,1677.0,5458.0,0.0,0.0,0.0,0.0,0.0,0.0,0.0,0.0,0.0,343.0,0.0,0.0,0.0,0.0,3.0
2019-06-09T04:00:00.0,0.0,291.0,0.0,1679.0,5665.0,0.0,0.0,0.0,0.0,0.0,0.0,0.0,0.0,0.0,341.0,0.0,0.0,0.0,0.0,3.0
2019-06-09T05:00:00.0,0.0,400.0,0.0,1679.0,5979.0,0.0,0.0,0.0,0.0,0.0,0.0,0.0,0.0,0.0,342.0,0.0,0.0,0.0,0.0,3.0
2019-06-09T06:00:00.0,0.0,497.0,0.0,1691.0,6479.0,0.0,0.0,0.0,0.0,0.0,0.0,0.0,0.0,0.0,341.0,0.0,0.0,0.0,0.0,3.0
2019-06-09T07:00:00.0,0.0,611.0,0.0,1698.0,6988.0,0.0,0.0,0.0,0.0,0.0,0.0,0.0,0.0,0.0,342.0,0.0,0.0,0.0,0.0,3.0
2019-06-09T08:00:00.0,0.0,565.0,0.0,1698.0,6958.0,0.0,0.0,0.0,0.0,0.0,0.0,0.0,0.0,0.0,340.0,0.0,0.0,0.0,0.0,3.0
2019-06-09T09:00:00.0,0.0,657.0,0.0,1702.0,6863.0,0.0,0.0,0.0,0.0,0.0,0.0,0.0,0.0,0.0,341.0,0.0,0.0,0.0,0.0,3.0
2019-06-09T10:00:00.0,0.0,650.0,0.0,1691.0,6615.0,0.0,0.0,0.0,0.0,0.0,0.0,0.0,0.0,0.0,336.0,0.0,0.0,0.0,0.0,3.0
2019-06-09T11:00:00.0,0.0,661.0,0.0,1701.0,6560.0,0.0,0.0,0.0,0.0,0.0,0.0,0.0,0.0,0.0,335.0,0.0,0.0,0.0,0.0,3.0
2019-06-09T12:00:00.0,0.0,648.0,0.0,1703.0,6834.0,0.0,0.0,0.0,0.0,0.0,0.0,0.0,0.0,0.0,335.0,0.0,0.0,0.0,0.0,3.0
2019-06-09T13:00:00.0,0.0,627.0,0.0,1700.0,6781.0,0.0,0.0,0.0,0.0,0.0,0.0,0.0,0.0,0.0,334.0,0.0,0.0,0.0,0.0,3.0
2019-06-09T14:00:00.0,0.0,667.0,0.0,1704.0,7455.0,0.0,0.0,0.0,0.0,0.0,0.0,0.0,0.0,0.0,338.0,0.0,0.0,0.0,0.0,3.0
2019-06-09T15:00:00.0,0.0,589.0,0.0,1708.0,8459.0,0.0,0.0,0.0,0.0,0.0,0.0,0.0,0.0,0.0,334.0,0.0,0.0,0.0,0.0,3.0
2019-06-09T16:00:00.0,0.0,597.0,0.0,1711.0,9303.0,0.0,0.0,0.0,0.0,0.0,0.0,0.0,0.0,0.0,332.0,0.0,0.0,0.0,0.0,3.0
2019-06-09T17:00:00.0,0.0,646.0,0.0,1718.0,10001.0,0.0,0.0,0.0,0.0,0.0,0.0,0.0,0.0,0.0,330.0,0.0,0.0,0.0,0.0,3.0
2019-06-09T18:00:00.0,0.0,675.0,0.0,1718.0,10131.0,0.0,0.0,0.0,0.0,0.0,0.0,0.0,0.0,0.0,331.0,0.0,0.0,0.0,0.0,3.0
2019-06-09T19:00:00.0,0.0,639.0,0.0,1720.0,10023.0,0.0,0.0,0.0,0.0,0.0,0.0,0.0,0.0,0.0,337.0,0.0,0.0,0.0,0.0,3.0
2019-06-09T20:00:00.0,0.0,605.0,0.0,1723.0,9978.0,0.0,0.0,0.0,0.0,0.0,0.0,0.0,0.0,0.0,336.0,0.0,0.0,0.0,0.0,3.0
2019-06-09T21:00:00.0,0.0,720.0,0.0,1721.0,9839.0,0.0,0.0,0.0,0.0,0.0,0.0,0.0,0.0,0.0,335.0,0.0,0.0,0.0,0.0,3.0
2019-06-09T22:00:00.0,0.0,776.0,0.0,1720.0,9560.0,0.0,0.0,0.0,0.0,0.0,0.0,0.0,0.0,0.0,336.0,0.0,0.0,0.0,0.0,3.0
2019-06-09T23:00:00.0,0.0,612.0,0.0,1718.0,8495.0,0.0,0.0,0.0,0.0,0.0,0.0,0.0,0.0,0.0,333.0,0.0,0.0,0.0,0.0,3.0
2019-06-10T00:00:00.0,0.0,680.0,0.0,1714.0,7472.0,0.0,0.0,0.0,0.0,0.0,0.0,0.0,0.0,0.0,331.0,0.0,0.0,0.0,0.0,4.0
2019-06-10T01:00:00.0,0.0,606.0,0.0,1713.0,7095.0,0.0,0.0,0.0,0.0,0.0,0.0,0.0,0.0,0.0,333.0,0.0,0.0,0.0,0.0,4.0
2019-06-10T02:00:00.0,0.0,658.0,0.0,1716.0,7003.0,0.0,0.0,0.0,0.0,0.0,0.0,0.0,0.0,0.0,335.0,0.0,0.0,0.0,0.0,4.0
2019-06-10T03:00:00.0,0.0,639.0,0.0,1714.0,7138.0,0.0,0.0,0.0,0.0,0.0,0.0,0.0,0.0,0.0,334.0,0.0,0.0,0.0,0.0,4.0
2019-06-10T04:00:00.0,0.0,731.0,0.0,1714.0,7434.0,0.0,0.0,0.0,0.0,0.0,0.0,0.0,0.0,0.0,323.0,0.0,0.0,0.0,0.0,4.0
2019-06-10T05:00:00.0,0.0,738.0,0.0,1722.0,8124.0,0.0,0.0,0.0,0.0,0.0,0.0,0.0,0.0,0.0,323.0,0.0,0.0,0.0,0.0,4.0
2019-06-10T06:00:00.0,0.0,610.0,0.0,1727.0,9279.0,0.0,0.0,0.0,0.0,0.0,0.0,0.0,0.0,0.0,324.0,0.0,0.0,0.0,0.0,4.0
2019-06-10T07:00:00.0,0.0,697.0,0.0,1740.0,10451.0,0.0,0.0,0.0,0.0,0.0,0.0,0.0,0.0,0.0,323.0,0.0,0.0,0.0,0.0,4.0
2019-06-10T08:00:00.0,0.0,563.0,0.0,1751.0,10506.0,0.0,0.0,0.0,0.0,0.0,0.0,0.0,0.0,0.0,336.0,0.0,0.0,0.0,0.0,4.0
2019-06-10T09:00:00.0,0.0,623.0,0.0,1743.0,10366.0,0.0,0.0,0.0,0.0,0.0,0.0,0.0,0.0,0.0,341.0,0.0,0.0,0.0,0.0,4.0
2019-06-10T10:00:00.0,0.0,644.0,0.0,1745.0,10217.0,0.0,0.0,0.0,0.0,0.0,0.0,0.0,0.0,0.0,342.0,0.0,0.0,0.0,0.0,4.0
2019-06-10T11:00:00.0,0.0,539.0,0.0,1740.0,9716.0,0.0,0.0,0.0,0.0,0.0,0.0,0.0,0.0,0.0,342.0,0.0,0.0,0.0,0.0,4.0
2019-06-10T12:00:00.0,0.0,495.0,0.0,1745.0,8567.0,0.0,0.0,0.0,0.0,0.0,0.0,0.0,0.0,0.0,341.0,0.0,0.0,0.0,0.0,4.0
2019-06-10T13:00:00.0,0.0,421.0,0.0,1740.0,8520.0,0.0,0.0,0.0,0.0,0.0,0.0,0.0,0.0,0.0,341.0,0.0,0.0,0.0,0.0,4.0
2019-06-10T14:00:00.0,0.0,482.0,0.0,1742.0,9145.0,0.0,0.0,0.0,0.0,0.0,0.0,0.0,0.0,0.0,341.0,0.0,0.0,0.0,0.0,4.0
2019-06-10T15:00:00.0,0.0,446.0,0.0,1735.0,9839.0,0.0,0.0,0.0,0.0,0.0,0.0,0.0,0.0,0.0,341.0,0.0,0.0,0.0,0.0,4.0
2019-06-10T16:00:00.0,0.0,372.0,0.0,1727.0,10974.0,0.0,0.0,0.0,0.0,0.0,0.0,0.0,0.0,0.0,341.0,0.0,0.0,0.0,0.0,4.0
2019-06-10T17:00:00.0,0.0,330.0,0.0,1731.0,11777.0,0.0,0.0,0.0,0.0,0.0,0.0,0.0,0.0,0.0,343.0,0.0,0.0,0.0,0.0,5.0
2019-06-10T18:00:00.0,0.0,328.0,0.0,1723.0,11805.0,0.0,0.0,0.0,0.0,0.0,0.0,0.0,0.0,0.0,345.0,0.0,0.0,0.0,0.0,5.0
2019-06-10T19:00:00.0,0.0,266.0,0.0,1721.0,11473.0,0.0,0.0,0.0,0.0,0.0,0.0,0.0,0.0,0.0,344.0,0.0,0.0,0.0,0.0,5.0
2019-06-10T20:00:00.0,0.0,260.0,0.0,1722.0,11009.0,0.0,0.0,0.0,0.0,0.0,0.0,0.0,0.0,0.0,347.0,0.0,0.0,0.0,0.0,5.0
2019-06-10T21:00:00.0,0.0,264.0,0.0,1722.0,10400.0,0.0,0.0,0.0,0.0,0.0,0.0,0.0,0.0,0.0,348.0,0.0,0.0,0.0,0.0,5.0
2019-06-10T22:00:00.0,0.0,271.0,0.0,1718.0,9680.0,0.0,0.0,0.0,0.0,0.0,0.0,0.0,0.0,0.0,347.0,0.0,0.0,0.0,0.0,5.0
2019-06-10T23:00:00.0,0.0,281.0,0.0,1718.0,8559.0,0.0,0.0,0.0,0.0,0.0,0.0,0.0,0.0,0.0,342.0,0.0,0.0,0.0,0.0,5.0
2019-06-11T00:00:00.0,0.0,287.0,0.0,1715.0,7679.0,0.0,0.0,0.0,0.0,0.0,0.0,0.0,0.0,0.0,343.0,0.0,0.0,0.0,0.0,5.0
2019-06-11T01:00:00.0,0.0,263.0,0.0,1711.0,7627.0,0.0,0.0,0.0,0.0,0.0,0.0,0.0,0.0,0.0,343.0,0.0,0.0,0.0,0.0,5.0
2019-06-11T02:00:00.0,0.0,264.0,0.0,1708.0,7208.0,0.0,0.0,0.0,0.0,0.0,0.0,0.0,0.0,0.0,343.0,0.0,0.0,0.0,0.0,5.0
2019-06-11T03:00:00.0,0.0,299.0,0.0,1706.0,7267.0,0.0,0.0,0.0,0.0,0.0,0.0,0.0,0.0,0.0,339.0,0.0,0.0,0.0,0.0,5.0
2019-06-11T04:00:00.0,0.0,281.0,0.0,1705.0,8393.0,0.0,0.0,0.0,0.0,0.0,0.0,0.0,0.0,0.0,341.0,0.0,0.0,0.0,0.0,5.0
2019-06-11T05:00:00.0,0.0,269.0,0.0,1710.0,11364.0,0.0,0.0,0.0,0.0,0.0,0.0,0.0,0.0,0.0,344.0,0.0,0.0,0.0,0.0,5.0
2019-06-11T06:00:00.0,0.0,272.0,0.0,1710.0,13577.0,0.0,0.0,0.0,0.0,0.0,0.0,0.0,0.0,0.0,344.0,0.0,0.0,0.0,0.0,5.0
2019-06-11T07:00:00.0,0.0,275.0,0.0,1728.0,14075.0,0.0,0.0,0.0,0.0,0.0,0.0,0.0,0.0,0.0,347.0,0.0,0.0,0.0,0.0,5.0
2019-06-11T08:00:00.0,0.0,297.0,0.0,1740.0,13890.0,0.0,0.0,0.0,0.0,0.0,0.0,0.0,0.0,0.0,341.0,0.0,0.0,0.0,0.0,5.0
2019-06-11T09:00:00.0,0.0,319.0,0.0,1750.0,13571.0,0.0,0.0,0.0,0.0,0.0,0.0,0.0,0.0,0.0,345.0,0.0,0.0,0.0,0.0,5.0
2019-06-11T10:00:00.0,0.0,350.0,0.0,1757.0,13423.0,0.0,0.0,0.0,0.0,0.0,0.0,0.0,0.0,0.0,348.0,0.0,0.0,0.0,0.0,4.0
2019-06-11T11:00:00.0,0.0,390.0,0.0,1749.0,13429.0,0.0,0.0,0.0,0.0,0.0,0.0,0.0,0.0,0.0,345.0,0.0,0.0,0.0,0.0,5.0
2019-06-11T12:00:00.0,0.0,407.0,0.0,1749.0,13410.0,0.0,0.0,0.0,0.0,0.0,0.0,0.0,0.0,0.0,347.0,0.0,0.0,0.0,0.0,5.0
2019-06-11T13:00:00.0,0.0,416.0,0.0,1745.0,13573.0,0.0,0.0,0.0,0.0,0.0,0.0,0.0,0.0,0.0,345.0,0.0,0.0,0.0,0.0,5.0
2019-06-11T14:00:00.0,0.0,455.0,0.0,1740.0,13066.0,0.0,0.0,0.0,0.0,0.0,0.0,0.0,0.0,0.0,344.0,0.0,0.0,0.0,0.0,4.0
2019-06-11T15:00:00.0,0.0,543.0,0.0,1747.0,12538.0,0.0,0.0,0.0,0.0,0.0,0.0,0.0,0.0,0.0,349.0,0.0,0.0,0.0,0.0,4.0
2019-06-11T16:00:00.0,0.0,572.0,0.0,1745.0,12634.0,0.0,0.0,0.0,0.0,0.0,0.0,0.0,0.0,0.0,348.0,0.0,0.0,0.0,0.0,4.0
2019-06-11T17:00:00.0,0.0,599.0,0.0,1748.0,12352.0,0.0,0.0,0.0,0.0,0.0,0.0,0.0,0.0,0.0,348.0,0.0,0.0,0.0,0.0,4.0
2019-06-11T18:00:00.0,0.0,610.0,0.0,1749.0,12222.0,0.0,0.0,0.0,0.0,0.0,0.0,0.0,0.0,0.0,347.0,0.0,0.0,0.0,0.0,4.0
2019-06-11T19:00:00.0,0.0,661.0,0.0,1744.0,11531.0,0.0,0.0,0.0,0.0,0.0,0.0,0.0,0.0,0.0,346.0,0.0,0.0,0.0,0.0,4.0
2019-06-11T20:00:00.0,0.0,646.0,0.0,1742.0,11243.0,0.0,0.0,0.0,0.0,0.0,0.0,0.0,0.0,0.0,344.0,0.0,0.0,0.0,0.0,4.0
2019-06-11T21:00:00.0,0.0,663.0,0.0,1740.0,10796.0,0.0,0.0,0.0,0.0,0.0,0.0,0.0,0.0,0.0,345.0,0.0,0.0,0.0,0.0,3.0
2019-06-11T22:00:00.0,0.0,667.0,0.0,1735.0,9602.0,0.0,0.0,0.0,0.0,0.0,0.0,0.0,0.0,0.0,342.0,0.0,0.0,0.0,0.0,3.0
2019-06-11T23:00:00.0,0.0,772.0,0.0,1703.0,8875.0,0.0,0.0,0.0,0.0,0.0,0.0,0.0,0.0,0.0,339.0,0.0,0.0,0.0,0.0,7.0
2019-06-12T00:00:00.0,0.0,764.0,0.0,1706.0,8088.0,0.0,0.0,0.0,0.0,0.0,0.0,0.0,0.0,0.0,344.0,0.0,0.0,0.0,0.0,7.0
2019-06-12T01:00:00.0,0.0,767.0,0.0,1706.0,7878.0,0.0,0.0,0.0,0.0,0.0,0.0,0.0,0.0,0.0,346.0,0.0,0.0,0.0,0.0,7.0
2019-06-12T02:00:00.0,0.0,753.0,0.0,1709.0,7815.0,0.0,0.0,0.0,0.0,0.0,0.0,0.0,0.0,0.0,343.0,0.0,0.0,0.0,0.0,7.0
2019-06-12T03:00:00.0,0.0,737.0,0.0,1710.0,8056.0,0.0,0.0,0.0,0.0,0.0,0.0,0.0,0.0,0.0,343.0,0.0,0.0,0.0,0.0,7.0
2019-06-12T04:00:00.0,0.0,759.0,0.0,1710.0,8847.0,0.0,0.0,0.0,0.0,0.0,0.0,0.0,0.0,0.0,342.0,0.0,0.0,0.0,0.0,7.0
2019-06-12T05:00:00.0,0.0,725.0,0.0,1711.0,10685.0,0.0,0.0,0.0,0.0,0.0,0.0,0.0,0.0,0.0,342.0,0.0,0.0,0.0,0.0,7.0
2019-06-12T06:00:00.0,0.0,704.0,0.0,1715.0,12325.0,0.0,0.0,0.0,0.0,0.0,0.0,0.0,0.0,0.0,344.0,0.0,0.0,0.0,0.0,7.0
2019-06-12T07:00:00.0,0.0,647.0,0.0,1719.0,13142.0,0.0,0.0,0.0,0.0,0.0,0.0,0.0,0.0,0.0,350.0,0.0,0.0,0.0,0.0,7.0
2019-06-12T08:00:00.0,0.0,625.0,0.0,1717.0,13051.0,0.0,0.0,0.0,0.0,0.0,0.0,0.0,0.0,0.0,350.0,0.0,0.0,0.0,0.0,7.0
2019-06-12T09:00:00.0,0.0,575.0,0.0,1717.0,13171.0,0.0,0.0,0.0,0.0,0.0,0.0,0.0,0.0,0.0,351.0,0.0,0.0,0.0,0.0,7.0
2019-06-12T10:00:00.0,0.0,565.0,0.0,1720.0,13349.0,0.0,0.0,0.0,0.0,0.0,0.0,0.0,0.0,0.0,342.0,0.0,0.0,0.0,0.0,7.0
2019-06-12T11:00:00.0,0.0,442.0,0.0,1718.0,13514.0,0.0,0.0,0.0,0.0,0.0,0.0,0.0,0.0,0.0,337.0,0.0,0.0,0.0,0.0,9.0
2019-06-12T12:00:00.0,0.0,456.0,0.0,1717.0,13737.0,0.0,0.0,0.0,0.0,0.0,0.0,0.0,0.0,0.0,337.0,0.0,0.0,0.0,0.0,9.0
2019-06-12T13:00:00.0,0.0,435.0,0.0,1716.0,13448.0,0.0,0.0,0.0,0.0,0.0,0.0,0.0,0.0,0.0,339.0,0.0,0.0,0.0,0.0,8.0
2019-06-12T14:00:00.0,0.0,445.0,0.0,1715.0,12883.0,0.0,0.0,0.0,0.0,0.0,0.0,0.0,0.0,0.0,333.0,0.0,0.0,0.0,0.0,8.0
2019-06-12T15:00:00.0,0.0,509.0,0.0,1713.0,12635.0,0.0,0.0,0.0,0.0,0.0,0.0,0.0,0.0,0.0,331.0,0.0,0.0,0.0,0.0,8.0
2019-06-12T16:00:00.0,0.0,429.0,0.0,1714.0,12774.0,0.0,0.0,0.0,0.0,0.0,0.0,0.0,0.0,0.0,329.0,0.0,0.0,0.0,0.0,8.0
2019-06-12T17:00:00.0,0.0,442.0,0.0,1714.0,12462.0,0.0,0.0,0.0,0.0,0.0,0.0,0.0,0.0,0.0,329.0,0.0,0.0,0.0,0.0,8.0
2019-06-12T18:00:00.0,0.0,562.0,0.0,1717.0,12539.0,0.0,0.0,0.0,0.0,0.0,0.0,0.0,0.0,0.0,328.0,0.0,0.0,0.0,0.0,8.0
2019-06-12T19:00:00.0,0.0,539.0,0.0,1718.0,12138.0,0.0,0.0,0.0,0.0,0.0,0.0,0.0,0.0,0.0,332.0,0.0,0.0,0.0,0.0,8.0
2019-06-12T20:00:00.0,0.0,518.0,0.0,1717.0,12433.0,0.0,0.0,0.0,0.0,0.0,0.0,0.0,0.0,0.0,326.0,0.0,0.0,0.0,0.0,8.0
2019-06-12T21:00:00.0,0.0,565.0,0.0,1709.0,11498.0,0.0,0.0,0.0,0.0,0.0,0.0,0.0,0.0,0.0,314.0,0.0,0.0,0.0,0.0,8.0
2019-06-12T22:00:00.0,0.0,630.0,0.0,1709.0,10186.0,0.0,0.0,0.0,0.0,0.0,0.0,0.0,0.0,0.0,331.0,0.0,0.0,0.0,0.0,8.0
2019-06-12T23:00:00.0,0.0,665.0,0.0,1692.0,8482.0,0.0,0.0,0.0,0.0,0.0,0.0,0.0,0.0,0.0,328.0,0.0,0.0,0.0,0.0,6.0
2019-06-13T00:00:00.0,0.0,700.0,0.0,1691.0,7782.0,0.0,0.0,0.0,0.0,0.0,0.0,0.0,0.0,0.0,328.0,0.0,0.0,0.0,0.0,6.0
2019-06-13T01:00:00.0,0.0,725.0,0.0,1690.0,7124.0,0.0,0.0,0.0,0.0,0.0,0.0,0.0,0.0,0.0,329.0,0.0,0.0,0.0,0.0,6.0
2019-06-13T02:00:00.0,0.0,780.0,0.0,1689.0,7008.0,0.0,0.0,0.0,0.0,0.0,0.0,0.0,0.0,0.0,326.0,0.0,0.0,0.0,0.0,6.0
2019-06-13T03:00:00.0,0.0,725.0,0.0,1691.0,7305.0,0.0,0.0,0.0,0.0,0.0,0.0,0.0,0.0,0.0,326.0,0.0,0.0,0.0,0.0,6.0
2019-06-13T04:00:00.0,0.0,759.0,0.0,1693.0,8676.0,0.0,0.0,0.0,0.0,0.0,0.0,0.0,0.0,0.0,325.0,0.0,0.0,0.0,0.0,6.0
2019-06-13T05:00:00.0,0.0,788.0,0.0,1695.0,11511.0,0.0,0.0,0.0,0.0,0.0,0.0,0.0,0.0,0.0,337.0,0.0,0.0,0.0,0.0,6.0
2019-06-13T06:00:00.0,0.0,773.0,0.0,1698.0,13667.0,0.0,0.0,0.0,0.0,0.0,0.0,0.0,0.0,0.0,330.0,0.0,0.0,0.0,0.0,6.0
2019-06-13T07:00:00.0,0.0,727.0,0.0,1702.0,13919.0,0.0,0.0,0.0,0.0,0.0,0.0,0.0,0.0,0.0,333.0,0.0,0.0,0.0,0.0,6.0
2019-06-13T08:00:00.0,0.0,699.0,0.0,1704.0,13810.0,0.0,0.0,0.0,0.0,0.0,0.0,0.0,0.0,0.0,332.0,0.0,0.0,0.0,0.0,6.0
2019-06-13T09:00:00.0,0.0,682.0,0.0,1707.0,12555.0,0.0,0.0,0.0,0.0,0.0,0.0,0.0,0.0,0.0,333.0,0.0,0.0,0.0,0.0,6.0
2019-06-13T10:00:00.0,0.0,708.0,0.0,1711.0,11630.0,0.0,0.0,0.0,0.0,0.0,0.0,0.0,0.0,0.0,333.0,0.0,0.0,0.0,0.0,6.0
2019-06-13T11:00:00.0,0.0,686.0,0.0,1711.0,11220.0,0.0,0.0,0.0,0.0,0.0,0.0,0.0,0.0,0.0,333.0,0.0,0.0,0.0,0.0,6.0
2019-06-13T12:00:00.0,0.0,749.0,0.0,1704.0,10783.0,0.0,0.0,0.0,0.0,0.0,0.0,0.0,0.0,0.0,332.0,0.0,0.0,0.0,0.0,6.0
2019-06-13T13:00:00.0,0.0,865.0,0.0,1705.0,11137.0,0.0,0.0,0.0,0.0,0.0,0.0,0.0,0.0,0.0,332.0,0.0,0.0,0.0,0.0,6.0
2019-06-13T14:00:00.0,0.0,896.0,0.0,1708.0,11721.0,0.0,0.0,0.0,0.0,0.0,0.0,0.0,0.0,0.0,334.0,0.0,0.0,0.0,0.0,6.0
2019-06-13T15:00:00.0,0.0,876.0,0.0,1708.0,11661.0,0.0,0.0,0.0,0.0,0.0,0.0,0.0,0.0,0.0,335.0,0.0,0.0,0.0,0.0,5.0
2019-06-13T16:00:00.0,0.0,853.0,0.0,1714.0,12800.0,0.0,0.0,0.0,0.0,0.0,0.0,0.0,0.0,0.0,338.0,0.0,0.0,0.0,0.0,5.0
2019-06-13T17:00:00.0,0.0,821.0,0.0,1714.0,13371.0,0.0,0.0,0.0,0.0,0.0,0.0,0.0,0.0,0.0,338.0,0.0,0.0,0.0,0.0,5.0
2019-06-13T18:00:00.0,0.0,789.0,0.0,1711.0,13743.0,0.0,0.0,0.0,0.0,0.0,0.0,0.0,0.0,0.0,338.0,0.0,0.0,0.0,0.0,5.0
2019-06-13T19:00:00.0,0.0,768.0,0.0,1711.0,12967.0,0.0,0.0,0.0,0.0,0.0,0.0,0.0,0.0,0.0,338.0,0.0,0.0,0.0,0.0,5.0
2019-06-13T20:00:00.0,0.0,787.0,0.0,1702.0,12866.0,0.0,0.0,0.0,0.0,0.0,0.0,0.0,0.0,0.0,338.0,0.0,0.0,0.0,0.0,5.0
2019-06-13T21:00:00.0,0.0,801.0,0.0,1694.0,12402.0,0.0,0.0,0.0,0.0,0.0,0.0,0.0,0.0,0.0,339.0,0.0,0.0,0.0,0.0,5.0
2019-06-13T22:00:00.0,0.0,839.0,0.0,1692.0,11196.0,0.0,0.0,0.0,0.0,0.0,0.0,0.0,0.0,0.0,340.0,0.0,0.0,0.0,0.0,5.0
2019-06-13T23:00:00.0,0.0,739.0,0.0,1705.0,10554.0,0.0,0.0,0.0,0.0,0.0,0.0,0.0,0.0,0.0,340.0,0.0,0.0,0.0,0.0,7.0
2019-06-14T00:00:00.0,0.0,804.0,0.0,1703.0,9333.0,0.0,0.0,0.0,0.0,0.0,0.0,0.0,0.0,0.0,343.0,0.0,0.0,0.0,0.0,8.0
2019-06-14T01:00:00.0,0.0,783.0,0.0,1701.0,8335.0,0.0,0.0,0.0,0.0,0.0,0.0,0.0,0.0,0.0,343.0,0.0,0.0,0.0,0.0,7.0
2019-06-14T02:00:00.0,0.0,762.0,0.0,1699.0,8111.0,0.0,0.0,0.0,0.0,0.0,0.0,0.0,0.0,0.0,343.0,0.0,0.0,0.0,0.0,7.0
2019-06-14T03:00:00.0,0.0,788.0,0.0,1694.0,8319.0,0.0,0.0,0.0,0.0,0.0,0.0,0.0,0.0,0.0,347.0,0.0,0.0,0.0,0.0,7.0
2019-06-14T04:00:00.0,0.0,767.0,0.0,1694.0,10188.0,0.0,0.0,0.0,0.0,0.0,0.0,0.0,0.0,0.0,346.0,0.0,0.0,0.0,0.0,7.0
2019-06-14T05:00:00.0,0.0,638.0,0.0,1692.0,12606.0,0.0,0.0,0.0,0.0,0.0,0.0,0.0,0.0,0.0,344.0,0.0,0.0,0.0,0.0,7.0
2019-06-14T06:00:00.0,0.0,588.0,0.0,1695.0,14231.0,0.0,0.0,0.0,0.0,0.0,0.0,0.0,0.0,0.0,339.0,0.0,0.0,0.0,0.0,7.0
2019-06-14T07:00:00.0,0.0,565.0,0.0,1690.0,14500.0,0.0,0.0,0.0,0.0,0.0,0.0,0.0,0.0,0.0,332.0,0.0,0.0,0.0,0.0,7.0
2019-06-14T08:00:00.0,0.0,544.0,0.0,1695.0,14324.0,0.0,0.0,0.0,0.0,0.0,0.0,0.0,0.0,0.0,329.0,0.0,0.0,0.0,0.0,7.0
2019-06-14T09:00:00.0,0.0,500.0,0.0,1693.0,14325.0,0.0,0.0,0.0,0.0,0.0,0.0,0.0,0.0,0.0,337.0,0.0,0.0,0.0,0.0,7.0
2019-06-14T10:00:00.0,0.0,475.0,0.0,1693.0,14601.0,0.0,0.0,0.0,0.0,0.0,0.0,0.0,0.0,0.0,333.0,0.0,0.0,0.0,0.0,8.0
2019-06-14T11:00:00.0,0.0,478.0,0.0,1698.0,14627.0,0.0,0.0,0.0,0.0,0.0,0.0,0.0,0.0,0.0,332.0,0.0,0.0,0.0,0.0,8.0
2019-06-14T12:00:00.0,0.0,476.0,0.0,1697.0,14067.0,0.0,0.0,0.0,0.0,0.0,0.0,0.0,0.0,0.0,334.0,0.0,0.0,0.0,0.0,8.0
2019-06-14T13:00:00.0,0.0,472.0,0.0,1695.0,13863.0,0.0,0.0,0.0,0.0,0.0,0.0,0.0,0.0,0.0,334.0,0.0,0.0,0.0,0.0,8.0
2019-06-14T14:00:00.0,0.0,452.0,0.0,1692.0,13802.0,0.0,0.0,0.0,0.0,0.0,0.0,0.0,0.0,0.0,344.0,0.0,0.0,0.0,0.0,8.0
2019-06-14T15:00:00.0,0.0,431.0,0.0,1707.0,13158.0,0.0,0.0,0.0,0.0,0.0,0.0,0.0,0.0,0.0,351.0,0.0,0.0,0.0,0.0,8.0
2019-06-14T16:00:00.0,0.0,406.0,0.0,1709.0,13167.0,0.0,0.0,0.0,0.0,0.0,0.0,0.0,0.0,0.0,356.0,0.0,0.0,0.0,0.0,8.0
2019-06-14T17:00:00.0,0.0,384.0,0.0,1701.0,13438.0,0.0,0.0,0.0,0.0,0.0,0.0,0.0,0.0,0.0,354.0,0.0,0.0,0.0,0.0,8.0
2019-06-14T18:00:00.0,0.0,347.0,0.0,1701.0,12995.0,0.0,0.0,0.0,0.0,0.0,0.0,0.0,0.0,0.0,359.0,0.0,0.0,0.0,0.0,8.0
2019-06-14T19:00:00.0,0.0,330.0,0.0,1702.0,12279.0,0.0,0.0,0.0,0.0,0.0,0.0,0.0,0.0,0.0,364.0,0.0,0.0,0.0,0.0,8.0
2019-06-14T20:00:00.0,0.0,296.0,0.0,1699.0,11905.0,0.0,0.0,0.0,0.0,0.0,0.0,0.0,0.0,0.0,359.0,0.0,0.0,0.0,0.0,8.0
2019-06-14T21:00:00.0,0.0,253.0,0.0,1693.0,11328.0,0.0,0.0,0.0,0.0,0.0,0.0,0.0,0.0,0.0,363.0,0.0,0.0,0.0,0.0,8.0
2019-06-14T22:00:00.0,0.0,272.0,0.0,1689.0,10593.0,0.0,0.0,0.0,0.0,0.0,0.0,0.0,0.0,0.0,361.0,0.0,0.0,0.0,0.0,8.0
2019-06-14T23:00:00.0,0.0,293.0,0.0,1704.0,9755.0,0.0,0.0,0.0,0.0,0.0,0.0,0.0,0.0,0.0,371.0,0.0,0.0,0.0,0.0,5.0
2019-06-15T00:00:00.0,0.0,321.0,0.0,1702.0,9016.0,0.0,0.0,0.0,0.0,0.0,0.0,0.0,0.0,0.0,374.0,0.0,0.0,0.0,0.0,6.0
2019-06-15T01:00:00.0,0.0,350.0,0.0,1700.0,8355.0,0.0,0.0,0.0,0.0,0.0,0.0,0.0,0.0,0.0,376.0,0.0,0.0,0.0,0.0,6.0
2019-06-15T02:00:00.0,0.0,366.0,0.0,1697.0,7986.0,0.0,0.0,0.0,0.0,0.0,0.0,0.0,0.0,0.0,377.0,0.0,0.0,0.0,0.0,6.0
2019-06-15T03:00:00.0,0.0,371.0,0.0,1695.0,7864.0,0.0,0.0,0.0,0.0,0.0,0.0,0.0,0.0,0.0,374.0,0.0,0.0,0.0,0.0,6.0
2019-06-15T04:00:00.0,0.0,367.0,0.0,1693.0,7818.0,0.0,0.0,0.0,0.0,0.0,0.0,0.0,0.0,0.0,374.0,0.0,0.0,0.0,0.0,6.0
2019-06-15T05:00:00.0,0.0,348.0,0.0,1694.0,8004.0,0.0,0.0,0.0,0.0,0.0,0.0,0.0,0.0,0.0,338.0,0.0,0.0,0.0,0.0,6.0
2019-06-15T06:00:00.0,0.0,339.0,0.0,1706.0,8481.0,0.0,0.0,0.0,0.0,0.0,0.0,0.0,0.0,0.0,343.0,0.0,0.0,0.0,0.0,6.0
2019-06-15T07:00:00.0,0.0,332.0,0.0,1704.0,9892.0,0.0,0.0,0.0,0.0,0.0,0.0,0.0,0.0,0.0,343.0,0.0,0.0,0.0,0.0,6.0
2019-06-15T08:00:00.0,0.0,325.0,0.0,1708.0,10702.0,0.0,0.0,0.0,0.0,0.0,0.0,0.0,0.0,0.0,346.0,0.0,0.0,0.0,0.0,6.0
2019-06-15T09:00:00.0,0.0,298.0,0.0,1704.0,10186.0,0.0,0.0,0.0,0.0,0.0,0.0,0.0,0.0,0.0,346.0,0.0,0.0,0.0,0.0,6.0
2019-06-15T10:00:00.0,0.0,284.0,0.0,1692.0,8905.0,0.0,0.0,0.0,0.0,0.0,0.0,0.0,0.0,0.0,341.0,0.0,0.0,0.0,0.0,6.0
2019-06-15T11:00:00.0,0.0,352.0,0.0,1691.0,8410.0,0.0,0.0,0.0,0.0,0.0,0.0,0.0,0.0,0.0,343.0,0.0,0.0,0.0,0.0,6.0
2019-06-15T12:00:00.0,0.0,342.0,0.0,1690.0,8843.0,0.0,0.0,0.0,0.0,0.0,0.0,0.0,0.0,0.0,346.0,0.0,0.0,0.0,0.0,6.0
2019-06-15T13:00:00.0,0.0,374.0,0.0,1692.0,8696.0,0.0,0.0,0.0,0.0,0.0,0.0,0.0,0.0,0.0,381.0,0.0,0.0,0.0,0.0,6.0
2019-06-15T14:00:00.0,0.0,422.0,0.0,1692.0,8467.0,0.0,0.0,0.0,0.0,0.0,0.0,0.0,0.0,0.0,382.0,0.0,0.0,0.0,0.0,6.0
2019-06-15T15:00:00.0,0.0,448.0,0.0,1695.0,7771.0,0.0,0.0,0.0,0.0,0.0,0.0,0.0,0.0,0.0,380.0,0.0,0.0,0.0,0.0,6.0
2019-06-15T16:00:00.0,0.0,455.0,0.0,1696.0,8711.0,0.0,0.0,0.0,0.0,0.0,0.0,0.0,0.0,0.0,377.0,0.0,0.0,0.0,0.0,6.0
2019-06-15T17:00:00.0,0.0,499.0,0.0,1698.0,9791.0,0.0,0.0,0.0,0.0,0.0,0.0,0.0,0.0,0.0,377.0,0.0,0.0,0.0,0.0,6.0
2019-06-15T18:00:00.0,0.0,575.0,0.0,1695.0,9832.0,0.0,0.0,0.0,0.0,0.0,0.0,0.0,0.0,0.0,383.0,0.0,0.0,0.0,0.0,6.0
2019-06-15T19:00:00.0,0.0,621.0,0.0,1698.0,9390.0,0.0,0.0,0.0,0.0,0.0,0.0,0.0,0.0,0.0,384.0,0.0,0.0,0.0,0.0,6.0
2019-06-15T20:00:00.0,0.0,645.0,0.0,1693.0,9080.0,0.0,0.0,0.0,0.0,0.0,0.0,0.0,0.0,0.0,360.0,0.0,0.0,0.0,0.0,6.0
2019-06-15T21:00:00.0,0.0,638.0,0.0,1687.0,8905.0,0.0,0.0,0.0,0.0,0.0,0.0,0.0,0.0,0.0,360.0,0.0,0.0,0.0,0.0,6.0
2019-06-15T22:00:00.0,0.0,572.0,0.0,1684.0,8699.0,0.0,0.0,0.0,0.0,0.0,0.0,0.0,0.0,0.0,358.0,0.0,0.0,0.0,0.0,6.0
2019-06-15T23:00:00.0,0.0,607.0,0.0,1664.0,8165.0,0.0,0.0,0.0,0.0,0.0,0.0,0.0,0.0,0.0,386.0,0.0,0.0,0.0,0.0,5.0
2019-06-16T00:00:00.0,0.0,539.0,0.0,1670.0,7306.0,0.0,0.0,0.0,0.0,0.0,0.0,0.0,0.0,0.0,384.0,0.0,0.0,0.0,0.0,5.0
2019-06-16T01:00:00.0,0.0,491.0,0.0,1670.0,7147.0,0.0,0.0,0.0,0.0,0.0,0.0,0.0,0.0,0.0,387.0,0.0,0.0,0.0,0.0,5.0
2019-06-16T02:00:00.0,0.0,403.0,0.0,1669.0,7023.0,0.0,0.0,0.0,0.0,0.0,0.0,0.0,0.0,0.0,384.0,0.0,0.0,0.0,0.0,5.0
2019-06-16T03:00:00.0,0.0,349.0,0.0,1668.0,7008.0,0.0,0.0,0.0,0.0,0.0,0.0,0.0,0.0,0.0,383.0,0.0,0.0,0.0,0.0,5.0
2019-06-16T04:00:00.0,0.0,332.0,0.0,1667.0,6875.0,0.0,0.0,0.0,0.0,0.0,0.0,0.0,0.0,0.0,385.0,0.0,0.0,0.0,0.0,5.0
2019-06-16T05:00:00.0,0.0,290.0,0.0,1669.0,7122.0,0.0,0.0,0.0,0.0,0.0,0.0,0.0,0.0,0.0,380.0,0.0,0.0,0.0,0.0,5.0
2019-06-16T06:00:00.0,0.0,258.0,0.0,1672.0,7863.0,0.0,0.0,0.0,0.0,0.0,0.0,0.0,0.0,0.0,377.0,0.0,0.0,0.0,0.0,6.0
2019-06-16T07:00:00.0,0.0,197.0,0.0,1675.0,8259.0,0.0,0.0,0.0,0.0,0.0,0.0,0.0,0.0,0.0,375.0,0.0,0.0,0.0,0.0,6.0
2019-06-16T08:00:00.0,0.0,253.0,0.0,1675.0,8214.0,0.0,0.0,0.0,0.0,0.0,0.0,0.0,0.0,0.0,376.0,0.0,0.0,0.0,0.0,6.0
2019-06-16T09:00:00.0,0.0,269.0,0.0,1675.0,8586.0,0.0,0.0,0.0,0.0,0.0,0.0,0.0,0.0,0.0,372.0,0.0,0.0,0.0,0.0,6.0
2019-06-16T10:00:00.0,0.0,237.0,0.0,1680.0,8745.0,0.0,0.0,0.0,0.0,0.0,0.0,0.0,0.0,0.0,373.0,0.0,0.0,0.0,0.0,6.0
2019-06-16T11:00:00.0,0.0,225.0,0.0,1679.0,8307.0,0.0,0.0,0.0,0.0,0.0,0.0,0.0,0.0,0.0,371.0,0.0,0.0,0.0,0.0,6.0
2019-06-16T12:00:00.0,0.0,272.0,0.0,1692.0,8162.0,0.0,0.0,0.0,0.0,0.0,0.0,0.0,0.0,0.0,374.0,0.0,0.0,0.0,0.0,6.0
2019-06-16T13:00:00.0,0.0,288.0,0.0,1694.0,8714.0,0.0,0.0,0.0,0.0,0.0,0.0,0.0,0.0,0.0,375.0,0.0,0.0,0.0,0.0,6.0
2019-06-16T14:00:00.0,0.0,333.0,0.0,1693.0,8665.0,0.0,0.0,0.0,0.0,0.0,0.0,0.0,0.0,0.0,370.0,0.0,0.0,0.0,0.0,6.0
2019-06-16T15:00:00.0,0.0,338.0,0.0,1696.0,8781.0,0.0,0.0,0.0,0.0,0.0,0.0,0.0,0.0,0.0,373.0,0.0,0.0,0.0,0.0,6.0
2019-06-16T16:00:00.0,0.0,386.0,0.0,1699.0,10271.0,0.0,0.0,0.0,0.0,0.0,0.0,0.0,0.0,0.0,378.0,0.0,0.0,0.0,0.0,6.0
2019-06-16T17:00:00.0,0.0,384.0,0.0,1697.0,10716.0,0.0,0.0,0.0,0.0,0.0,0.0,0.0,0.0,0.0,374.0,0.0,0.0,0.0,0.0,6.0
2019-06-16T18:00:00.0,0.0,426.0,0.0,1696.0,11137.0,0.0,0.0,0.0,0.0,0.0,0.0,0.0,0.0,0.0,379.0,0.0,0.0,0.0,0.0,5.0
2019-06-16T19:00:00.0,0.0,447.0,0.0,1697.0,11126.0,0.0,0.0,0.0,0.0,0.0,0.0,0.0,0.0,0.0,374.0,0.0,0.0,0.0,0.0,5.0
2019-06-16T20:00:00.0,0.0,357.0,0.0,1685.0,10972.0,0.0,0.0,0.0,0.0,0.0,0.0,0.0,0.0,0.0,374.0,0.0,0.0,0.0,0.0,5.0
2019-06-16T21:00:00.0,0.0,370.0,0.0,1677.0,10583.0,0.0,0.0,0.0,0.0,0.0,0.0,0.0,0.0,0.0,377.0,0.0,0.0,0.0,0.0,5.0
2019-06-16T22:00:00.0,0.0,404.0,0.0,1677.0,9677.0,0.0,0.0,0.0,0.0,0.0,0.0,0.0,0.0,0.0,368.0,0.0,0.0,0.0,0.0,5.0
2019-06-16T23:00:00.0,0.0,294.0,0.0,1658.0,8461.0,0.0,0.0,0.0,0.0,0.0,0.0,0.0,0.0,0.0,366.0,0.0,0.0,0.0,0.0,5.0
2019-06-17T00:00:00.0,0.0,341.0,0.0,1657.0,7936.0,0.0,0.0,0.0,0.0,0.0,0.0,0.0,0.0,0.0,367.0,0.0,0.0,0.0,0.0,5.0
2019-06-17T01:00:00.0,0.0,320.0,0.0,1656.0,7667.0,0.0,0.0,0.0,0.0,0.0,0.0,0.0,0.0,0.0,372.0,0.0,0.0,0.0,0.0,5.0
2019-06-17T02:00:00.0,0.0,373.0,0.0,1655.0,7463.0,0.0,0.0,0.0,0.0,0.0,0.0,0.0,0.0,0.0,370.0,0.0,0.0,0.0,0.0,5.0
2019-06-17T03:00:00.0,0.0,401.0,0.0,1654.0,7406.0,0.0,0.0,0.0,0.0,0.0,0.0,0.0,0.0,0.0,371.0,0.0,0.0,0.0,0.0,5.0
2019-06-17T04:00:00.0,0.0,454.0,0.0,1654.0,8561.0,0.0,0.0,0.0,0.0,0.0,0.0,0.0,0.0,0.0,368.0,0.0,0.0,0.0,0.0,5.0
2019-06-17T05:00:00.0,0.0,453.0,0.0,1654.0,11657.0,0.0,0.0,0.0,0.0,0.0,0.0,0.0,0.0,0.0,375.0,0.0,0.0,0.0,0.0,5.0
2019-06-17T06:00:00.0,0.0,442.0,0.0,1668.0,13559.0,0.0,0.0,0.0,0.0,0.0,0.0,0.0,0.0,0.0,374.0,0.0,0.0,0.0,0.0,5.0
2019-06-17T07:00:00.0,0.0,519.0,0.0,1660.0,13780.0,0.0,0.0,0.0,0.0,0.0,0.0,0.0,0.0,0.0,371.0,0.0,0.0,0.0,0.0,5.0
2019-06-17T08:00:00.0,0.0,519.0,0.0,1640.0,13559.0,0.0,0.0,0.0,0.0,0.0,0.0,0.0,0.0,0.0,374.0,0.0,0.0,0.0,0.0,5.0
2019-06-17T09:00:00.0,0.0,534.0,0.0,1648.0,13327.0,0.0,0.0,0.0,0.0,0.0,0.0,0.0,0.0,0.0,370.0,0.0,0.0,0.0,0.0,5.0
2019-06-17T10:00:00.0,0.0,536.0,0.0,1644.0,13250.0,0.0,0.0,0.0,0.0,0.0,0.0,0.0,0.0,0.0,357.0,0.0,0.0,0.0,0.0,5.0
2019-06-17T11:00:00.0,0.0,533.0,0.0,1642.0,13116.0,0.0,0.0,0.0,0.0,0.0,0.0,0.0,0.0,0.0,356.0,0.0,0.0,0.0,0.0,5.0
2019-06-17T12:00:00.0,0.0,539.0,0.0,1640.0,13069.0,0.0,0.0,0.0,0.0,0.0,0.0,0.0,0.0,0.0,350.0,0.0,0.0,0.0,0.0,5.0
2019-06-17T13:00:00.0,0.0,559.0,0.0,1638.0,12858.0,0.0,0.0,0.0,0.0,0.0,0.0,0.0,0.0,0.0,347.0,0.0,0.0,0.0,0.0,5.0
2019-06-17T14:00:00.0,0.0,590.0,0.0,1643.0,12390.0,0.0,0.0,0.0,0.0,0.0,0.0,0.0,0.0,0.0,350.0,0.0,0.0,0.0,0.0,5.0
2019-06-17T15:00:00.0,0.0,621.0,0.0,1643.0,11971.0,0.0,0.0,0.0,0.0,0.0,0.0,0.0,0.0,0.0,347.0,0.0,0.0,0.0,0.0,5.0
2019-06-17T16:00:00.0,0.0,627.0,0.0,1644.0,12235.0,0.0,0.0,0.0,0.0,0.0,0.0,0.0,0.0,0.0,348.0,0.0,0.0,0.0,0.0,5.0
2019-06-17T17:00:00.0,0.0,681.0,0.0,1638.0,12248.0,0.0,0.0,0.0,0.0,0.0,0.0,0.0,0.0,0.0,345.0,0.0,0.0,0.0,0.0,5.0
2019-06-17T18:00:00.0,0.0,572.0,0.0,1639.0,12037.0,0.0,0.0,0.0,0.0,0.0,0.0,0.0,0.0,0.0,350.0,0.0,0.0,0.0,0.0,5.0
2019-06-17T19:00:00.0,0.0,585.0,0.0,1642.0,11279.0,0.0,0.0,0.0,0.0,0.0,0.0,0.0,0.0,0.0,351.0,0.0,0.0,0.0,0.0,5.0
2019-06-17T20:00:00.0,0.0,590.0,0.0,1641.0,10597.0,0.0,0.0,0.0,0.0,0.0,0.0,0.0,0.0,0.0,352.0,0.0,0.0,0.0,0.0,5.0
2019-06-17T21:00:00.0,0.0,574.0,0.0,1641.0,10072.0,0.0,0.0,0.0,0.0,0.0,0.0,0.0,0.0,0.0,349.0,0.0,0.0,0.0,0.0,5.0
2019-06-17T22:00:00.0,0.0,570.0,0.0,1640.0,9772.0,0.0,0.0,0.0,0.0,0.0,0.0,0.0,0.0,0.0,346.0,0.0,0.0,0.0,0.0,5.0
2019-06-17T23:00:00.0,0.0,587.0,0.0,1636.0,8733.0,0.0,0.0,0.0,0.0,0.0,0.0,0.0,0.0,0.0,358.0,0.0,0.0,0.0,0.0,4.0
2019-06-18T00:00:00.0,0.0,560.0,0.0,1634.0,8257.0,0.0,0.0,0.0,0.0,0.0,0.0,0.0,0.0,0.0,359.0,0.0,0.0,0.0,0.0,5.0
2019-06-18T01:00:00.0,0.0,526.0,0.0,1634.0,7778.0,0.0,0.0,0.0,0.0,0.0,0.0,0.0,0.0,0.0,359.0,0.0,0.0,0.0,0.0,5.0
2019-06-18T02:00:00.0,0.0,516.0,0.0,1637.0,7436.0,0.0,0.0,0.0,0.0,0.0,0.0,0.0,0.0,0.0,357.0,0.0,0.0,0.0,0.0,5.0
2019-06-18T03:00:00.0,0.0,486.0,0.0,1640.0,7127.0,0.0,0.0,0.0,0.0,0.0,0.0,0.0,0.0,0.0,357.0,0.0,0.0,0.0,0.0,5.0
2019-06-18T04:00:00.0,0.0,462.0,0.0,1640.0,8296.0,0.0,0.0,0.0,0.0,0.0,0.0,0.0,0.0,0.0,356.0,0.0,0.0,0.0,0.0,5.0
2019-06-18T05:00:00.0,0.0,412.0,0.0,1645.0,10890.0,0.0,0.0,0.0,0.0,0.0,0.0,0.0,0.0,0.0,359.0,0.0,0.0,0.0,0.0,5.0
2019-06-18T06:00:00.0,0.0,359.0,0.0,1656.0,13017.0,0.0,0.0,0.0,0.0,0.0,0.0,0.0,0.0,0.0,360.0,0.0,0.0,0.0,0.0,5.0
2019-06-18T07:00:00.0,0.0,325.0,0.0,1659.0,13678.0,0.0,0.0,0.0,0.0,0.0,0.0,0.0,0.0,0.0,361.0,0.0,0.0,0.0,0.0,5.0
2019-06-18T08:00:00.0,0.0,332.0,0.0,1664.0,13552.0,0.0,0.0,0.0,0.0,0.0,0.0,0.0,0.0,0.0,354.0,0.0,0.0,0.0,0.0,5.0
2019-06-18T09:00:00.0,0.0,308.0,0.0,1666.0,13976.0,0.0,0.0,0.0,0.0,0.0,0.0,0.0,0.0,0.0,355.0,0.0,0.0,0.0,0.0,5.0
2019-06-18T10:00:00.0,0.0,303.0,0.0,1663.0,13848.0,0.0,0.0,0.0,0.0,0.0,0.0,0.0,0.0,0.0,352.0,0.0,0.0,0.0,0.0,5.0
2019-06-18T11:00:00.0,0.0,328.0,0.0,1663.0,13205.0,0.0,0.0,0.0,0.0,0.0,0.0,0.0,0.0,0.0,348.0,0.0,0.0,0.0,0.0,5.0
2019-06-18T12:00:00.0,0.0,308.0,0.0,1661.0,12797.0,0.0,0.0,0.0,0.0,0.0,0.0,0.0,0.0,0.0,349.0,0.0,0.0,0.0,0.0,5.0
2019-06-18T13:00:00.0,0.0,337.0,0.0,1659.0,12673.0,0.0,0.0,0.0,0.0,0.0,0.0,0.0,0.0,0.0,353.0,0.0,0.0,0.0,0.0,5.0
2019-06-18T14:00:00.0,0.0,358.0,0.0,1659.0,11935.0,0.0,0.0,0.0,0.0,0.0,0.0,0.0,0.0,0.0,355.0,0.0,0.0,0.0,0.0,5.0
2019-06-18T15:00:00.0,0.0,366.0,0.0,1657.0,11341.0,0.0,0.0,0.0,0.0,0.0,0.0,0.0,0.0,0.0,353.0,0.0,0.0,0.0,0.0,5.0
2019-06-18T16:00:00.0,0.0,386.0,0.0,1664.0,11472.0,0.0,0.0,0.0,0.0,0.0,0.0,0.0,0.0,0.0,350.0,0.0,0.0,0.0,0.0,5.0
2019-06-18T17:00:00.0,0.0,320.0,0.0,1666.0,11517.0,0.0,0.0,0.0,0.0,0.0,0.0,0.0,0.0,0.0,352.0,0.0,0.0,0.0,0.0,5.0
2019-06-18T18:00:00.0,0.0,270.0,0.0,1667.0,11745.0,0.0,0.0,0.0,0.0,0.0,0.0,0.0,0.0,0.0,350.0,0.0,0.0,0.0,0.0,5.0
2019-06-18T19:00:00.0,0.0,244.0,0.0,1667.0,11259.0,0.0,0.0,0.0,0.0,0.0,0.0,0.0,0.0,0.0,353.0,0.0,0.0,0.0,0.0,5.0
2019-06-18T20:00:00.0,0.0,228.0,0.0,1656.0,10749.0,0.0,0.0,0.0,0.0,0.0,0.0,0.0,0.0,0.0,352.0,0.0,0.0,0.0,0.0,5.0
2019-06-18T21:00:00.0,0.0,241.0,0.0,1658.0,10287.0,0.0,0.0,0.0,0.0,0.0,0.0,0.0,0.0,0.0,353.0,0.0,0.0,0.0,0.0,5.0
2019-06-18T22:00:00.0,0.0,205.0,0.0,1650.0,10007.0,0.0,0.0,0.0,0.0,0.0,0.0,0.0,0.0,0.0,352.0,0.0,0.0,0.0,0.0,5.0
2019-06-18T23:00:00.0,0.0,210.0,0.0,1642.0,9443.0,0.0,0.0,0.0,0.0,0.0,0.0,0.0,0.0,0.0,352.0,0.0,0.0,0.0,0.0,5.0
2019-06-19T00:00:00.0,0.0,209.0,0.0,1640.0,9340.0,0.0,0.0,0.0,0.0,0.0,0.0,0.0,0.0,0.0,354.0,0.0,0.0,0.0,0.0,5.0
2019-06-19T01:00:00.0,0.0,205.0,0.0,1638.0,9174.0,0.0,0.0,0.0,0.0,0.0,0.0,0.0,0.0,0.0,353.0,0.0,0.0,0.0,0.0,5.0
2019-06-19T02:00:00.0,0.0,170.0,0.0,1635.0,9077.0,0.0,0.0,0.0,0.0,0.0,0.0,0.0,0.0,0.0,354.0,0.0,0.0,0.0,0.0,5.0
2019-06-19T03:00:00.0,0.0,152.0,0.0,1631.0,9092.0,0.0,0.0,0.0,0.0,0.0,0.0,0.0,0.0,0.0,355.0,0.0,0.0,0.0,0.0,5.0
2019-06-19T04:00:00.0,0.0,126.0,0.0,1630.0,10172.0,0.0,0.0,0.0,0.0,0.0,0.0,0.0,0.0,0.0,348.0,0.0,0.0,0.0,0.0,5.0
2019-06-19T05:00:00.0,0.0,110.0,0.0,1635.0,12679.0,0.0,0.0,0.0,0.0,0.0,0.0,0.0,0.0,0.0,348.0,0.0,0.0,0.0,0.0,5.0
2019-06-19T06:00:00.0,0.0,95.0,0.0,1650.0,13833.0,0.0,0.0,0.0,0.0,0.0,0.0,0.0,0.0,0.0,349.0,0.0,0.0,0.0,0.0,5.0
2019-06-19T07:00:00.0,0.0,91.0,0.0,1623.0,14120.0,0.0,0.0,0.0,0.0,0.0,0.0,0.0,0.0,0.0,347.0,0.0,0.0,0.0,0.0,5.0
2019-06-19T08:00:00.0,0.0,91.0,0.0,1599.0,14307.0,0.0,0.0,0.0,0.0,0.0,0.0,0.0,0.0,0.0,348.0,0.0,0.0,0.0,0.0,5.0
2019-06-19T09:00:00.0,0.0,83.0,0.0,1591.0,14529.0,0.0,0.0,0.0,0.0,0.0,0.0,0.0,0.0,0.0,349.0,0.0,0.0,0.0,0.0,5.0
2019-06-19T10:00:00.0,0.0,105.0,0.0,1611.0,14511.0,0.0,0.0,0.0,0.0,0.0,0.0,0.0,0.0,0.0,349.0,0.0,0.0,0.0,0.0,4.0
2019-06-19T11:00:00.0,0.0,88.0,0.0,1608.0,14439.0,0.0,0.0,0.0,0.0,0.0,0.0,0.0,0.0,0.0,348.0,0.0,0.0,0.0,0.0,5.0
2019-06-19T12:00:00.0,0.0,78.0,0.0,1605.0,14113.0,0.0,0.0,0.0,0.0,0.0,0.0,0.0,0.0,0.0,349.0,0.0,0.0,0.0,0.0,5.0
2019-06-19T13:00:00.0,0.0,62.0,0.0,1606.0,14214.0,0.0,0.0,0.0,0.0,0.0,0.0,0.0,0.0,0.0,348.0,0.0,0.0,0.0,0.0,5.0
2019-06-19T14:00:00.0,0.0,62.0,0.0,1632.0,13688.0,0.0,0.0,0.0,0.0,0.0,0.0,0.0,0.0,0.0,350.0,0.0,0.0,0.0,0.0,5.0
2019-06-19T15:00:00.0,0.0,69.0,0.0,1628.0,13488.0,0.0,0.0,0.0,0.0,0.0,0.0,0.0,0.0,0.0,348.0,0.0,0.0,0.0,0.0,5.0
2019-06-19T16:00:00.0,0.0,78.0,0.0,1639.0,13349.0,0.0,0.0,0.0,0.0,0.0,0.0,0.0,0.0,0.0,353.0,0.0,0.0,0.0,0.0,5.0
2019-06-19T17:00:00.0,0.0,102.0,0.0,1636.0,13685.0,0.0,0.0,0.0,0.0,0.0,0.0,0.0,0.0,0.0,354.0,0.0,0.0,0.0,0.0,5.0
2019-06-19T18:00:00.0,0.0,122.0,0.0,1642.0,13981.0,0.0,0.0,0.0,0.0,0.0,0.0,0.0,0.0,0.0,350.0,0.0,0.0,0.0,0.0,5.0
2019-06-19T19:00:00.0,0.0,136.0,0.0,1641.0,13606.0,0.0,0.0,0.0,0.0,0.0,0.0,0.0,0.0,0.0,352.0,0.0,0.0,0.0,0.0,5.0
2019-06-19T20:00:00.0,0.0,168.0,0.0,1639.0,12543.0,0.0,0.0,0.0,0.0,0.0,0.0,0.0,0.0,0.0,347.0,0.0,0.0,0.0,0.0,5.0
2019-06-19T21:00:00.0,0.0,216.0,0.0,1638.0,11760.0,0.0,0.0,0.0,0.0,0.0,0.0,0.0,0.0,0.0,348.0,0.0,0.0,0.0,0.0,5.0
2019-06-19T22:00:00.0,0.0,280.0,0.0,1629.0,10878.0,0.0,0.0,0.0,0.0,0.0,0.0,0.0,0.0,0.0,355.0,0.0,0.0,0.0,0.0,5.0
2019-06-19T23:00:00.0,0.0,330.0,0.0,1646.0,9999.0,0.0,0.0,0.0,0.0,0.0,0.0,0.0,0.0,0.0,357.0,0.0,0.0,0.0,0.0,5.0
2019-06-20T00:00:00.0,0.0,349.0,0.0,1650.0,9231.0,0.0,0.0,0.0,0.0,0.0,0.0,0.0,0.0,0.0,353.0,0.0,0.0,0.0,0.0,6.0
2019-06-20T01:00:00.0,0.0,353.0,0.0,1650.0,8439.0,0.0,0.0,0.0,0.0,0.0,0.0,0.0,0.0,0.0,354.0,0.0,0.0,0.0,0.0,6.0
2019-06-20T02:00:00.0,0.0,339.0,0.0,1653.0,8211.0,0.0,0.0,0.0,0.0,0.0,0.0,0.0,0.0,0.0,352.0,0.0,0.0,0.0,0.0,6.0
2019-06-20T03:00:00.0,0.0,318.0,0.0,1654.0,7961.0,0.0,0.0,0.0,0.0,0.0,0.0,0.0,0.0,0.0,353.0,0.0,0.0,0.0,0.0,6.0
2019-06-20T04:00:00.0,0.0,319.0,0.0,1654.0,8527.0,0.0,0.0,0.0,0.0,0.0,0.0,0.0,0.0,0.0,354.0,0.0,0.0,0.0,0.0,6.0
2019-06-20T05:00:00.0,0.0,298.0,0.0,1656.0,11227.0,0.0,0.0,0.0,0.0,0.0,0.0,0.0,0.0,0.0,356.0,0.0,0.0,0.0,0.0,6.0
2019-06-20T06:00:00.0,0.0,296.0,0.0,1665.0,13083.0,0.0,0.0,0.0,0.0,0.0,0.0,0.0,0.0,0.0,353.0,0.0,0.0,0.0,0.0,6.0
2019-06-20T07:00:00.0,0.0,294.0,0.0,1669.0,13809.0,0.0,0.0,0.0,0.0,0.0,0.0,0.0,0.0,0.0,355.0,0.0,0.0,0.0,0.0,6.0
2019-06-20T08:00:00.0,0.0,286.0,0.0,1675.0,13863.0,0.0,0.0,0.0,0.0,0.0,0.0,0.0,0.0,0.0,349.0,0.0,0.0,0.0,0.0,6.0
2019-06-20T09:00:00.0,0.0,218.0,0.0,1675.0,13858.0,0.0,0.0,0.0,0.0,0.0,0.0,0.0,0.0,0.0,355.0,0.0,0.0,0.0,0.0,5.0
2019-06-20T10:00:00.0,0.0,220.0,0.0,1671.0,13292.0,0.0,0.0,0.0,0.0,0.0,0.0,0.0,0.0,0.0,355.0,0.0,0.0,0.0,0.0,6.0
2019-06-20T11:00:00.0,0.0,238.0,0.0,1670.0,12892.0,0.0,0.0,0.0,0.0,0.0,0.0,0.0,0.0,0.0,352.0,0.0,0.0,0.0,0.0,6.0
2019-06-20T12:00:00.0,0.0,269.0,0.0,1670.0,13236.0,0.0,0.0,0.0,0.0,0.0,0.0,0.0,0.0,0.0,353.0,0.0,0.0,0.0,0.0,6.0
2019-06-20T13:00:00.0,0.0,287.0,0.0,1657.0,12787.0,0.0,0.0,0.0,0.0,0.0,0.0,0.0,0.0,0.0,355.0,0.0,0.0,0.0,0.0,6.0
2019-06-20T14:00:00.0,0.0,288.0,0.0,1653.0,11929.0,0.0,0.0,0.0,0.0,0.0,0.0,0.0,0.0,0.0,345.0,0.0,0.0,0.0,0.0,6.0
2019-06-20T15:00:00.0,0.0,304.0,0.0,1652.0,11638.0,0.0,0.0,0.0,0.0,0.0,0.0,0.0,0.0,0.0,351.0,0.0,0.0,0.0,0.0,6.0
2019-06-20T16:00:00.0,0.0,322.0,0.0,1654.0,11957.0,0.0,0.0,0.0,0.0,0.0,0.0,0.0,0.0,0.0,355.0,0.0,0.0,0.0,0.0,7.0
2019-06-20T17:00:00.0,0.0,406.0,0.0,1654.0,12033.0,0.0,0.0,0.0,0.0,0.0,0.0,0.0,0.0,0.0,355.0,0.0,0.0,0.0,0.0,8.0
2019-06-20T18:00:00.0,0.0,401.0,0.0,1655.0,12179.0,0.0,0.0,0.0,0.0,0.0,0.0,0.0,0.0,0.0,355.0,0.0,0.0,0.0,0.0,8.0
2019-06-20T19:00:00.0,0.0,395.0,0.0,1652.0,11577.0,0.0,0.0,0.0,0.0,0.0,0.0,0.0,0.0,0.0,353.0,0.0,0.0,0.0,0.0,9.0
2019-06-20T20:00:00.0,0.0,418.0,0.0,1648.0,10570.0,0.0,0.0,0.0,0.0,0.0,0.0,0.0,0.0,0.0,350.0,0.0,0.0,0.0,0.0,10.0
2019-06-20T21:00:00.0,0.0,407.0,0.0,1647.0,9638.0,0.0,0.0,0.0,0.0,0.0,0.0,0.0,0.0,0.0,348.0,0.0,0.0,0.0,0.0,6.0
2019-06-20T22:00:00.0,0.0,441.0,0.0,1650.0,9542.0,0.0,0.0,0.0,0.0,0.0,0.0,0.0,0.0,0.0,348.0,0.0,0.0,0.0,0.0,6.0
2019-06-20T23:00:00.0,0.0,381.0,0.0,1613.0,9266.0,0.0,0.0,0.0,0.0,0.0,0.0,0.0,0.0,0.0,348.0,0.0,0.0,0.0,0.0,10.0
2019-06-21T00:00:00.0,0.0,402.0,0.0,1612.0,8428.0,0.0,0.0,0.0,0.0,0.0,0.0,0.0,0.0,0.0,346.0,0.0,0.0,0.0,0.0,10.0
2019-06-21T01:00:00.0,0.0,439.0,0.0,1610.0,7994.0,0.0,0.0,0.0,0.0,0.0,0.0,0.0,0.0,0.0,350.0,0.0,0.0,0.0,0.0,11.0
2019-06-21T02:00:00.0,0.0,360.0,0.0,1614.0,7657.0,0.0,0.0,0.0,0.0,0.0,0.0,0.0,0.0,0.0,346.0,0.0,0.0,0.0,0.0,10.0
2019-06-21T03:00:00.0,0.0,336.0,0.0,1613.0,7897.0,0.0,0.0,0.0,0.0,0.0,0.0,0.0,0.0,0.0,347.0,0.0,0.0,0.0,0.0,9.0
2019-06-21T04:00:00.0,0.0,379.0,0.0,1613.0,8808.0,0.0,0.0,0.0,0.0,0.0,0.0,0.0,0.0,0.0,349.0,0.0,0.0,0.0,0.0,10.0
2019-06-21T05:00:00.0,0.0,336.0,0.0,1614.0,10114.0,0.0,0.0,0.0,0.0,0.0,0.0,0.0,0.0,0.0,352.0,0.0,0.0,0.0,0.0,9.0
2019-06-21T06:00:00.0,0.0,358.0,0.0,1617.0,11418.0,0.0,0.0,0.0,0.0,0.0,0.0,0.0,0.0,0.0,346.0,0.0,0.0,0.0,0.0,8.0
2019-06-21T07:00:00.0,0.0,435.0,0.0,1575.0,11706.0,0.0,0.0,0.0,0.0,0.0,0.0,0.0,0.0,0.0,344.0,0.0,0.0,0.0,0.0,10.0
2019-06-21T08:00:00.0,0.0,372.0,0.0,1579.0,11917.0,0.0,0.0,0.0,0.0,0.0,0.0,0.0,0.0,0.0,343.0,0.0,0.0,0.0,0.0,8.0
2019-06-21T09:00:00.0,0.0,366.0,0.0,1619.0,12190.0,0.0,0.0,0.0,0.0,0.0,0.0,0.0,0.0,0.0,342.0,0.0,0.0,0.0,0.0,6.0
2019-06-21T10:00:00.0,0.0,364.0,0.0,1621.0,12054.0,0.0,0.0,0.0,0.0,0.0,0.0,0.0,0.0,0.0,328.0,0.0,0.0,0.0,0.0,6.0
2019-06-21T11:00:00.0,0.0,403.0,0.0,1627.0,11697.0,0.0,0.0,0.0,0.0,0.0,0.0,0.0,0.0,0.0,337.0,0.0,0.0,0.0,0.0,6.0
2019-06-21T12:00:00.0,0.0,419.0,0.0,1628.0,11612.0,0.0,0.0,0.0,0.0,0.0,0.0,0.0,0.0,0.0,330.0,0.0,0.0,0.0,0.0,6.0
2019-06-21T13:00:00.0,0.0,443.0,0.0,1615.0,11128.0,0.0,0.0,0.0,0.0,0.0,0.0,0.0,0.0,0.0,329.0,0.0,0.0,0.0,0.0,5.0
2019-06-21T14:00:00.0,0.0,424.0,0.0,1624.0,10437.0,0.0,0.0,0.0,0.0,0.0,0.0,0.0,0.0,0.0,329.0,0.0,0.0,0.0,0.0,6.0
2019-06-21T15:00:00.0,0.0,435.0,0.0,1627.0,9815.0,0.0,0.0,0.0,0.0,0.0,0.0,0.0,0.0,0.0,324.0,0.0,0.0,0.0,0.0,6.0
2019-06-21T16:00:00.0,0.0,463.0,0.0,1628.0,9833.0,0.0,0.0,0.0,0.0,0.0,0.0,0.0,0.0,0.0,328.0,0.0,0.0,0.0,0.0,7.0
2019-06-21T17:00:00.0,0.0,500.0,0.0,1629.0,9721.0,0.0,0.0,0.0,0.0,0.0,0.0,0.0,0.0,0.0,329.0,0.0,0.0,0.0,0.0,7.0
2019-06-21T18:00:00.0,0.0,491.0,0.0,1628.0,9463.0,0.0,0.0,0.0,0.0,0.0,0.0,0.0,0.0,0.0,331.0,0.0,0.0,0.0,0.0,7.0
2019-06-21T19:00:00.0,0.0,522.0,0.0,1637.0,8938.0,0.0,0.0,0.0,0.0,0.0,0.0,0.0,0.0,0.0,332.0,0.0,0.0,0.0,0.0,9.0
2019-06-21T20:00:00.0,0.0,516.0,0.0,1636.0,8665.0,0.0,0.0,0.0,0.0,0.0,0.0,0.0,0.0,0.0,333.0,0.0,0.0,0.0,0.0,8.0
2019-06-21T21:00:00.0,0.0,498.0,0.0,1636.0,8682.0,0.0,0.0,0.0,0.0,0.0,0.0,0.0,0.0,0.0,335.0,0.0,0.0,0.0,0.0,9.0
2019-06-21T22:00:00.0,0.0,598.0,0.0,1636.0,8219.0,0.0,0.0,0.0,0.0,0.0,0.0,0.0,0.0,0.0,344.0,0.0,0.0,0.0,0.0,11.0
2019-06-21T23:00:00.0,0.0,629.0,0.0,1656.0,8070.0,0.0,0.0,0.0,0.0,0.0,0.0,0.0,0.0,0.0,339.0,0.0,0.0,0.0,0.0,6.0
2019-06-22T00:00:00.0,0.0,695.0,0.0,1656.0,7052.0,0.0,0.0,0.0,0.0,0.0,0.0,0.0,0.0,0.0,338.0,0.0,0.0,0.0,0.0,7.0
2019-06-22T01:00:00.0,0.0,736.0,0.0,1654.0,6481.0,0.0,0.0,0.0,0.0,0.0,0.0,0.0,0.0,0.0,340.0,0.0,0.0,0.0,0.0,6.0
2019-06-22T02:00:00.0,0.0,730.0,0.0,1658.0,6016.0,0.0,0.0,0.0,0.0,0.0,0.0,0.0,0.0,0.0,334.0,0.0,0.0,0.0,0.0,6.0
2019-06-22T03:00:00.0,0.0,726.0,0.0,1662.0,5938.0,0.0,0.0,0.0,0.0,0.0,0.0,0.0,0.0,0.0,341.0,0.0,0.0,0.0,0.0,6.0
2019-06-22T04:00:00.0,0.0,720.0,0.0,1666.0,6232.0,0.0,0.0,0.0,0.0,0.0,0.0,0.0,0.0,0.0,341.0,0.0,0.0,0.0,0.0,6.0
2019-06-22T05:00:00.0,0.0,712.0,0.0,1670.0,6852.0,0.0,0.0,0.0,0.0,0.0,0.0,0.0,0.0,0.0,341.0,0.0,0.0,0.0,0.0,6.0
2019-06-22T06:00:00.0,0.0,699.0,0.0,1673.0,7779.0,0.0,0.0,0.0,0.0,0.0,0.0,0.0,0.0,0.0,342.0,0.0,0.0,0.0,0.0,6.0
2019-06-22T07:00:00.0,0.0,692.0,0.0,1676.0,8200.0,0.0,0.0,0.0,0.0,0.0,0.0,0.0,0.0,0.0,347.0,0.0,0.0,0.0,0.0,6.0
2019-06-22T08:00:00.0,0.0,692.0,0.0,1682.0,8270.0,0.0,0.0,0.0,0.0,0.0,0.0,0.0,0.0,0.0,348.0,0.0,0.0,0.0,0.0,4.0
2019-06-22T09:00:00.0,0.0,707.0,0.0,1677.0,8218.0,0.0,0.0,0.0,0.0,0.0,0.0,0.0,0.0,0.0,347.0,0.0,0.0,0.0,0.0,4.0
2019-06-22T10:00:00.0,0.0,719.0,0.0,1679.0,7824.0,0.0,0.0,0.0,0.0,0.0,0.0,0.0,0.0,0.0,347.0,0.0,0.0,0.0,0.0,4.0
2019-06-22T11:00:00.0,0.0,730.0,0.0,1687.0,7776.0,0.0,0.0,0.0,0.0,0.0,0.0,0.0,0.0,0.0,351.0,0.0,0.0,0.0,0.0,4.0
2019-06-22T12:00:00.0,0.0,784.0,0.0,1689.0,7227.0,0.0,0.0,0.0,0.0,0.0,0.0,0.0,0.0,0.0,353.0,0.0,0.0,0.0,0.0,11.0
2019-06-22T13:00:00.0,0.0,731.0,0.0,1688.0,7232.0,0.0,0.0,0.0,0.0,0.0,0.0,0.0,0.0,0.0,350.0,0.0,0.0,0.0,0.0,10.0
2019-06-22T14:00:00.0,0.0,714.0,0.0,1686.0,7277.0,0.0,0.0,0.0,0.0,0.0,0.0,0.0,0.0,0.0,349.0,0.0,0.0,0.0,0.0,10.0
2019-06-22T15:00:00.0,0.0,783.0,0.0,1686.0,7917.0,0.0,0.0,0.0,0.0,0.0,0.0,0.0,0.0,0.0,350.0,0.0,0.0,0.0,0.0,11.0
2019-06-22T16:00:00.0,0.0,741.0,0.0,1671.0,8458.0,0.0,0.0,0.0,0.0,0.0,0.0,0.0,0.0,0.0,346.0,0.0,0.0,0.0,0.0,10.0
2019-06-22T17:00:00.0,0.0,760.0,0.0,1672.0,9036.0,0.0,0.0,0.0,0.0,0.0,0.0,0.0,0.0,0.0,344.0,0.0,0.0,0.0,0.0,10.0
2019-06-22T18:00:00.0,0.0,745.0,0.0,1671.0,9163.0,0.0,0.0,0.0,0.0,0.0,0.0,0.0,0.0,0.0,343.0,0.0,0.0,0.0,0.0,10.0
2019-06-22T19:00:00.0,0.0,726.0,0.0,1667.0,9041.0,0.0,0.0,0.0,0.0,0.0,0.0,0.0,0.0,0.0,343.0,0.0,0.0,0.0,0.0,10.0
2019-06-22T20:00:00.0,0.0,744.0,0.0,1667.0,8954.0,0.0,0.0,0.0,0.0,0.0,0.0,0.0,0.0,0.0,341.0,0.0,0.0,0.0,0.0,10.0
2019-06-22T21:00:00.0,0.0,724.0,0.0,1664.0,8740.0,0.0,0.0,0.0,0.0,0.0,0.0,0.0,0.0,0.0,344.0,0.0,0.0,0.0,0.0,10.0
2019-06-22T22:00:00.0,0.0,797.0,0.0,1666.0,7627.0,0.0,0.0,0.0,0.0,0.0,0.0,0.0,0.0,0.0,341.0,0.0,0.0,0.0,0.0,14.0
2019-06-22T23:00:00.0,0.0,681.0,0.0,1697.0,6582.0,0.0,0.0,0.0,0.0,0.0,0.0,0.0,0.0,0.0,344.0,0.0,0.0,0.0,0.0,17.0
2019-06-23T00:00:00.0,0.0,573.0,0.0,1697.0,5802.0,0.0,0.0,0.0,0.0,0.0,0.0,0.0,0.0,0.0,343.0,0.0,0.0,0.0,0.0,17.0
2019-06-23T01:00:00.0,0.0,584.0,0.0,1696.0,5658.0,0.0,0.0,0.0,0.0,0.0,0.0,0.0,0.0,0.0,344.0,0.0,0.0,0.0,0.0,18.0
2019-06-23T02:00:00.0,0.0,574.0,0.0,1694.0,5482.0,0.0,0.0,0.0,0.0,0.0,0.0,0.0,0.0,0.0,347.0,0.0,0.0,0.0,0.0,17.0
2019-06-23T03:00:00.0,0.0,407.0,0.0,1692.0,5291.0,0.0,0.0,0.0,0.0,0.0,0.0,0.0,0.0,0.0,347.0,0.0,0.0,0.0,0.0,16.0
2019-06-23T04:00:00.0,0.0,538.0,0.0,1690.0,5302.0,0.0,0.0,0.0,0.0,0.0,0.0,0.0,0.0,0.0,350.0,0.0,0.0,0.0,0.0,17.0
2019-06-23T05:00:00.0,0.0,427.0,0.0,1689.0,5587.0,0.0,0.0,0.0,0.0,0.0,0.0,0.0,0.0,0.0,349.0,0.0,0.0,0.0,0.0,17.0
2019-06-23T06:00:00.0,0.0,534.0,0.0,1689.0,5868.0,0.0,0.0,0.0,0.0,0.0,0.0,0.0,0.0,0.0,352.0,0.0,0.0,0.0,0.0,17.0
2019-06-23T07:00:00.0,0.0,601.0,0.0,1692.0,6767.0,0.0,0.0,0.0,0.0,0.0,0.0,0.0,0.0,0.0,356.0,0.0,0.0,0.0,0.0,18.0
2019-06-23T08:00:00.0,0.0,424.0,0.0,1692.0,6924.0,0.0,0.0,0.0,0.0,0.0,0.0,0.0,0.0,0.0,352.0,0.0,0.0,0.0,0.0,11.0
2019-06-23T09:00:00.0,0.0,429.0,0.0,1688.0,6897.0,0.0,0.0,0.0,0.0,0.0,0.0,0.0,0.0,0.0,353.0,0.0,0.0,0.0,0.0,11.0
2019-06-23T10:00:00.0,0.0,497.0,0.0,1691.0,6934.0,0.0,0.0,0.0,0.0,0.0,0.0,0.0,0.0,0.0,352.0,0.0,0.0,0.0,0.0,12.0
2019-06-23T11:00:00.0,0.0,476.0,0.0,1690.0,6608.0,0.0,0.0,0.0,0.0,0.0,0.0,0.0,0.0,0.0,350.0,0.0,0.0,0.0,0.0,12.0
2019-06-23T12:00:00.0,0.0,378.0,0.0,1691.0,6596.0,0.0,0.0,0.0,0.0,0.0,0.0,0.0,0.0,0.0,352.0,0.0,0.0,0.0,0.0,11.0
2019-06-23T13:00:00.0,0.0,444.0,0.0,1689.0,6655.0,0.0,0.0,0.0,0.0,0.0,0.0,0.0,0.0,0.0,348.0,0.0,0.0,0.0,0.0,11.0
2019-06-23T14:00:00.0,0.0,456.0,0.0,1687.0,6815.0,0.0,0.0,0.0,0.0,0.0,0.0,0.0,0.0,0.0,344.0,0.0,0.0,0.0,0.0,12.0
2019-06-23T15:00:00.0,0.0,528.0,0.0,1685.0,7304.0,0.0,0.0,0.0,0.0,0.0,0.0,0.0,0.0,0.0,354.0,0.0,0.0,0.0,0.0,12.0
2019-06-23T16:00:00.0,0.0,400.0,0.0,1686.0,7659.0,0.0,0.0,0.0,0.0,0.0,0.0,0.0,0.0,0.0,355.0,0.0,0.0,0.0,0.0,12.0
2019-06-23T17:00:00.0,0.0,434.0,0.0,1688.0,8961.0,0.0,0.0,0.0,0.0,0.0,0.0,0.0,0.0,0.0,347.0,0.0,0.0,0.0,0.0,16.0
2019-06-23T18:00:00.0,0.0,337.0,0.0,1688.0,9751.0,0.0,0.0,0.0,0.0,0.0,0.0,0.0,0.0,0.0,354.0,0.0,0.0,0.0,0.0,15.0
2019-06-23T19:00:00.0,0.0,292.0,0.0,1688.0,10376.0,0.0,0.0,0.0,0.0,0.0,0.0,0.0,0.0,0.0,349.0,0.0,0.0,0.0,0.0,14.0
2019-06-23T20:00:00.0,0.0,238.0,0.0,1685.0,10193.0,0.0,0.0,0.0,0.0,0.0,0.0,0.0,0.0,0.0,351.0,0.0,0.0,0.0,0.0,13.0
2019-06-23T21:00:00.0,0.0,344.0,0.0,1684.0,9915.0,0.0,0.0,0.0,0.0,0.0,0.0,0.0,0.0,0.0,351.0,0.0,0.0,0.0,0.0,13.0
2019-06-23T22:00:00.0,0.0,235.0,0.0,1681.0,8718.0,0.0,0.0,0.0,0.0,0.0,0.0,0.0,0.0,0.0,350.0,0.0,0.0,0.0,0.0,12.0
2019-06-23T23:00:00.0,0.0,183.0,0.0,1655.0,6878.0,0.0,0.0,0.0,0.0,0.0,0.0,0.0,0.0,0.0,354.0,0.0,0.0,0.0,0.0,10.0
2019-06-24T00:00:00.0,0.0,126.0,0.0,1654.0,6230.0,0.0,0.0,0.0,0.0,0.0,0.0,0.0,0.0,0.0,355.0,0.0,0.0,0.0,0.0,9.0
2019-06-24T01:00:00.0,0.0,143.0,0.0,1654.0,6176.0,0.0,0.0,0.0,0.0,0.0,0.0,0.0,0.0,0.0,352.0,0.0,0.0,0.0,0.0,10.0
2019-06-24T02:00:00.0,0.0,124.0,0.0,1652.0,6172.0,0.0,0.0,0.0,0.0,0.0,0.0,0.0,0.0,0.0,359.0,0.0,0.0,0.0,0.0,10.0
2019-06-24T03:00:00.0,0.0,113.0,0.0,1649.0,6679.0,0.0,0.0,0.0,0.0,0.0,0.0,0.0,0.0,0.0,361.0,0.0,0.0,0.0,0.0,9.0
2019-06-24T04:00:00.0,0.0,92.0,0.0,1645.0,7188.0,0.0,0.0,0.0,0.0,0.0,0.0,0.0,0.0,0.0,362.0,0.0,0.0,0.0,0.0,9.0
2019-06-24T05:00:00.0,0.0,116.0,0.0,1649.0,11112.0,0.0,0.0,0.0,0.0,0.0,0.0,0.0,0.0,0.0,360.0,0.0,0.0,0.0,0.0,9.0
2019-06-24T06:00:00.0,0.0,133.0,0.0,1656.0,13837.0,0.0,0.0,0.0,0.0,0.0,0.0,0.0,0.0,0.0,359.0,0.0,0.0,0.0,0.0,9.0
2019-06-24T07:00:00.0,0.0,127.0,0.0,1654.0,14339.0,0.0,0.0,0.0,0.0,0.0,0.0,0.0,0.0,0.0,359.0,0.0,0.0,0.0,0.0,8.0
2019-06-24T08:00:00.0,0.0,178.0,0.0,1652.0,14233.0,0.0,0.0,0.0,0.0,0.0,0.0,0.0,0.0,0.0,353.0,0.0,0.0,0.0,0.0,8.0
2019-06-24T09:00:00.0,0.0,211.0,0.0,1649.0,13935.0,0.0,0.0,0.0,0.0,0.0,0.0,0.0,0.0,0.0,354.0,0.0,0.0,0.0,0.0,7.0
2019-06-24T10:00:00.0,0.0,194.0,0.0,1641.0,13966.0,0.0,0.0,0.0,0.0,0.0,0.0,0.0,0.0,0.0,353.0,0.0,0.0,0.0,0.0,7.0
2019-06-24T11:00:00.0,0.0,243.0,0.0,1641.0,13790.0,0.0,0.0,0.0,0.0,0.0,0.0,0.0,0.0,0.0,351.0,0.0,0.0,0.0,0.0,7.0
2019-06-24T12:00:00.0,0.0,189.0,0.0,1638.0,13344.0,0.0,0.0,0.0,0.0,0.0,0.0,0.0,0.0,0.0,351.0,0.0,0.0,0.0,0.0,7.0
2019-06-24T13:00:00.0,0.0,207.0,0.0,1632.0,13242.0,0.0,0.0,0.0,0.0,0.0,0.0,0.0,0.0,0.0,342.0,0.0,0.0,0.0,0.0,6.0
2019-06-24T14:00:00.0,0.0,320.0,0.0,1632.0,13104.0,0.0,0.0,0.0,0.0,0.0,0.0,0.0,0.0,0.0,352.0,0.0,0.0,0.0,0.0,7.0
2019-06-24T15:00:00.0,0.0,355.0,0.0,1630.0,13187.0,0.0,0.0,0.0,0.0,0.0,0.0,0.0,0.0,0.0,351.0,0.0,0.0,0.0,0.0,7.0
2019-06-24T16:00:00.0,0.0,439.0,0.0,1629.0,13622.0,0.0,0.0,0.0,0.0,0.0,0.0,0.0,0.0,0.0,352.0,0.0,0.0,0.0,0.0,7.0
2019-06-24T17:00:00.0,0.0,476.0,0.0,1627.0,13559.0,0.0,0.0,0.0,0.0,0.0,0.0,0.0,0.0,0.0,353.0,0.0,0.0,0.0,0.0,7.0
2019-06-24T18:00:00.0,0.0,503.0,0.0,1627.0,13642.0,0.0,0.0,0.0,0.0,0.0,0.0,0.0,0.0,0.0,355.0,0.0,0.0,0.0,0.0,7.0
2019-06-24T19:00:00.0,0.0,486.0,0.0,1615.0,13388.0,0.0,0.0,0.0,0.0,0.0,0.0,0.0,0.0,0.0,351.0,0.0,0.0,0.0,0.0,6.0
2019-06-24T20:00:00.0,0.0,551.0,0.0,1612.0,12526.0,0.0,0.0,0.0,0.0,0.0,0.0,0.0,0.0,0.0,348.0,0.0,0.0,0.0,0.0,7.0
2019-06-24T21:00:00.0,0.0,519.0,0.0,1612.0,11580.0,0.0,0.0,0.0,0.0,0.0,0.0,0.0,0.0,0.0,353.0,0.0,0.0,0.0,0.0,7.0
2019-06-24T22:00:00.0,0.0,531.0,0.0,1611.0,9228.0,0.0,0.0,0.0,0.0,0.0,0.0,0.0,0.0,0.0,349.0,0.0,0.0,0.0,0.0,7.0
2019-06-24T23:00:00.0,0.0,591.0,0.0,1592.0,7441.0,0.0,0.0,0.0,0.0,0.0,0.0,0.0,0.0,0.0,352.0,0.0,0.0,0.0,0.0,11.0
2019-06-25T00:00:00.0,0.0,664.0,0.0,1594.0,6588.0,0.0,0.0,0.0,0.0,0.0,0.0,0.0,0.0,0.0,355.0,0.0,0.0,0.0,0.0,11.0
2019-06-25T01:00:00.0,0.0,690.0,0.0,1598.0,6401.0,0.0,0.0,0.0,0.0,0.0,0.0,0.0,0.0,0.0,359.0,0.0,0.0,0.0,0.0,11.0
2019-06-25T02:00:00.0,0.0,649.0,0.0,1603.0,6287.0,0.0,0.0,0.0,0.0,0.0,0.0,0.0,0.0,0.0,359.0,0.0,0.0,0.0,0.0,11.0
2019-06-25T03:00:00.0,0.0,693.0,0.0,1605.0,6465.0,0.0,0.0,0.0,0.0,0.0,0.0,0.0,0.0,0.0,360.0,0.0,0.0,0.0,0.0,12.0
2019-06-25T04:00:00.0,0.0,722.0,0.0,1610.0,7841.0,0.0,0.0,0.0,0.0,0.0,0.0,0.0,0.0,0.0,359.0,0.0,0.0,0.0,0.0,13.0
2019-06-25T05:00:00.0,0.0,661.0,0.0,1623.0,11821.0,0.0,0.0,0.0,0.0,0.0,0.0,0.0,0.0,0.0,362.0,0.0,0.0,0.0,0.0,12.0
2019-06-25T06:00:00.0,0.0,656.0,0.0,1645.0,14032.0,0.0,0.0,0.0,0.0,0.0,0.0,0.0,0.0,0.0,362.0,0.0,0.0,0.0,0.0,13.0
2019-06-25T07:00:00.0,0.0,648.0,0.0,1640.0,14748.0,0.0,0.0,0.0,0.0,0.0,0.0,0.0,0.0,0.0,359.0,0.0,0.0,0.0,0.0,14.0
2019-06-25T08:00:00.0,0.0,600.0,0.0,1647.0,15050.0,0.0,0.0,0.0,0.0,0.0,0.0,0.0,0.0,0.0,361.0,0.0,0.0,0.0,0.0,13.0
2019-06-25T09:00:00.0,0.0,538.0,0.0,1650.0,15180.0,0.0,0.0,0.0,0.0,0.0,0.0,0.0,0.0,0.0,360.0,0.0,0.0,0.0,0.0,16.0
2019-06-25T10:00:00.0,0.0,515.0,0.0,1656.0,15428.0,0.0,0.0,0.0,0.0,0.0,0.0,0.0,0.0,0.0,360.0,0.0,0.0,0.0,0.0,21.0
2019-06-25T11:00:00.0,0.0,474.0,0.0,1653.0,15201.0,0.0,0.0,0.0,0.0,0.0,0.0,0.0,0.0,0.0,358.0,0.0,0.0,0.0,0.0,21.0
2019-06-25T12:00:00.0,0.0,454.0,0.0,1650.0,14998.0,0.0,0.0,0.0,0.0,0.0,0.0,0.0,0.0,0.0,363.0,0.0,0.0,0.0,0.0,21.0
2019-06-25T13:00:00.0,0.0,432.0,0.0,1648.0,15011.0,0.0,0.0,0.0,0.0,0.0,0.0,0.0,0.0,0.0,356.0,0.0,0.0,0.0,0.0,21.0
2019-06-25T14:00:00.0,0.0,446.0,0.0,1648.0,14964.0,0.0,0.0,0.0,0.0,0.0,0.0,0.0,0.0,0.0,360.0,0.0,0.0,0.0,0.0,21.0
2019-06-25T15:00:00.0,0.0,390.0,0.0,1650.0,14664.0,0.0,0.0,0.0,0.0,0.0,0.0,0.0,0.0,0.0,352.0,0.0,0.0,0.0,0.0,21.0
2019-06-25T16:00:00.0,0.0,374.0,0.0,1652.0,15253.0,0.0,0.0,0.0,0.0,0.0,0.0,0.0,0.0,0.0,345.0,0.0,0.0,0.0,0.0,21.0
2019-06-25T17:00:00.0,0.0,383.0,0.0,1652.0,15115.0,0.0,0.0,0.0,0.0,0.0,0.0,0.0,0.0,0.0,354.0,0.0,0.0,0.0,0.0,21.0
2019-06-25T18:00:00.0,0.0,368.0,0.0,1652.0,14948.0,0.0,0.0,0.0,0.0,0.0,0.0,0.0,0.0,0.0,345.0,0.0,0.0,0.0,0.0,21.0
2019-06-25T19:00:00.0,0.0,384.0,0.0,1649.0,14077.0,0.0,0.0,0.0,0.0,0.0,0.0,0.0,0.0,0.0,349.0,0.0,0.0,0.0,0.0,20.0
2019-06-25T20:00:00.0,0.0,396.0,0.0,1642.0,13354.0,0.0,0.0,0.0,0.0,0.0,0.0,0.0,0.0,0.0,353.0,0.0,0.0,0.0,0.0,20.0
2019-06-25T21:00:00.0,0.0,423.0,0.0,1636.0,12759.0,0.0,0.0,0.0,0.0,0.0,0.0,0.0,0.0,0.0,353.0,0.0,0.0,0.0,0.0,20.0
2019-06-25T22:00:00.0,0.0,409.0,0.0,1639.0,11430.0,0.0,0.0,0.0,0.0,0.0,0.0,0.0,0.0,0.0,350.0,0.0,0.0,0.0,0.0,20.0
2019-06-25T23:00:00.0,0.0,305.0,0.0,1638.0,10256.0,0.0,0.0,0.0,0.0,0.0,0.0,0.0,0.0,0.0,352.0,0.0,0.0,0.0,0.0,12.0
2019-06-26T00:00:00.0,0.0,281.0,0.0,1635.0,10116.0,0.0,0.0,0.0,0.0,0.0,0.0,0.0,0.0,0.0,353.0,0.0,0.0,0.0,0.0,11.0
2019-06-26T01:00:00.0,0.0,275.0,0.0,1626.0,10052.0,0.0,0.0,0.0,0.0,0.0,0.0,0.0,0.0,0.0,358.0,0.0,0.0,0.0,0.0,11.0
2019-06-26T02:00:00.0,0.0,253.0,0.0,1621.0,9717.0,0.0,0.0,0.0,0.0,0.0,0.0,0.0,0.0,0.0,355.0,0.0,0.0,0.0,0.0,11.0
2019-06-26T03:00:00.0,0.0,259.0,0.0,1619.0,9273.0,0.0,0.0,0.0,0.0,0.0,0.0,0.0,0.0,0.0,352.0,0.0,0.0,0.0,0.0,11.0
2019-06-26T04:00:00.0,0.0,238.0,0.0,1618.0,10440.0,0.0,0.0,0.0,0.0,0.0,0.0,0.0,0.0,0.0,352.0,0.0,0.0,0.0,0.0,11.0
2019-06-26T05:00:00.0,0.0,221.0,0.0,1613.0,12940.0,0.0,0.0,0.0,0.0,0.0,0.0,0.0,0.0,0.0,355.0,0.0,0.0,0.0,0.0,10.0
2019-06-26T06:00:00.0,0.0,219.0,0.0,1622.0,14329.0,0.0,0.0,0.0,0.0,0.0,0.0,0.0,0.0,0.0,353.0,0.0,0.0,0.0,0.0,10.0
2019-06-26T07:00:00.0,0.0,243.0,0.0,1620.0,14780.0,0.0,0.0,0.0,0.0,0.0,0.0,0.0,0.0,0.0,349.0,0.0,0.0,0.0,0.0,10.0
2019-06-26T08:00:00.0,0.0,272.0,0.0,1612.0,14551.0,0.0,0.0,0.0,0.0,0.0,0.0,0.0,0.0,0.0,354.0,0.0,0.0,0.0,0.0,10.0
2019-06-26T09:00:00.0,0.0,340.0,0.0,1612.0,14640.0,0.0,0.0,0.0,0.0,0.0,0.0,0.0,0.0,0.0,353.0,0.0,0.0,0.0,0.0,11.0
2019-06-26T10:00:00.0,0.0,398.0,0.0,1612.0,14437.0,0.0,0.0,0.0,0.0,0.0,0.0,0.0,0.0,0.0,351.0,0.0,0.0,0.0,0.0,11.0
2019-06-26T11:00:00.0,0.0,454.0,0.0,1608.0,14224.0,0.0,0.0,0.0,0.0,0.0,0.0,0.0,0.0,0.0,354.0,0.0,0.0,0.0,0.0,11.0
2019-06-26T12:00:00.0,0.0,544.0,0.0,1607.0,13295.0,0.0,0.0,0.0,0.0,0.0,0.0,0.0,0.0,0.0,355.0,0.0,0.0,0.0,0.0,11.0
2019-06-26T13:00:00.0,0.0,644.0,0.0,1605.0,12795.0,0.0,0.0,0.0,0.0,0.0,0.0,0.0,0.0,0.0,347.0,0.0,0.0,0.0,0.0,12.0
2019-06-26T14:00:00.0,0.0,736.0,0.0,1605.0,12345.0,0.0,0.0,0.0,0.0,0.0,0.0,0.0,0.0,0.0,349.0,0.0,0.0,0.0,0.0,13.0
2019-06-26T15:00:00.0,0.0,682.0,0.0,1605.0,11577.0,0.0,0.0,0.0,0.0,0.0,0.0,0.0,0.0,0.0,350.0,0.0,0.0,0.0,0.0,13.0
2019-06-26T16:00:00.0,0.0,786.0,0.0,1605.0,11801.0,0.0,0.0,0.0,0.0,0.0,0.0,0.0,0.0,0.0,350.0,0.0,0.0,0.0,0.0,14.0
2019-06-26T17:00:00.0,0.0,727.0,0.0,1604.0,11515.0,0.0,0.0,0.0,0.0,0.0,0.0,0.0,0.0,0.0,347.0,0.0,0.0,0.0,0.0,13.0
2019-06-26T18:00:00.0,0.0,752.0,0.0,1604.0,11174.0,0.0,0.0,0.0,0.0,0.0,0.0,0.0,0.0,0.0,351.0,0.0,0.0,0.0,0.0,14.0
2019-06-26T19:00:00.0,0.0,706.0,0.0,1602.0,10497.0,0.0,0.0,0.0,0.0,0.0,0.0,0.0,0.0,0.0,352.0,0.0,0.0,0.0,0.0,13.0
2019-06-26T20:00:00.0,0.0,777.0,0.0,1599.0,9559.0,0.0,0.0,0.0,0.0,0.0,0.0,0.0,0.0,0.0,351.0,0.0,0.0,0.0,0.0,13.0
2019-06-26T21:00:00.0,0.0,689.0,0.0,1593.0,8544.0,0.0,0.0,0.0,0.0,0.0,0.0,0.0,0.0,0.0,353.0,0.0,0.0,0.0,0.0,13.0
2019-06-26T22:00:00.0,0.0,695.0,0.0,1587.0,7488.0,0.0,0.0,0.0,0.0,0.0,0.0,0.0,0.0,0.0,355.0,0.0,0.0,0.0,0.0,13.0
2019-06-26T23:00:00.0,0.0,705.0,0.0,1569.0,6615.0,0.0,0.0,0.0,0.0,0.0,0.0,0.0,0.0,0.0,355.0,0.0,0.0,0.0,0.0,13.0
2019-06-27T00:00:00.0,0.0,808.0,0.0,1563.0,6409.0,0.0,0.0,0.0,0.0,0.0,0.0,0.0,0.0,0.0,355.0,0.0,0.0,0.0,0.0,14.0
2019-06-27T01:00:00.0,0.0,825.0,0.0,1555.0,6114.0,0.0,0.0,0.0,0.0,0.0,0.0,0.0,0.0,0.0,357.0,0.0,0.0,0.0,0.0,14.0
2019-06-27T02:00:00.0,0.0,777.0,0.0,1543.0,5717.0,0.0,0.0,0.0,0.0,0.0,0.0,0.0,0.0,0.0,357.0,0.0,0.0,0.0,0.0,13.0
2019-06-27T03:00:00.0,0.0,741.0,0.0,1541.0,5613.0,0.0,0.0,0.0,0.0,0.0,0.0,0.0,0.0,0.0,358.0,0.0,0.0,0.0,0.0,12.0
2019-06-27T04:00:00.0,0.0,860.0,0.0,1538.0,6331.0,0.0,0.0,0.0,0.0,0.0,0.0,0.0,0.0,0.0,359.0,0.0,0.0,0.0,0.0,12.0
2019-06-27T05:00:00.0,0.0,664.0,0.0,1536.0,8272.0,0.0,0.0,0.0,0.0,0.0,0.0,0.0,0.0,0.0,360.0,0.0,0.0,0.0,0.0,10.0
2019-06-27T06:00:00.0,0.0,709.0,0.0,1540.0,10486.0,0.0,0.0,0.0,0.0,0.0,0.0,0.0,0.0,0.0,360.0,0.0,0.0,0.0,0.0,11.0
2019-06-27T07:00:00.0,0.0,602.0,0.0,1540.0,11318.0,0.0,0.0,0.0,0.0,0.0,0.0,0.0,0.0,0.0,362.0,0.0,0.0,0.0,0.0,10.0
2019-06-27T08:00:00.0,0.0,540.0,0.0,1542.0,11842.0,0.0,0.0,0.0,0.0,0.0,0.0,0.0,0.0,0.0,355.0,0.0,0.0,0.0,0.0,9.0
2019-06-27T09:00:00.0,0.0,570.0,0.0,1528.0,11993.0,0.0,0.0,0.0,0.0,0.0,0.0,0.0,0.0,0.0,362.0,0.0,0.0,0.0,0.0,9.0
2019-06-27T10:00:00.0,0.0,550.0,0.0,1523.0,11883.0,0.0,0.0,0.0,0.0,0.0,0.0,0.0,0.0,0.0,365.0,0.0,0.0,0.0,0.0,9.0
2019-06-27T11:00:00.0,0.0,589.0,0.0,1519.0,11642.0,0.0,0.0,0.0,0.0,0.0,0.0,0.0,0.0,0.0,362.0,0.0,0.0,0.0,0.0,10.0
2019-06-27T12:00:00.0,0.0,606.0,0.0,1514.0,11640.0,0.0,0.0,0.0,0.0,0.0,0.0,0.0,0.0,0.0,361.0,0.0,0.0,0.0,0.0,9.0
2019-06-27T13:00:00.0,0.0,604.0,0.0,1506.0,11417.0,0.0,0.0,0.0,0.0,0.0,0.0,0.0,0.0,0.0,359.0,0.0,0.0,0.0,0.0,8.0
2019-06-27T14:00:00.0,0.0,670.0,0.0,1500.0,10709.0,0.0,0.0,0.0,0.0,0.0,0.0,0.0,0.0,0.0,356.0,0.0,0.0,0.0,0.0,9.0
2019-06-27T15:00:00.0,0.0,607.0,0.0,1499.0,10935.0,0.0,0.0,0.0,0.0,0.0,0.0,0.0,0.0,0.0,346.0,0.0,0.0,0.0,0.0,8.0
2019-06-27T16:00:00.0,0.0,594.0,0.0,1500.0,11350.0,0.0,0.0,0.0,0.0,0.0,0.0,0.0,0.0,0.0,351.0,0.0,0.0,0.0,0.0,8.0
2019-06-27T17:00:00.0,0.0,572.0,0.0,1500.0,11480.0,0.0,0.0,0.0,0.0,0.0,0.0,0.0,0.0,0.0,349.0,0.0,0.0,0.0,0.0,9.0
2019-06-27T18:00:00.0,0.0,567.0,0.0,1496.0,11663.0,0.0,0.0,0.0,0.0,0.0,0.0,0.0,0.0,0.0,349.0,0.0,0.0,0.0,0.0,9.0
2019-06-27T19:00:00.0,0.0,522.0,0.0,1496.0,11480.0,0.0,0.0,0.0,0.0,0.0,0.0,0.0,0.0,0.0,354.0,0.0,0.0,0.0,0.0,9.0
2019-06-27T20:00:00.0,0.0,518.0,0.0,1496.0,11051.0,0.0,0.0,0.0,0.0,0.0,0.0,0.0,0.0,0.0,358.0,0.0,0.0,0.0,0.0,9.0
2019-06-27T21:00:00.0,0.0,528.0,0.0,1490.0,10736.0,0.0,0.0,0.0,0.0,0.0,0.0,0.0,0.0,0.0,371.0,0.0,0.0,0.0,0.0,9.0
2019-06-27T22:00:00.0,0.0,527.0,0.0,1489.0,9151.0,0.0,0.0,0.0,0.0,0.0,0.0,0.0,0.0,0.0,373.0,0.0,0.0,0.0,0.0,10.0
2019-06-27T23:00:00.0,0.0,593.0,0.0,1473.0,8762.0,0.0,0.0,0.0,0.0,0.0,0.0,0.0,0.0,0.0,372.0,0.0,0.0,0.0,0.0,10.0
2019-06-28T00:00:00.0,0.0,485.0,0.0,1475.0,8325.0,0.0,0.0,0.0,0.0,0.0,0.0,0.0,0.0,0.0,370.0,0.0,0.0,0.0,0.0,10.0
2019-06-28T01:00:00.0,0.0,468.0,0.0,1474.0,8233.0,0.0,0.0,0.0,0.0,0.0,0.0,0.0,0.0,0.0,370.0,0.0,0.0,0.0,0.0,10.0
2019-06-28T02:00:00.0,0.0,495.0,0.0,1472.0,8194.0,0.0,0.0,0.0,0.0,0.0,0.0,0.0,0.0,0.0,372.0,0.0,0.0,0.0,0.0,9.0
2019-06-28T03:00:00.0,0.0,516.0,0.0,1473.0,8354.0,0.0,0.0,0.0,0.0,0.0,0.0,0.0,0.0,0.0,376.0,0.0,0.0,0.0,0.0,9.0
2019-06-28T04:00:00.0,0.0,671.0,0.0,1474.0,9839.0,0.0,0.0,0.0,0.0,0.0,0.0,0.0,0.0,0.0,374.0,0.0,0.0,0.0,0.0,11.0
2019-06-28T05:00:00.0,0.0,570.0,0.0,1475.0,11706.0,0.0,0.0,0.0,0.0,0.0,0.0,0.0,0.0,0.0,372.0,0.0,0.0,0.0,0.0,10.0
2019-06-28T06:00:00.0,0.0,573.0,0.0,1478.0,13070.0,0.0,0.0,0.0,0.0,0.0,0.0,0.0,0.0,0.0,375.0,0.0,0.0,0.0,0.0,10.0
2019-06-28T07:00:00.0,0.0,655.0,0.0,1471.0,13775.0,0.0,0.0,0.0,0.0,0.0,0.0,0.0,0.0,0.0,366.0,0.0,0.0,0.0,0.0,11.0
2019-06-28T08:00:00.0,0.0,746.0,0.0,1470.0,13577.0,0.0,0.0,0.0,0.0,0.0,0.0,0.0,0.0,0.0,366.0,0.0,0.0,0.0,0.0,12.0
2019-06-28T09:00:00.0,0.0,722.0,0.0,1467.0,13451.0,0.0,0.0,0.0,0.0,0.0,0.0,0.0,0.0,0.0,369.0,0.0,0.0,0.0,0.0,11.0
2019-06-28T10:00:00.0,0.0,716.0,0.0,1465.0,13359.0,0.0,0.0,0.0,0.0,0.0,0.0,0.0,0.0,0.0,365.0,0.0,0.0,0.0,0.0,11.0
2019-06-28T11:00:00.0,0.0,720.0,0.0,1465.0,13362.0,0.0,0.0,0.0,0.0,0.0,0.0,0.0,0.0,0.0,350.0,0.0,0.0,0.0,0.0,10.0
2019-06-28T12:00:00.0,0.0,806.0,0.0,1463.0,13023.0,0.0,0.0,0.0,0.0,0.0,0.0,0.0,0.0,0.0,349.0,0.0,0.0,0.0,0.0,13.0
2019-06-28T13:00:00.0,0.0,799.0,0.0,1462.0,12681.0,0.0,0.0,0.0,0.0,0.0,0.0,0.0,0.0,0.0,349.0,0.0,0.0,0.0,0.0,10.0
2019-06-28T14:00:00.0,0.0,825.0,0.0,1461.0,12263.0,0.0,0.0,0.0,0.0,0.0,0.0,0.0,0.0,0.0,341.0,0.0,0.0,0.0,0.0,12.0
2019-06-28T15:00:00.0,0.0,835.0,0.0,1459.0,11869.0,0.0,0.0,0.0,0.0,0.0,0.0,0.0,0.0,0.0,338.0,0.0,0.0,0.0,0.0,12.0
2019-06-28T16:00:00.0,0.0,907.0,0.0,1459.0,12067.0,0.0,0.0,0.0,0.0,0.0,0.0,0.0,0.0,0.0,351.0,0.0,0.0,0.0,0.0,12.0
2019-06-28T17:00:00.0,0.0,949.0,0.0,1461.0,12137.0,0.0,0.0,0.0,0.0,0.0,0.0,0.0,0.0,0.0,348.0,0.0,0.0,0.0,0.0,12.0
2019-06-28T18:00:00.0,0.0,939.0,0.0,1461.0,12286.0,0.0,0.0,0.0,0.0,0.0,0.0,0.0,0.0,0.0,356.0,0.0,0.0,0.0,0.0,12.0
2019-06-28T19:00:00.0,0.0,925.0,0.0,1460.0,11820.0,0.0,0.0,0.0,0.0,0.0,0.0,0.0,0.0,0.0,354.0,0.0,0.0,0.0,0.0,12.0
2019-06-28T20:00:00.0,0.0,925.0,0.0,1460.0,10813.0,0.0,0.0,0.0,0.0,0.0,0.0,0.0,0.0,0.0,356.0,0.0,0.0,0.0,0.0,12.0
2019-06-28T21:00:00.0,0.0,906.0,0.0,1454.0,10171.0,0.0,0.0,0.0,0.0,0.0,0.0,0.0,0.0,0.0,353.0,0.0,0.0,0.0,0.0,12.0
2019-06-28T22:00:00.0,0.0,950.0,0.0,1455.0,9702.0,0.0,0.0,0.0,0.0,0.0,0.0,0.0,0.0,0.0,353.0,0.0,0.0,0.0,0.0,12.0
2019-06-28T23:00:00.0,0.0,826.0,0.0,1396.0,8999.0,0.0,0.0,0.0,0.0,0.0,0.0,0.0,0.0,0.0,353.0,0.0,0.0,0.0,0.0,9.0
2019-06-29T00:00:00.0,0.0,822.0,0.0,1392.0,8087.0,0.0,0.0,0.0,0.0,0.0,0.0,0.0,0.0,0.0,348.0,0.0,0.0,0.0,0.0,9.0
2019-06-29T01:00:00.0,0.0,802.0,0.0,1385.0,7668.0,0.0,0.0,0.0,0.0,0.0,0.0,0.0,0.0,0.0,342.0,0.0,0.0,0.0,0.0,9.0
2019-06-29T02:00:00.0,0.0,815.0,0.0,1380.0,7209.0,0.0,0.0,0.0,0.0,0.0,0.0,0.0,0.0,0.0,342.0,0.0,0.0,0.0,0.0,9.0
2019-06-29T03:00:00.0,0.0,777.0,0.0,1382.0,6990.0,0.0,0.0,0.0,0.0,0.0,0.0,0.0,0.0,0.0,342.0,0.0,0.0,0.0,0.0,9.0
2019-06-29T04:00:00.0,0.0,739.0,0.0,1382.0,6925.0,0.0,0.0,0.0,0.0,0.0,0.0,0.0,0.0,0.0,339.0,0.0,0.0,0.0,0.0,9.0
2019-06-29T05:00:00.0,0.0,771.0,0.0,1382.0,6765.0,0.0,0.0,0.0,0.0,0.0,0.0,0.0,0.0,0.0,328.0,0.0,0.0,0.0,0.0,9.0
2019-06-29T06:00:00.0,0.0,704.0,0.0,1387.0,8015.0,0.0,0.0,0.0,0.0,0.0,0.0,0.0,0.0,0.0,330.0,0.0,0.0,0.0,0.0,9.0
2019-06-29T07:00:00.0,0.0,679.0,0.0,1387.0,8621.0,0.0,0.0,0.0,0.0,0.0,0.0,0.0,0.0,0.0,337.0,0.0,0.0,0.0,0.0,9.0
2019-06-29T08:00:00.0,0.0,660.0,0.0,1385.0,9025.0,0.0,0.0,0.0,0.0,0.0,0.0,0.0,0.0,0.0,352.0,0.0,0.0,0.0,0.0,9.0
2019-06-29T09:00:00.0,0.0,616.0,0.0,1384.0,8913.0,0.0,0.0,0.0,0.0,0.0,0.0,0.0,0.0,0.0,354.0,0.0,0.0,0.0,0.0,8.0
2019-06-29T10:00:00.0,0.0,583.0,0.0,1382.0,9010.0,0.0,0.0,0.0,0.0,0.0,0.0,0.0,0.0,0.0,346.0,0.0,0.0,0.0,0.0,8.0
2019-06-29T11:00:00.0,0.0,556.0,0.0,1383.0,8929.0,0.0,0.0,0.0,0.0,0.0,0.0,0.0,0.0,0.0,349.0,0.0,0.0,0.0,0.0,6.0
2019-06-29T12:00:00.0,0.0,525.0,0.0,1383.0,7782.0,0.0,0.0,0.0,0.0,0.0,0.0,0.0,0.0,0.0,351.0,0.0,0.0,0.0,0.0,3.0
2019-06-29T13:00:00.0,0.0,539.0,0.0,1385.0,7625.0,0.0,0.0,0.0,0.0,0.0,0.0,0.0,0.0,0.0,348.0,0.0,0.0,0.0,0.0,3.0
2019-06-29T14:00:00.0,0.0,474.0,0.0,1384.0,7762.0,0.0,0.0,0.0,0.0,0.0,0.0,0.0,0.0,0.0,348.0,0.0,0.0,0.0,0.0,3.0
2019-06-29T15:00:00.0,0.0,410.0,0.0,1385.0,8642.0,0.0,0.0,0.0,0.0,0.0,0.0,0.0,0.0,0.0,349.0,0.0,0.0,0.0,0.0,3.0
2019-06-29T16:00:00.0,0.0,380.0,0.0,1379.0,9817.0,0.0,0.0,0.0,0.0,0.0,0.0,0.0,0.0,0.0,349.0,0.0,0.0,0.0,0.0,3.0
2019-06-29T17:00:00.0,0.0,335.0,0.0,1380.0,10894.0,0.0,0.0,0.0,0.0,0.0,0.0,0.0,0.0,0.0,348.0,0.0,0.0,0.0,0.0,3.0
2019-06-29T18:00:00.0,0.0,263.0,0.0,1382.0,10928.0,0.0,0.0,0.0,0.0,0.0,0.0,0.0,0.0,0.0,349.0,0.0,0.0,0.0,0.0,2.0
2019-06-29T19:00:00.0,0.0,268.0,0.0,1383.0,10327.0,0.0,0.0,0.0,0.0,0.0,0.0,0.0,0.0,0.0,348.0,0.0,0.0,0.0,0.0,3.0
2019-06-29T20:00:00.0,0.0,251.0,0.0,1384.0,10167.0,0.0,0.0,0.0,0.0,0.0,0.0,0.0,0.0,0.0,346.0,0.0,0.0,0.0,0.0,2.0
2019-06-29T21:00:00.0,0.0,235.0,0.0,1379.0,9838.0,0.0,0.0,0.0,0.0,0.0,0.0,0.0,0.0,0.0,347.0,0.0,0.0,0.0,0.0,2.0
2019-06-29T22:00:00.0,0.0,204.0,0.0,1380.0,9319.0,0.0,0.0,0.0,0.0,0.0,0.0,0.0,0.0,0.0,350.0,0.0,0.0,0.0,0.0,2.0
2019-06-29T23:00:00.0,0.0,229.0,0.0,1373.0,8413.0,0.0,0.0,0.0,0.0,0.0,0.0,0.0,0.0,0.0,350.0,0.0,0.0,0.0,0.0,3.0
2019-06-30T00:00:00.0,0.0,215.0,0.0,1347.0,7395.0,0.0,0.0,0.0,0.0,0.0,0.0,0.0,0.0,0.0,350.0,0.0,0.0,0.0,0.0,2.0
2019-06-30T01:00:00.0,0.0,212.0,0.0,1332.0,6986.0,0.0,0.0,0.0,0.0,0.0,0.0,0.0,0.0,0.0,351.0,0.0,0.0,0.0,0.0,3.0
2019-06-30T02:00:00.0,0.0,279.0,0.0,1320.0,6230.0,0.0,0.0,0.0,0.0,0.0,0.0,0.0,0.0,0.0,351.0,0.0,0.0,0.0,0.0,3.0
2019-06-30T03:00:00.0,0.0,386.0,0.0,1318.0,5426.0,0.0,0.0,0.0,0.0,0.0,0.0,0.0,0.0,0.0,352.0,0.0,0.0,0.0,0.0,4.0
2019-06-30T04:00:00.0,0.0,344.0,0.0,1317.0,5155.0,0.0,0.0,0.0,0.0,0.0,0.0,0.0,0.0,0.0,348.0,0.0,0.0,0.0,0.0,4.0
2019-06-30T05:00:00.0,0.0,429.0,0.0,1319.0,5459.0,0.0,0.0,0.0,0.0,0.0,0.0,0.0,0.0,0.0,350.0,0.0,0.0,0.0,0.0,4.0
2019-06-30T06:00:00.0,0.0,511.0,0.0,1320.0,5761.0,0.0,0.0,0.0,0.0,0.0,0.0,0.0,0.0,0.0,351.0,0.0,0.0,0.0,0.0,4.0
2019-06-30T07:00:00.0,0.0,603.0,0.0,1328.0,6060.0,0.0,0.0,0.0,0.0,0.0,0.0,0.0,0.0,0.0,350.0,0.0,0.0,0.0,0.0,5.0
2019-06-30T08:00:00.0,0.0,552.0,0.0,1339.0,6577.0,0.0,0.0,0.0,0.0,0.0,0.0,0.0,0.0,0.0,351.0,0.0,0.0,0.0,0.0,3.0
2019-06-30T09:00:00.0,0.0,623.0,0.0,1350.0,6713.0,0.0,0.0,0.0,0.0,0.0,0.0,0.0,0.0,0.0,353.0,0.0,0.0,0.0,0.0,4.0
2019-06-30T10:00:00.0,0.0,673.0,0.0,1359.0,6966.0,0.0,0.0,0.0,0.0,0.0,0.0,0.0,0.0,0.0,351.0,0.0,0.0,0.0,0.0,5.0
2019-06-30T11:00:00.0,0.0,697.0,0.0,1369.0,6934.0,0.0,0.0,0.0,0.0,0.0,0.0,0.0,0.0,0.0,351.0,0.0,0.0,0.0,0.0,6.0
2019-06-30T12:00:00.0,0.0,667.0,0.0,1372.0,6770.0,0.0,0.0,0.0,0.0,0.0,0.0,0.0,0.0,0.0,351.0,0.0,0.0,0.0,0.0,5.0
2019-06-30T13:00:00.0,0.0,802.0,0.0,1372.0,6645.0,0.0,0.0,0.0,0.0,0.0,0.0,0.0,0.0,0.0,351.0,0.0,0.0,0.0,0.0,6.0
2019-06-30T14:00:00.0,0.0,696.0,0.0,1376.0,7379.0,0.0,0.0,0.0,0.0,0.0,0.0,0.0,0.0,0.0,351.0,0.0,0.0,0.0,0.0,5.0
2019-06-30T15:00:00.0,0.0,684.0,0.0,1374.0,7042.0,0.0,0.0,0.0,0.0,0.0,0.0,0.0,0.0,0.0,352.0,0.0,0.0,0.0,0.0,4.0
2019-06-30T16:00:00.0,0.0,720.0,0.0,1386.0,7282.0,0.0,0.0,0.0,0.0,0.0,0.0,0.0,0.0,0.0,351.0,0.0,0.0,0.0,0.0,4.0
2019-06-30T17:00:00.0,0.0,666.0,0.0,1383.0,8325.0,0.0,0.0,0.0,0.0,0.0,0.0,0.0,0.0,0.0,350.0,0.0,0.0,0.0,0.0,5.0
2019-06-30T18:00:00.0,0.0,819.0,0.0,1388.0,8541.0,0.0,0.0,0.0,0.0,0.0,0.0,0.0,0.0,0.0,351.0,0.0,0.0,0.0,0.0,7.0
2019-06-30T19:00:00.0,0.0,882.0,0.0,1389.0,8672.0,0.0,0.0,0.0,0.0,0.0,0.0,0.0,0.0,0.0,350.0,0.0,0.0,0.0,0.0,9.0
2019-06-30T20:00:00.0,0.0,870.0,0.0,1392.0,8671.0,0.0,0.0,0.0,0.0,0.0,0.0,0.0,0.0,0.0,349.0,0.0,0.0,0.0,0.0,9.0
2019-06-30T21:00:00.0,0.0,935.0,0.0,1387.0,8187.0,0.0,0.0,0.0,0.0,0.0,0.0,0.0,0.0,0.0,350.0,0.0,0.0,0.0,0.0,9.0
2019-06-30T22:00:00.0,0.0,879.0,0.0,1379.0,7862.0,0.0,0.0,0.0,0.0,0.0,0.0,0.0,0.0,0.0,350.0,0.0,0.0,0.0,0.0,9.0
2019-06-30T23:00:00.0,0.0,933.0,0.0,1376.0,7021.0,0.0,0.0,0.0,0.0,0.0,0.0,0.0,0.0,0.0,351.0,0.0,0.0,0.0,0.0,9.0
2019-07-01T00:00:00.0,0.0,953.0,0.0,1375.0,6438.0,0.0,0.0,0.0,0.0,0.0,0.0,0.0,0.0,0.0,350.0,0.0,0.0,0.0,0.0,9.0
2019-07-01T01:00:00.0,0.0,841.0,0.0,1375.0,6398.0,0.0,0.0,0.0,0.0,0.0,0.0,0.0,0.0,0.0,351.0,0.0,0.0,0.0,0.0,8.0
2019-07-01T02:00:00.0,0.0,679.0,0.0,1377.0,6468.0,0.0,0.0,0.0,0.0,0.0,0.0,0.0,0.0,0.0,348.0,0.0,0.0,0.0,0.0,5.0
2019-07-01T03:00:00.0,0.0,566.0,0.0,1380.0,6636.0,0.0,0.0,0.0,0.0,0.0,0.0,0.0,0.0,0.0,350.0,0.0,0.0,0.0,0.0,5.0
2019-07-01T04:00:00.0,0.0,461.0,0.0,1388.0,7238.0,0.0,0.0,0.0,0.0,0.0,0.0,0.0,0.0,0.0,350.0,0.0,0.0,0.0,0.0,4.0
2019-07-01T05:00:00.0,0.0,460.0,0.0,1400.0,9529.0,0.0,0.0,0.0,0.0,0.0,0.0,0.0,0.0,0.0,348.0,0.0,0.0,0.0,0.0,4.0
2019-07-01T06:00:00.0,0.0,492.0,0.0,1419.0,11571.0,0.0,0.0,0.0,0.0,0.0,0.0,0.0,0.0,0.0,348.0,0.0,0.0,0.0,0.0,4.0
2019-07-01T07:00:00.0,0.0,525.0,0.0,1439.0,12283.0,0.0,0.0,0.0,0.0,0.0,0.0,0.0,0.0,0.0,346.0,0.0,0.0,0.0,0.0,5.0
2019-07-01T08:00:00.0,0.0,554.0,0.0,1457.0,12040.0,0.0,0.0,0.0,0.0,0.0,0.0,0.0,0.0,0.0,342.0,0.0,0.0,0.0,0.0,5.0
2019-07-01T09:00:00.0,0.0,535.0,0.0,1453.0,12121.0,0.0,0.0,0.0,0.0,0.0,0.0,0.0,0.0,0.0,344.0,0.0,0.0,0.0,0.0,5.0
2019-07-01T10:00:00.0,0.0,587.0,0.0,1459.0,11728.0,0.0,0.0,0.0,0.0,0.0,0.0,0.0,0.0,0.0,347.0,0.0,0.0,0.0,0.0,6.0
2019-07-01T11:00:00.0,0.0,569.0,0.0,1462.0,11290.0,0.0,0.0,0.0,0.0,0.0,0.0,0.0,0.0,0.0,341.0,0.0,0.0,0.0,0.0,7.0
2019-07-01T12:00:00.0,0.0,523.0,0.0,1472.0,10726.0,0.0,0.0,0.0,0.0,0.0,0.0,0.0,0.0,0.0,347.0,0.0,0.0,0.0,0.0,7.0
2019-07-01T13:00:00.0,0.0,551.0,0.0,1473.0,10294.0,0.0,0.0,0.0,0.0,0.0,0.0,0.0,0.0,0.0,350.0,0.0,0.0,0.0,0.0,8.0
2019-07-01T14:00:00.0,0.0,599.0,0.0,1470.0,10748.0,0.0,0.0,0.0,0.0,0.0,0.0,0.0,0.0,0.0,344.0,0.0,0.0,0.0,0.0,8.0
2019-07-01T15:00:00.0,0.0,587.0,0.0,1474.0,10524.0,0.0,0.0,0.0,0.0,0.0,0.0,0.0,0.0,0.0,342.0,0.0,0.0,0.0,0.0,8.0
2019-07-01T16:00:00.0,0.0,701.0,0.0,1475.0,11074.0,0.0,0.0,0.0,0.0,0.0,0.0,0.0,0.0,0.0,342.0,0.0,0.0,0.0,0.0,9.0
2019-07-01T17:00:00.0,0.0,674.0,0.0,1478.0,11385.0,0.0,0.0,0.0,0.0,0.0,0.0,0.0,0.0,0.0,346.0,0.0,0.0,0.0,0.0,9.0
2019-07-01T18:00:00.0,0.0,697.0,0.0,1475.0,11065.0,0.0,0.0,0.0,0.0,0.0,0.0,0.0,0.0,0.0,344.0,0.0,0.0,0.0,0.0,9.0
2019-07-01T19:00:00.0,0.0,734.0,0.0,1471.0,10674.0,0.0,0.0,0.0,0.0,0.0,0.0,0.0,0.0,0.0,348.0,0.0,0.0,0.0,0.0,10.0
2019-07-01T20:00:00.0,0.0,705.0,0.0,1472.0,10399.0,0.0,0.0,0.0,0.0,0.0,0.0,0.0,0.0,0.0,351.0,0.0,0.0,0.0,0.0,9.0
2019-07-01T21:00:00.0,0.0,691.0,0.0,1470.0,9602.0,0.0,0.0,0.0,0.0,0.0,0.0,0.0,0.0,0.0,345.0,0.0,0.0,0.0,0.0,9.0
2019-07-01T22:00:00.0,0.0,674.0,0.0,1462.0,8489.0,0.0,0.0,0.0,0.0,0.0,0.0,0.0,0.0,0.0,347.0,0.0,0.0,0.0,0.0,9.0
2019-07-01T23:00:00.0,0.0,696.0,0.0,1523.0,8253.0,0.0,0.0,0.0,0.0,0.0,0.0,0.0,0.0,0.0,344.0,0.0,0.0,0.0,0.0,10.0
2019-07-02T00:00:00.0,0.0,744.0,0.0,1519.0,7782.0,0.0,0.0,0.0,0.0,0.0,0.0,0.0,0.0,0.0,342.0,0.0,0.0,0.0,0.0,11.0
2019-07-02T01:00:00.0,0.0,767.0,0.0,1514.0,7540.0,0.0,0.0,0.0,0.0,0.0,0.0,0.0,0.0,0.0,345.0,0.0,0.0,0.0,0.0,12.0
2019-07-02T02:00:00.0,0.0,795.0,0.0,1511.0,7245.0,0.0,0.0,0.0,0.0,0.0,0.0,0.0,0.0,0.0,346.0,0.0,0.0,0.0,0.0,13.0
2019-07-02T03:00:00.0,0.0,823.0,0.0,1507.0,7012.0,0.0,0.0,0.0,0.0,0.0,0.0,0.0,0.0,0.0,344.0,0.0,0.0,0.0,0.0,14.0
2019-07-02T04:00:00.0,0.0,820.0,0.0,1505.0,7890.0,0.0,0.0,0.0,0.0,0.0,0.0,0.0,0.0,0.0,342.0,0.0,0.0,0.0,0.0,14.0
2019-07-02T05:00:00.0,0.0,804.0,0.0,1503.0,9309.0,0.0,0.0,0.0,0.0,0.0,0.0,0.0,0.0,0.0,349.0,0.0,0.0,0.0,0.0,14.0
2019-07-02T06:00:00.0,0.0,858.0,0.0,1502.0,10640.0,0.0,0.0,0.0,0.0,0.0,0.0,0.0,0.0,0.0,352.0,0.0,0.0,0.0,0.0,15.0
2019-07-02T07:00:00.0,0.0,859.0,0.0,1486.0,11226.0,0.0,0.0,0.0,0.0,0.0,0.0,0.0,0.0,0.0,346.0,0.0,0.0,0.0,0.0,15.0
2019-07-02T08:00:00.0,0.0,885.0,0.0,1478.0,11868.0,0.0,0.0,0.0,0.0,0.0,0.0,0.0,0.0,0.0,341.0,0.0,0.0,0.0,0.0,15.0
2019-07-02T09:00:00.0,0.0,805.0,0.0,1476.0,12013.0,0.0,0.0,0.0,0.0,0.0,0.0,0.0,0.0,0.0,345.0,0.0,0.0,0.0,0.0,14.0
2019-07-02T10:00:00.0,0.0,875.0,0.0,1472.0,12028.0,0.0,0.0,0.0,0.0,0.0,0.0,0.0,0.0,0.0,348.0,0.0,0.0,0.0,0.0,16.0
2019-07-02T11:00:00.0,0.0,878.0,0.0,1470.0,11746.0,0.0,0.0,0.0,0.0,0.0,0.0,0.0,0.0,0.0,349.0,0.0,0.0,0.0,0.0,15.0
2019-07-02T12:00:00.0,0.0,957.0,0.0,1471.0,11744.0,0.0,0.0,0.0,0.0,0.0,0.0,0.0,0.0,0.0,349.0,0.0,0.0,0.0,0.0,16.0
2019-07-02T13:00:00.0,0.0,956.0,0.0,1482.0,11640.0,0.0,0.0,0.0,0.0,0.0,0.0,0.0,0.0,0.0,348.0,0.0,0.0,0.0,0.0,16.0
2019-07-02T14:00:00.0,0.0,919.0,0.0,1477.0,11110.0,0.0,0.0,0.0,0.0,0.0,0.0,0.0,0.0,0.0,348.0,0.0,0.0,0.0,0.0,16.0
2019-07-02T15:00:00.0,0.0,927.0,0.0,1479.0,11047.0,0.0,0.0,0.0,0.0,0.0,0.0,0.0,0.0,0.0,351.0,0.0,0.0,0.0,0.0,16.0
2019-07-02T16:00:00.0,0.0,897.0,0.0,1480.0,11413.0,0.0,0.0,0.0,0.0,0.0,0.0,0.0,0.0,0.0,347.0,0.0,0.0,0.0,0.0,15.0
2019-07-02T17:00:00.0,0.0,879.0,0.0,1478.0,11349.0,0.0,0.0,0.0,0.0,0.0,0.0,0.0,0.0,0.0,350.0,0.0,0.0,0.0,0.0,15.0
2019-07-02T18:00:00.0,0.0,918.0,0.0,1474.0,11631.0,0.0,0.0,0.0,0.0,0.0,0.0,0.0,0.0,0.0,351.0,0.0,0.0,0.0,0.0,16.0
2019-07-02T19:00:00.0,0.0,836.0,0.0,1476.0,11770.0,0.0,0.0,0.0,0.0,0.0,0.0,0.0,0.0,0.0,353.0,0.0,0.0,0.0,0.0,16.0
2019-07-02T20:00:00.0,0.0,823.0,0.0,1473.0,11888.0,0.0,0.0,0.0,0.0,0.0,0.0,0.0,0.0,0.0,349.0,0.0,0.0,0.0,0.0,15.0
2019-07-02T21:00:00.0,0.0,821.0,0.0,1471.0,11752.0,0.0,0.0,0.0,0.0,0.0,0.0,0.0,0.0,0.0,348.0,0.0,0.0,0.0,0.0,14.0
2019-07-02T22:00:00.0,0.0,777.0,0.0,1466.0,10694.0,0.0,0.0,0.0,0.0,0.0,0.0,0.0,0.0,0.0,351.0,0.0,0.0,0.0,0.0,14.0
2019-07-02T23:00:00.0,0.0,783.0,0.0,1419.0,9336.0,0.0,0.0,0.0,0.0,0.0,0.0,0.0,0.0,0.0,333.0,0.0,0.0,0.0,0.0,17.0
2019-07-03T00:00:00.0,0.0,762.0,0.0,1423.0,8871.0,0.0,0.0,0.0,0.0,0.0,0.0,0.0,0.0,0.0,333.0,0.0,0.0,0.0,0.0,18.0
2019-07-03T01:00:00.0,0.0,693.0,0.0,1422.0,8684.0,0.0,0.0,0.0,0.0,0.0,0.0,0.0,0.0,0.0,332.0,0.0,0.0,0.0,0.0,15.0
2019-07-03T02:00:00.0,0.0,709.0,0.0,1427.0,8409.0,0.0,0.0,0.0,0.0,0.0,0.0,0.0,0.0,0.0,335.0,0.0,0.0,0.0,0.0,15.0
2019-07-03T03:00:00.0,0.0,706.0,0.0,1423.0,8534.0,0.0,0.0,0.0,0.0,0.0,0.0,0.0,0.0,0.0,332.0,0.0,0.0,0.0,0.0,16.0
2019-07-03T04:00:00.0,0.0,744.0,0.0,1426.0,9639.0,0.0,0.0,0.0,0.0,0.0,0.0,0.0,0.0,0.0,335.0,0.0,0.0,0.0,0.0,17.0
2019-07-03T05:00:00.0,0.0,811.0,0.0,1425.0,11826.0,0.0,0.0,0.0,0.0,0.0,0.0,0.0,0.0,0.0,330.0,0.0,0.0,0.0,0.0,18.0
2019-07-03T06:00:00.0,0.0,778.0,0.0,1435.0,13075.0,0.0,0.0,0.0,0.0,0.0,0.0,0.0,0.0,0.0,332.0,0.0,0.0,0.0,0.0,18.0
2019-07-03T07:00:00.0,0.0,797.0,0.0,1435.0,13661.0,0.0,0.0,0.0,0.0,0.0,0.0,0.0,0.0,0.0,328.0,0.0,0.0,0.0,0.0,18.0
2019-07-03T08:00:00.0,0.0,784.0,0.0,1439.0,13701.0,0.0,0.0,0.0,0.0,0.0,0.0,0.0,0.0,0.0,324.0,0.0,0.0,0.0,0.0,16.0
2019-07-03T09:00:00.0,0.0,766.0,0.0,1439.0,13518.0,0.0,0.0,0.0,0.0,0.0,0.0,0.0,0.0,0.0,332.0,0.0,0.0,0.0,0.0,18.0
2019-07-03T10:00:00.0,0.0,813.0,0.0,1441.0,13339.0,0.0,0.0,0.0,0.0,0.0,0.0,0.0,0.0,0.0,330.0,0.0,0.0,0.0,0.0,18.0
2019-07-03T11:00:00.0,0.0,838.0,0.0,1435.0,12638.0,0.0,0.0,0.0,0.0,0.0,0.0,0.0,0.0,0.0,333.0,0.0,0.0,0.0,0.0,15.0
2019-07-03T12:00:00.0,0.0,896.0,0.0,1441.0,12199.0,0.0,0.0,0.0,0.0,0.0,0.0,0.0,0.0,0.0,333.0,0.0,0.0,0.0,0.0,15.0
2019-07-03T13:00:00.0,0.0,908.0,0.0,1442.0,11925.0,0.0,0.0,0.0,0.0,0.0,0.0,0.0,0.0,0.0,335.0,0.0,0.0,0.0,0.0,15.0
2019-07-03T14:00:00.0,0.0,930.0,0.0,1443.0,12040.0,0.0,0.0,0.0,0.0,0.0,0.0,0.0,0.0,0.0,333.0,0.0,0.0,0.0,0.0,16.0
2019-07-03T15:00:00.0,0.0,926.0,0.0,1443.0,12284.0,0.0,0.0,0.0,0.0,0.0,0.0,0.0,0.0,0.0,329.0,0.0,0.0,0.0,0.0,18.0
2019-07-03T16:00:00.0,0.0,895.0,0.0,1444.0,12539.0,0.0,0.0,0.0,0.0,0.0,0.0,0.0,0.0,0.0,333.0,0.0,0.0,0.0,0.0,18.0
2019-07-03T17:00:00.0,0.0,833.0,0.0,1442.0,12589.0,0.0,0.0,0.0,0.0,0.0,0.0,0.0,0.0,0.0,334.0,0.0,0.0,0.0,0.0,17.0
2019-07-03T18:00:00.0,0.0,762.0,0.0,1442.0,12532.0,0.0,0.0,0.0,0.0,0.0,0.0,0.0,0.0,0.0,334.0,0.0,0.0,0.0,0.0,17.0
2019-07-03T19:00:00.0,0.0,738.0,0.0,1443.0,12534.0,0.0,0.0,0.0,0.0,0.0,0.0,0.0,0.0,0.0,333.0,0.0,0.0,0.0,0.0,15.0
2019-07-03T20:00:00.0,0.0,620.0,0.0,1439.0,12728.0,0.0,0.0,0.0,0.0,0.0,0.0,0.0,0.0,0.0,333.0,0.0,0.0,0.0,0.0,14.0
2019-07-03T21:00:00.0,0.0,572.0,0.0,1436.0,12200.0,0.0,0.0,0.0,0.0,0.0,0.0,0.0,0.0,0.0,332.0,0.0,0.0,0.0,0.0,15.0
2019-07-03T22:00:00.0,0.0,639.0,0.0,1429.0,11204.0,0.0,0.0,0.0,0.0,0.0,0.0,0.0,0.0,0.0,333.0,0.0,0.0,0.0,0.0,16.0
2019-07-03T23:00:00.0,0.0,509.0,0.0,1443.0,10047.0,0.0,0.0,0.0,0.0,0.0,0.0,0.0,0.0,0.0,333.0,0.0,0.0,0.0,0.0,12.0
2019-07-04T00:00:00.0,0.0,445.0,0.0,1431.0,9676.0,0.0,0.0,0.0,0.0,0.0,0.0,0.0,0.0,0.0,333.0,0.0,0.0,0.0,0.0,12.0
2019-07-04T01:00:00.0,0.0,397.0,0.0,1425.0,9346.0,0.0,0.0,0.0,0.0,0.0,0.0,0.0,0.0,0.0,332.0,0.0,0.0,0.0,0.0,12.0
2019-07-04T02:00:00.0,0.0,383.0,0.0,1420.0,9505.0,0.0,0.0,0.0,0.0,0.0,0.0,0.0,0.0,0.0,333.0,0.0,0.0,0.0,0.0,12.0
2019-07-04T03:00:00.0,0.0,332.0,0.0,1418.0,9585.0,0.0,0.0,0.0,0.0,0.0,0.0,0.0,0.0,0.0,339.0,0.0,0.0,0.0,0.0,11.0
2019-07-04T04:00:00.0,0.0,413.0,0.0,1417.0,10453.0,0.0,0.0,0.0,0.0,0.0,0.0,0.0,0.0,0.0,333.0,0.0,0.0,0.0,0.0,11.0
2019-07-04T05:00:00.0,0.0,518.0,0.0,1418.0,11998.0,0.0,0.0,0.0,0.0,0.0,0.0,0.0,0.0,0.0,338.0,0.0,0.0,0.0,0.0,11.0
2019-07-04T06:00:00.0,0.0,571.0,0.0,1427.0,13144.0,0.0,0.0,0.0,0.0,0.0,0.0,0.0,0.0,0.0,333.0,0.0,0.0,0.0,0.0,11.0
2019-07-04T07:00:00.0,0.0,562.0,0.0,1426.0,13390.0,0.0,0.0,0.0,0.0,0.0,0.0,0.0,0.0,0.0,334.0,0.0,0.0,0.0,0.0,11.0
2019-07-04T08:00:00.0,0.0,524.0,0.0,1418.0,13368.0,0.0,0.0,0.0,0.0,0.0,0.0,0.0,0.0,0.0,332.0,0.0,0.0,0.0,0.0,6.0
2019-07-04T09:00:00.0,0.0,489.0,0.0,1426.0,13403.0,0.0,0.0,0.0,0.0,0.0,0.0,0.0,0.0,0.0,334.0,0.0,0.0,0.0,0.0,6.0
2019-07-04T10:00:00.0,0.0,531.0,0.0,1421.0,13102.0,0.0,0.0,0.0,0.0,0.0,0.0,0.0,0.0,0.0,332.0,0.0,0.0,0.0,0.0,7.0
2019-07-04T11:00:00.0,0.0,488.0,0.0,1425.0,12806.0,0.0,0.0,0.0,0.0,0.0,0.0,0.0,0.0,0.0,332.0,0.0,0.0,0.0,0.0,6.0
2019-07-04T12:00:00.0,0.0,525.0,0.0,1424.0,12565.0,0.0,0.0,0.0,0.0,0.0,0.0,0.0,0.0,0.0,335.0,0.0,0.0,0.0,0.0,7.0
2019-07-04T13:00:00.0,0.0,504.0,0.0,1426.0,12562.0,0.0,0.0,0.0,0.0,0.0,0.0,0.0,0.0,0.0,328.0,0.0,0.0,0.0,0.0,7.0
2019-07-04T14:00:00.0,0.0,470.0,0.0,1425.0,12533.0,0.0,0.0,0.0,0.0,0.0,0.0,0.0,0.0,0.0,329.0,0.0,0.0,0.0,0.0,8.0
2019-07-04T15:00:00.0,0.0,423.0,0.0,1423.0,12449.0,0.0,0.0,0.0,0.0,0.0,0.0,0.0,0.0,0.0,327.0,0.0,0.0,0.0,0.0,9.0
2019-07-04T16:00:00.0,0.0,481.0,0.0,1422.0,12662.0,0.0,0.0,0.0,0.0,0.0,0.0,0.0,0.0,0.0,336.0,0.0,0.0,0.0,0.0,10.0
2019-07-04T17:00:00.0,0.0,514.0,0.0,1419.0,12712.0,0.0,0.0,0.0,0.0,0.0,0.0,0.0,0.0,0.0,337.0,0.0,0.0,0.0,0.0,11.0
2019-07-04T18:00:00.0,0.0,482.0,0.0,1417.0,12569.0,0.0,0.0,0.0,0.0,0.0,0.0,0.0,0.0,0.0,331.0,0.0,0.0,0.0,0.0,9.0
2019-07-04T19:00:00.0,0.0,515.0,0.0,1417.0,12500.0,0.0,0.0,0.0,0.0,0.0,0.0,0.0,0.0,0.0,334.0,0.0,0.0,0.0,0.0,11.0
2019-07-04T20:00:00.0,0.0,438.0,0.0,1415.0,11957.0,0.0,0.0,0.0,0.0,0.0,0.0,0.0,0.0,0.0,333.0,0.0,0.0,0.0,0.0,9.0
2019-07-04T21:00:00.0,0.0,440.0,0.0,1415.0,11369.0,0.0,0.0,0.0,0.0,0.0,0.0,0.0,0.0,0.0,335.0,0.0,0.0,0.0,0.0,16.0
2019-07-04T22:00:00.0,0.0,409.0,0.0,1412.0,10317.0,0.0,0.0,0.0,0.0,0.0,0.0,0.0,0.0,0.0,336.0,0.0,0.0,0.0,0.0,15.0
2019-07-04T23:00:00.0,0.0,393.0,0.0,1373.0,8732.0,0.0,0.0,0.0,0.0,0.0,0.0,0.0,0.0,0.0,328.0,0.0,0.0,0.0,0.0,17.0
2019-07-05T00:00:00.0,0.0,467.0,0.0,1359.0,8538.0,0.0,0.0,0.0,0.0,0.0,0.0,0.0,0.0,0.0,324.0,0.0,0.0,0.0,0.0,19.0
2019-07-05T01:00:00.0,0.0,445.0,0.0,1353.0,8356.0,0.0,0.0,0.0,0.0,0.0,0.0,0.0,0.0,0.0,332.0,0.0,0.0,0.0,0.0,17.0
2019-07-05T02:00:00.0,0.0,522.0,0.0,1348.0,8613.0,0.0,0.0,0.0,0.0,0.0,0.0,0.0,0.0,0.0,332.0,0.0,0.0,0.0,0.0,18.0
2019-07-05T03:00:00.0,0.0,469.0,0.0,1345.0,8901.0,0.0,0.0,0.0,0.0,0.0,0.0,0.0,0.0,0.0,336.0,0.0,0.0,0.0,0.0,16.0
2019-07-05T04:00:00.0,0.0,508.0,0.0,1344.0,9917.0,0.0,0.0,0.0,0.0,0.0,0.0,0.0,0.0,0.0,334.0,0.0,0.0,0.0,0.0,18.0
2019-07-05T05:00:00.0,0.0,394.0,0.0,1337.0,11940.0,0.0,0.0,0.0,0.0,0.0,0.0,0.0,0.0,0.0,335.0,0.0,0.0,0.0,0.0,15.0
2019-07-05T06:00:00.0,0.0,318.0,0.0,1334.0,13044.0,0.0,0.0,0.0,0.0,0.0,0.0,0.0,0.0,0.0,333.0,0.0,0.0,0.0,0.0,13.0
2019-07-05T07:00:00.0,0.0,455.0,0.0,1332.0,13466.0,0.0,0.0,0.0,0.0,0.0,0.0,0.0,0.0,0.0,326.0,0.0,0.0,0.0,0.0,16.0
2019-07-05T08:00:00.0,0.0,407.0,0.0,1328.0,13554.0,0.0,0.0,0.0,0.0,0.0,0.0,0.0,0.0,0.0,326.0,0.0,0.0,0.0,0.0,17.0
2019-07-05T09:00:00.0,0.0,334.0,0.0,1329.0,13624.0,0.0,0.0,0.0,0.0,0.0,0.0,0.0,0.0,0.0,326.0,0.0,0.0,0.0,0.0,15.0
2019-07-05T10:00:00.0,0.0,347.0,0.0,1329.0,13534.0,0.0,0.0,0.0,0.0,0.0,0.0,0.0,0.0,0.0,326.0,0.0,0.0,0.0,0.0,15.0
2019-07-05T11:00:00.0,0.0,338.0,0.0,1324.0,13512.0,0.0,0.0,0.0,0.0,0.0,0.0,0.0,0.0,0.0,328.0,0.0,0.0,0.0,0.0,13.0
2019-07-05T12:00:00.0,0.0,422.0,0.0,1316.0,13021.0,0.0,0.0,0.0,0.0,0.0,0.0,0.0,0.0,0.0,325.0,0.0,0.0,0.0,0.0,14.0
2019-07-05T13:00:00.0,0.0,410.0,0.0,1312.0,12797.0,0.0,0.0,0.0,0.0,0.0,0.0,0.0,0.0,0.0,326.0,0.0,0.0,0.0,0.0,13.0
2019-07-05T14:00:00.0,0.0,460.0,0.0,1312.0,12914.0,0.0,0.0,0.0,0.0,0.0,0.0,0.0,0.0,0.0,325.0,0.0,0.0,0.0,0.0,13.0
2019-07-05T15:00:00.0,0.0,422.0,0.0,1310.0,13042.0,0.0,0.0,0.0,0.0,0.0,0.0,0.0,0.0,0.0,321.0,0.0,0.0,0.0,0.0,13.0
2019-07-05T16:00:00.0,0.0,393.0,0.0,1307.0,13244.0,0.0,0.0,0.0,0.0,0.0,0.0,0.0,0.0,0.0,326.0,0.0,0.0,0.0,0.0,7.0
2019-07-05T17:00:00.0,0.0,362.0,0.0,1295.0,13306.0,0.0,0.0,0.0,0.0,0.0,0.0,0.0,0.0,0.0,325.0,0.0,0.0,0.0,0.0,6.0
2019-07-05T18:00:00.0,0.0,320.0,0.0,1290.0,13291.0,0.0,0.0,0.0,0.0,0.0,0.0,0.0,0.0,0.0,340.0,0.0,0.0,0.0,0.0,6.0
2019-07-05T19:00:00.0,0.0,273.0,0.0,1287.0,13013.0,0.0,0.0,0.0,0.0,0.0,0.0,0.0,0.0,0.0,336.0,0.0,0.0,0.0,0.0,6.0
2019-07-05T20:00:00.0,0.0,233.0,0.0,1285.0,12819.0,0.0,0.0,0.0,0.0,0.0,0.0,0.0,0.0,0.0,347.0,0.0,0.0,0.0,0.0,5.0
2019-07-05T21:00:00.0,0.0,173.0,0.0,1283.0,12194.0,0.0,0.0,0.0,0.0,0.0,0.0,0.0,0.0,0.0,349.0,0.0,0.0,0.0,0.0,5.0
2019-07-05T22:00:00.0,0.0,108.0,0.0,1276.0,11206.0,0.0,0.0,0.0,0.0,0.0,0.0,0.0,0.0,0.0,351.0,0.0,0.0,0.0,0.0,5.0
2019-07-05T23:00:00.0,0.0,126.0,0.0,1217.0,10784.0,0.0,0.0,0.0,0.0,0.0,0.0,0.0,0.0,0.0,331.0,0.0,0.0,0.0,0.0,6.0
2019-07-06T00:00:00.0,0.0,128.0,0.0,1207.0,10269.0,0.0,0.0,0.0,0.0,0.0,0.0,0.0,0.0,0.0,331.0,0.0,0.0,0.0,0.0,6.0
2019-07-06T01:00:00.0,0.0,116.0,0.0,1202.0,9708.0,0.0,0.0,0.0,0.0,0.0,0.0,0.0,0.0,0.0,331.0,0.0,0.0,0.0,0.0,6.0
2019-07-06T02:00:00.0,0.0,147.0,0.0,1196.0,9756.0,0.0,0.0,0.0,0.0,0.0,0.0,0.0,0.0,0.0,330.0,0.0,0.0,0.0,0.0,7.0
2019-07-06T03:00:00.0,0.0,178.0,0.0,1190.0,9526.0,0.0,0.0,0.0,0.0,0.0,0.0,0.0,0.0,0.0,334.0,0.0,0.0,0.0,0.0,8.0
2019-07-06T04:00:00.0,0.0,201.0,0.0,1188.0,9800.0,0.0,0.0,0.0,0.0,0.0,0.0,0.0,0.0,0.0,335.0,0.0,0.0,0.0,0.0,8.0
2019-07-06T05:00:00.0,0.0,213.0,0.0,1185.0,9840.0,0.0,0.0,0.0,0.0,0.0,0.0,0.0,0.0,0.0,333.0,0.0,0.0,0.0,0.0,8.0
2019-07-06T06:00:00.0,0.0,193.0,0.0,1187.0,10362.0,0.0,0.0,0.0,0.0,0.0,0.0,0.0,0.0,0.0,328.0,0.0,0.0,0.0,0.0,6.0
2019-07-06T07:00:00.0,0.0,231.0,0.0,1192.0,11234.0,0.0,0.0,0.0,0.0,0.0,0.0,0.0,0.0,0.0,333.0,0.0,0.0,0.0,0.0,6.0
2019-07-06T08:00:00.0,0.0,201.0,0.0,1191.0,11409.0,0.0,0.0,0.0,0.0,0.0,0.0,0.0,0.0,0.0,331.0,0.0,0.0,0.0,0.0,6.0
2019-07-06T09:00:00.0,0.0,292.0,0.0,1195.0,10799.0,0.0,0.0,0.0,0.0,0.0,0.0,0.0,0.0,0.0,334.0,0.0,0.0,0.0,0.0,10.0
2019-07-06T10:00:00.0,0.0,268.0,0.0,1199.0,9728.0,0.0,0.0,0.0,0.0,0.0,0.0,0.0,0.0,0.0,337.0,0.0,0.0,0.0,0.0,10.0
2019-07-06T11:00:00.0,0.0,351.0,0.0,1201.0,8967.0,0.0,0.0,0.0,0.0,0.0,0.0,0.0,0.0,0.0,334.0,0.0,0.0,0.0,0.0,10.0
2019-07-06T12:00:00.0,0.0,397.0,0.0,1200.0,8747.0,0.0,0.0,0.0,0.0,0.0,0.0,0.0,0.0,0.0,336.0,0.0,0.0,0.0,0.0,10.0
2019-07-06T13:00:00.0,0.0,484.0,0.0,1201.0,8745.0,0.0,0.0,0.0,0.0,0.0,0.0,0.0,0.0,0.0,335.0,0.0,0.0,0.0,0.0,11.0
2019-07-06T14:00:00.0,0.0,634.0,0.0,1198.0,8515.0,0.0,0.0,0.0,0.0,0.0,0.0,0.0,0.0,0.0,330.0,0.0,0.0,0.0,0.0,13.0
2019-07-06T15:00:00.0,0.0,662.0,0.0,1197.0,9042.0,0.0,0.0,0.0,0.0,0.0,0.0,0.0,0.0,0.0,334.0,0.0,0.0,0.0,0.0,11.0
2019-07-06T16:00:00.0,0.0,711.0,0.0,1197.0,10313.0,0.0,0.0,0.0,0.0,0.0,0.0,0.0,0.0,0.0,331.0,0.0,0.0,0.0,0.0,11.0
2019-07-06T17:00:00.0,0.0,695.0,0.0,1194.0,10440.0,0.0,0.0,0.0,0.0,0.0,0.0,0.0,0.0,0.0,334.0,0.0,0.0,0.0,0.0,11.0
2019-07-06T18:00:00.0,0.0,663.0,0.0,1190.0,10620.0,0.0,0.0,0.0,0.0,0.0,0.0,0.0,0.0,0.0,333.0,0.0,0.0,0.0,0.0,10.0
2019-07-06T19:00:00.0,0.0,625.0,0.0,1187.0,10105.0,0.0,0.0,0.0,0.0,0.0,0.0,0.0,0.0,0.0,333.0,0.0,0.0,0.0,0.0,9.0
2019-07-06T20:00:00.0,0.0,532.0,0.0,1185.0,9967.0,0.0,0.0,0.0,0.0,0.0,0.0,0.0,0.0,0.0,332.0,0.0,0.0,0.0,0.0,7.0
2019-07-06T21:00:00.0,0.0,514.0,0.0,1184.0,10314.0,0.0,0.0,0.0,0.0,0.0,0.0,0.0,0.0,0.0,330.0,0.0,0.0,0.0,0.0,6.0
2019-07-06T22:00:00.0,0.0,518.0,0.0,1180.0,9552.0,0.0,0.0,0.0,0.0,0.0,0.0,0.0,0.0,0.0,326.0,0.0,0.0,0.0,0.0,8.0
2019-07-06T23:00:00.0,0.0,552.0,0.0,1149.0,7901.0,0.0,0.0,0.0,0.0,0.0,0.0,0.0,0.0,0.0,330.0,0.0,0.0,0.0,0.0,5.0
2019-07-07T00:00:00.0,0.0,514.0,0.0,1141.0,6838.0,0.0,0.0,0.0,0.0,0.0,0.0,0.0,0.0,0.0,333.0,0.0,0.0,0.0,0.0,5.0
2019-07-07T01:00:00.0,0.0,492.0,0.0,1137.0,6190.0,0.0,0.0,0.0,0.0,0.0,0.0,0.0,0.0,0.0,327.0,0.0,0.0,0.0,0.0,5.0
2019-07-07T02:00:00.0,0.0,455.0,0.0,1136.0,5476.0,0.0,0.0,0.0,0.0,0.0,0.0,0.0,0.0,0.0,327.0,0.0,0.0,0.0,0.0,4.0
2019-07-07T03:00:00.0,0.0,435.0,0.0,1135.0,5311.0,0.0,0.0,0.0,0.0,0.0,0.0,0.0,0.0,0.0,326.0,0.0,0.0,0.0,0.0,3.0
2019-07-07T04:00:00.0,0.0,409.0,0.0,1133.0,5647.0,0.0,0.0,0.0,0.0,0.0,0.0,0.0,0.0,0.0,320.0,0.0,0.0,0.0,0.0,3.0
2019-07-07T05:00:00.0,0.0,392.0,0.0,1129.0,6090.0,0.0,0.0,0.0,0.0,0.0,0.0,0.0,0.0,0.0,324.0,0.0,0.0,0.0,0.0,3.0
2019-07-07T06:00:00.0,0.0,380.0,0.0,1129.0,6457.0,0.0,0.0,0.0,0.0,0.0,0.0,0.0,0.0,0.0,329.0,0.0,0.0,0.0,0.0,3.0
2019-07-07T07:00:00.0,0.0,401.0,0.0,1130.0,7339.0,0.0,0.0,0.0,0.0,0.0,0.0,0.0,0.0,0.0,326.0,0.0,0.0,0.0,0.0,2.0
2019-07-07T08:00:00.0,0.0,417.0,0.0,1126.0,8365.0,0.0,0.0,0.0,0.0,0.0,0.0,0.0,0.0,0.0,322.0,0.0,0.0,0.0,0.0,3.0
2019-07-07T09:00:00.0,0.0,346.0,0.0,1124.0,8620.0,0.0,0.0,0.0,0.0,0.0,0.0,0.0,0.0,0.0,319.0,0.0,0.0,0.0,0.0,2.0
2019-07-07T10:00:00.0,0.0,394.0,0.0,1122.0,8599.0,0.0,0.0,0.0,0.0,0.0,0.0,0.0,0.0,0.0,319.0,0.0,0.0,0.0,0.0,3.0
2019-07-07T11:00:00.0,0.0,375.0,0.0,1120.0,8225.0,0.0,0.0,0.0,0.0,0.0,0.0,0.0,0.0,0.0,323.0,0.0,0.0,0.0,0.0,3.0
2019-07-07T12:00:00.0,0.0,346.0,0.0,1118.0,7848.0,0.0,0.0,0.0,0.0,0.0,0.0,0.0,0.0,0.0,316.0,0.0,0.0,0.0,0.0,3.0
2019-07-07T13:00:00.0,0.0,352.0,0.0,1118.0,7213.0,0.0,0.0,0.0,0.0,0.0,0.0,0.0,0.0,0.0,315.0,0.0,0.0,0.0,0.0,3.0
2019-07-07T14:00:00.0,0.0,316.0,0.0,1119.0,7141.0,0.0,0.0,0.0,0.0,0.0,0.0,0.0,0.0,0.0,315.0,0.0,0.0,0.0,0.0,3.0
2019-07-07T15:00:00.0,0.0,330.0,0.0,1118.0,7538.0,0.0,0.0,0.0,0.0,0.0,0.0,0.0,0.0,0.0,309.0,0.0,0.0,0.0,0.0,3.0
2019-07-07T16:00:00.0,0.0,325.0,0.0,1117.0,8514.0,0.0,0.0,0.0,0.0,0.0,0.0,0.0,0.0,0.0,309.0,0.0,0.0,0.0,0.0,3.0
2019-07-07T17:00:00.0,0.0,387.0,0.0,1116.0,9612.0,0.0,0.0,0.0,0.0,0.0,0.0,0.0,0.0,0.0,315.0,0.0,0.0,0.0,0.0,4.0
2019-07-07T18:00:00.0,0.0,390.0,0.0,1115.0,10734.0,0.0,0.0,0.0,0.0,0.0,0.0,0.0,0.0,0.0,317.0,0.0,0.0,0.0,0.0,4.0
2019-07-07T19:00:00.0,0.0,446.0,0.0,1114.0,11182.0,0.0,0.0,0.0,0.0,0.0,0.0,0.0,0.0,0.0,319.0,0.0,0.0,0.0,0.0,6.0
2019-07-07T20:00:00.0,0.0,368.0,0.0,1112.0,11950.0,0.0,0.0,0.0,0.0,0.0,0.0,0.0,0.0,0.0,316.0,0.0,0.0,0.0,0.0,4.0
2019-07-07T21:00:00.0,0.0,340.0,0.0,1112.0,11237.0,0.0,0.0,0.0,0.0,0.0,0.0,0.0,0.0,0.0,322.0,0.0,0.0,0.0,0.0,4.0
2019-07-07T22:00:00.0,0.0,333.0,0.0,1110.0,10132.0,0.0,0.0,0.0,0.0,0.0,0.0,0.0,0.0,0.0,321.0,0.0,0.0,0.0,0.0,4.0
2019-07-07T23:00:00.0,0.0,379.0,0.0,1096.0,9640.0,0.0,0.0,0.0,0.0,0.0,0.0,0.0,0.0,0.0,298.0,0.0,0.0,0.0,0.0,6.0
2019-07-08T00:00:00.0,0.0,362.0,0.0,1096.0,8870.0,0.0,0.0,0.0,0.0,0.0,0.0,0.0,0.0,0.0,322.0,0.0,0.0,0.0,0.0,6.0
2019-07-08T01:00:00.0,0.0,326.0,0.0,1094.0,8479.0,0.0,0.0,0.0,0.0,0.0,0.0,0.0,0.0,0.0,319.0,0.0,0.0,0.0,0.0,6.0
2019-07-08T02:00:00.0,0.0,335.0,0.0,1094.0,8575.0,0.0,0.0,0.0,0.0,0.0,0.0,0.0,0.0,0.0,322.0,0.0,0.0,0.0,0.0,6.0
2019-07-08T03:00:00.0,0.0,313.0,0.0,1093.0,8326.0,0.0,0.0,0.0,0.0,0.0,0.0,0.0,0.0,0.0,325.0,0.0,0.0,0.0,0.0,4.0
2019-07-08T04:00:00.0,0.0,327.0,0.0,1091.0,9292.0,0.0,0.0,0.0,0.0,0.0,0.0,0.0,0.0,0.0,324.0,0.0,0.0,0.0,0.0,5.0
2019-07-08T05:00:00.0,0.0,336.0,0.0,1092.0,12547.0,0.0,0.0,0.0,0.0,0.0,0.0,0.0,0.0,0.0,324.0,0.0,0.0,0.0,0.0,5.0
2019-07-08T06:00:00.0,0.0,334.0,0.0,1108.0,13561.0,0.0,0.0,0.0,0.0,0.0,0.0,0.0,0.0,0.0,326.0,0.0,0.0,0.0,0.0,6.0
2019-07-08T07:00:00.0,0.0,344.0,0.0,1109.0,14313.0,0.0,0.0,0.0,0.0,0.0,0.0,0.0,0.0,0.0,328.0,0.0,0.0,0.0,0.0,6.0
2019-07-08T08:00:00.0,0.0,356.0,0.0,1109.0,14593.0,0.0,0.0,0.0,0.0,0.0,0.0,0.0,0.0,0.0,336.0,0.0,0.0,0.0,0.0,5.0
2019-07-08T09:00:00.0,0.0,332.0,0.0,1102.0,14605.0,0.0,0.0,0.0,0.0,0.0,0.0,0.0,0.0,0.0,339.0,0.0,0.0,0.0,0.0,5.0
2019-07-08T10:00:00.0,0.0,313.0,0.0,1092.0,14112.0,0.0,0.0,0.0,0.0,0.0,0.0,0.0,0.0,0.0,337.0,0.0,0.0,0.0,0.0,3.0
2019-07-08T11:00:00.0,0.0,328.0,0.0,1097.0,13963.0,0.0,0.0,0.0,0.0,0.0,0.0,0.0,0.0,0.0,333.0,0.0,0.0,0.0,0.0,3.0
2019-07-08T12:00:00.0,0.0,332.0,0.0,1091.0,13546.0,0.0,0.0,0.0,0.0,0.0,0.0,0.0,0.0,0.0,329.0,0.0,0.0,0.0,0.0,3.0
2019-07-08T13:00:00.0,0.0,339.0,0.0,1091.0,13603.0,0.0,0.0,0.0,0.0,0.0,0.0,0.0,0.0,0.0,322.0,0.0,0.0,0.0,0.0,2.0
2019-07-08T14:00:00.0,0.0,346.0,0.0,1090.0,13879.0,0.0,0.0,0.0,0.0,0.0,0.0,0.0,0.0,0.0,310.0,0.0,0.0,0.0,0.0,2.0
2019-07-08T15:00:00.0,0.0,353.0,0.0,1088.0,13910.0,0.0,0.0,0.0,0.0,0.0,0.0,0.0,0.0,0.0,360.0,0.0,0.0,0.0,0.0,2.0
2019-07-08T16:00:00.0,0.0,334.0,0.0,1090.0,13956.0,0.0,0.0,0.0,0.0,0.0,0.0,0.0,0.0,0.0,359.0,0.0,0.0,0.0,0.0,2.0
2019-07-08T17:00:00.0,0.0,348.0,0.0,1088.0,14272.0,0.0,0.0,0.0,0.0,0.0,0.0,0.0,0.0,0.0,360.0,0.0,0.0,0.0,0.0,2.0
2019-07-08T18:00:00.0,0.0,319.0,0.0,1087.0,14115.0,0.0,0.0,0.0,0.0,0.0,0.0,0.0,0.0,0.0,359.0,0.0,0.0,0.0,0.0,2.0
2019-07-08T19:00:00.0,0.0,303.0,0.0,1087.0,13934.0,0.0,0.0,0.0,0.0,0.0,0.0,0.0,0.0,0.0,360.0,0.0,0.0,0.0,0.0,2.0
2019-07-08T20:00:00.0,0.0,305.0,0.0,1087.0,13434.0,0.0,0.0,0.0,0.0,0.0,0.0,0.0,0.0,0.0,329.0,0.0,0.0,0.0,0.0,2.0
2019-07-08T21:00:00.0,0.0,316.0,0.0,1085.0,12488.0,0.0,0.0,0.0,0.0,0.0,0.0,0.0,0.0,0.0,328.0,0.0,0.0,0.0,0.0,2.0
2019-07-08T22:00:00.0,0.0,291.0,0.0,1084.0,10788.0,0.0,0.0,0.0,0.0,0.0,0.0,0.0,0.0,0.0,331.0,0.0,0.0,0.0,0.0,2.0
2019-07-08T23:00:00.0,0.0,327.0,0.0,1067.0,10073.0,0.0,0.0,0.0,0.0,0.0,0.0,0.0,0.0,0.0,331.0,0.0,0.0,0.0,0.0,3.0
2019-07-09T00:00:00.0,0.0,300.0,0.0,1063.0,8905.0,0.0,0.0,0.0,0.0,0.0,0.0,0.0,0.0,0.0,335.0,0.0,0.0,0.0,0.0,2.0
2019-07-09T01:00:00.0,0.0,266.0,0.0,1062.0,8659.0,0.0,0.0,0.0,0.0,0.0,0.0,0.0,0.0,0.0,334.0,0.0,0.0,0.0,0.0,2.0
2019-07-09T02:00:00.0,0.0,240.0,0.0,1058.0,8691.0,0.0,0.0,0.0,0.0,0.0,0.0,0.0,0.0,0.0,331.0,0.0,0.0,0.0,0.0,2.0
2019-07-09T03:00:00.0,0.0,250.0,0.0,1058.0,8857.0,0.0,0.0,0.0,0.0,0.0,0.0,0.0,0.0,0.0,338.0,0.0,0.0,0.0,0.0,3.0
2019-07-09T04:00:00.0,0.0,177.0,0.0,1057.0,9885.0,0.0,0.0,0.0,0.0,0.0,0.0,0.0,0.0,0.0,330.0,0.0,0.0,0.0,0.0,2.0
2019-07-09T05:00:00.0,0.0,170.0,0.0,1059.0,12389.0,0.0,0.0,0.0,0.0,0.0,0.0,0.0,0.0,0.0,325.0,0.0,0.0,0.0,0.0,2.0
2019-07-09T06:00:00.0,0.0,149.0,0.0,1058.0,13689.0,0.0,0.0,0.0,0.0,0.0,0.0,0.0,0.0,0.0,325.0,0.0,0.0,0.0,0.0,2.0
2019-07-09T07:00:00.0,0.0,151.0,0.0,1061.0,14435.0,0.0,0.0,0.0,0.0,0.0,0.0,0.0,0.0,0.0,318.0,0.0,0.0,0.0,0.0,2.0
2019-07-09T08:00:00.0,0.0,160.0,0.0,1065.0,14797.0,0.0,0.0,0.0,0.0,0.0,0.0,0.0,0.0,0.0,322.0,0.0,0.0,0.0,0.0,2.0
2019-07-09T09:00:00.0,0.0,136.0,0.0,1064.0,14653.0,0.0,0.0,0.0,0.0,0.0,0.0,0.0,0.0,0.0,293.0,0.0,0.0,0.0,0.0,2.0
2019-07-09T10:00:00.0,0.0,113.0,0.0,1062.0,14763.0,0.0,0.0,0.0,0.0,0.0,0.0,0.0,0.0,0.0,295.0,0.0,0.0,0.0,0.0,2.0
2019-07-09T11:00:00.0,0.0,120.0,0.0,1061.0,14869.0,0.0,0.0,0.0,0.0,0.0,0.0,0.0,0.0,0.0,292.0,0.0,0.0,0.0,0.0,2.0
2019-07-09T12:00:00.0,0.0,129.0,0.0,1058.0,14246.0,0.0,0.0,0.0,0.0,0.0,0.0,0.0,0.0,0.0,293.0,0.0,0.0,0.0,0.0,2.0
2019-07-09T13:00:00.0,0.0,141.0,0.0,1057.0,14000.0,0.0,0.0,0.0,0.0,0.0,0.0,0.0,0.0,0.0,291.0,0.0,0.0,0.0,0.0,2.0
2019-07-09T14:00:00.0,0.0,138.0,0.0,1057.0,14327.0,0.0,0.0,0.0,0.0,0.0,0.0,0.0,0.0,0.0,284.0,0.0,0.0,0.0,0.0,2.0
2019-07-09T15:00:00.0,0.0,146.0,0.0,1059.0,14012.0,0.0,0.0,0.0,0.0,0.0,0.0,0.0,0.0,0.0,285.0,0.0,0.0,0.0,0.0,2.0
2019-07-09T16:00:00.0,0.0,149.0,0.0,1056.0,13967.0,0.0,0.0,0.0,0.0,0.0,0.0,0.0,0.0,0.0,285.0,0.0,0.0,0.0,0.0,2.0
2019-07-09T17:00:00.0,0.0,199.0,0.0,1055.0,13874.0,0.0,0.0,0.0,0.0,0.0,0.0,0.0,0.0,0.0,287.0,0.0,0.0,0.0,0.0,2.0
2019-07-09T18:00:00.0,0.0,216.0,0.0,1055.0,13510.0,0.0,0.0,0.0,0.0,0.0,0.0,0.0,0.0,0.0,290.0,0.0,0.0,0.0,0.0,4.0
2019-07-09T19:00:00.0,0.0,206.0,0.0,1055.0,13327.0,0.0,0.0,0.0,0.0,0.0,0.0,0.0,0.0,0.0,268.0,0.0,0.0,0.0,0.0,4.0
2019-07-09T20:00:00.0,0.0,183.0,0.0,1053.0,13310.0,0.0,0.0,0.0,0.0,0.0,0.0,0.0,0.0,0.0,272.0,0.0,0.0,0.0,0.0,3.0
2019-07-09T21:00:00.0,0.0,196.0,0.0,1054.0,13164.0,0.0,0.0,0.0,0.0,0.0,0.0,0.0,0.0,0.0,269.0,0.0,0.0,0.0,0.0,3.0
2019-07-09T22:00:00.0,0.0,179.0,0.0,1054.0,12397.0,0.0,0.0,0.0,0.0,0.0,0.0,0.0,0.0,0.0,264.0,0.0,0.0,0.0,0.0,3.0
2019-07-09T23:00:00.0,0.0,183.0,0.0,1024.0,11293.0,0.0,0.0,0.0,0.0,0.0,0.0,0.0,0.0,0.0,280.0,0.0,0.0,0.0,0.0,2.0
2019-07-10T00:00:00.0,0.0,173.0,0.0,1019.0,10414.0,0.0,0.0,0.0,0.0,0.0,0.0,0.0,0.0,0.0,280.0,0.0,0.0,0.0,0.0,2.0
2019-07-10T01:00:00.0,0.0,190.0,0.0,1016.0,9704.0,0.0,0.0,0.0,0.0,0.0,0.0,0.0,0.0,0.0,279.0,0.0,0.0,0.0,0.0,3.0
2019-07-10T02:00:00.0,0.0,131.0,0.0,1013.0,9500.0,0.0,0.0,0.0,0.0,0.0,0.0,0.0,0.0,0.0,279.0,0.0,0.0,0.0,0.0,1.0
2019-07-10T03:00:00.0,0.0,166.0,0.0,1013.0,9557.0,0.0,0.0,0.0,0.0,0.0,0.0,0.0,0.0,0.0,281.0,0.0,0.0,0.0,0.0,2.0
2019-07-10T04:00:00.0,0.0,163.0,0.0,1012.0,10264.0,0.0,0.0,0.0,0.0,0.0,0.0,0.0,0.0,0.0,282.0,0.0,0.0,0.0,0.0,2.0
2019-07-10T05:00:00.0,0.0,137.0,0.0,1015.0,11826.0,0.0,0.0,0.0,0.0,0.0,0.0,0.0,0.0,0.0,282.0,0.0,0.0,0.0,0.0,2.0
2019-07-10T06:00:00.0,0.0,87.0,0.0,1016.0,12847.0,0.0,0.0,0.0,0.0,0.0,0.0,0.0,0.0,0.0,283.0,0.0,0.0,0.0,0.0,2.0
2019-07-10T07:00:00.0,0.0,77.0,0.0,1024.0,13505.0,0.0,0.0,0.0,0.0,0.0,0.0,0.0,0.0,0.0,277.0,0.0,0.0,0.0,0.0,1.0
2019-07-10T08:00:00.0,0.0,74.0,0.0,1024.0,13856.0,0.0,0.0,0.0,0.0,0.0,0.0,0.0,0.0,0.0,282.0,0.0,0.0,0.0,0.0,1.0
2019-07-10T09:00:00.0,0.0,64.0,0.0,1017.0,14031.0,0.0,0.0,0.0,0.0,0.0,0.0,0.0,0.0,0.0,284.0,0.0,0.0,0.0,0.0,1.0
2019-07-10T10:00:00.0,0.0,56.0,0.0,1018.0,13880.0,0.0,0.0,0.0,0.0,0.0,0.0,0.0,0.0,0.0,317.0,0.0,0.0,0.0,0.0,1.0
2019-07-10T11:00:00.0,0.0,56.0,0.0,1015.0,13553.0,0.0,0.0,0.0,0.0,0.0,0.0,0.0,0.0,0.0,319.0,0.0,0.0,0.0,0.0,1.0
2019-07-10T12:00:00.0,0.0,62.0,0.0,1014.0,13382.0,0.0,0.0,0.0,0.0,0.0,0.0,0.0,0.0,0.0,318.0,0.0,0.0,0.0,0.0,1.0
2019-07-10T13:00:00.0,0.0,62.0,0.0,1015.0,13372.0,0.0,0.0,0.0,0.0,0.0,0.0,0.0,0.0,0.0,318.0,0.0,0.0,0.0,0.0,1.0
2019-07-10T14:00:00.0,0.0,75.0,0.0,1016.0,13237.0,0.0,0.0,0.0,0.0,0.0,0.0,0.0,0.0,0.0,315.0,0.0,0.0,0.0,0.0,2.0
2019-07-10T15:00:00.0,0.0,63.0,0.0,1017.0,12951.0,0.0,0.0,0.0,0.0,0.0,0.0,0.0,0.0,0.0,315.0,0.0,0.0,0.0,0.0,1.0
2019-07-10T16:00:00.0,0.0,105.0,0.0,1016.0,13426.0,0.0,0.0,0.0,0.0,0.0,0.0,0.0,0.0,0.0,314.0,0.0,0.0,0.0,0.0,3.0
2019-07-10T17:00:00.0,0.0,62.0,0.0,1016.0,13201.0,0.0,0.0,0.0,0.0,0.0,0.0,0.0,0.0,0.0,315.0,0.0,0.0,0.0,0.0,2.0
2019-07-10T18:00:00.0,0.0,45.0,0.0,1037.0,13381.0,0.0,0.0,0.0,0.0,0.0,0.0,0.0,0.0,0.0,311.0,0.0,0.0,0.0,0.0,2.0
2019-07-10T19:00:00.0,0.0,51.0,0.0,1038.0,13276.0,0.0,0.0,0.0,0.0,0.0,0.0,0.0,0.0,0.0,308.0,0.0,0.0,0.0,0.0,2.0
2019-07-10T20:00:00.0,0.0,43.0,0.0,1036.0,13418.0,0.0,0.0,0.0,0.0,0.0,0.0,0.0,0.0,0.0,313.0,0.0,0.0,0.0,0.0,2.0
2019-07-10T21:00:00.0,0.0,41.0,0.0,1036.0,13276.0,0.0,0.0,0.0,0.0,0.0,0.0,0.0,0.0,0.0,310.0,0.0,0.0,0.0,0.0,2.0
2019-07-10T22:00:00.0,0.0,42.0,0.0,1032.0,12530.0,0.0,0.0,0.0,0.0,0.0,0.0,0.0,0.0,0.0,317.0,0.0,0.0,0.0,0.0,2.0
2019-07-10T23:00:00.0,0.0,43.0,0.0,1000.0,11590.0,0.0,0.0,0.0,0.0,0.0,0.0,0.0,0.0,0.0,313.0,0.0,0.0,0.0,0.0,2.0
2019-07-11T00:00:00.0,0.0,63.0,0.0,990.0,11056.0,0.0,0.0,0.0,0.0,0.0,0.0,0.0,0.0,0.0,317.0,0.0,0.0,0.0,0.0,2.0
2019-07-11T01:00:00.0,0.0,65.0,0.0,984.0,10759.0,0.0,0.0,0.0,0.0,0.0,0.0,0.0,0.0,0.0,315.0,0.0,0.0,0.0,0.0,2.0
2019-07-11T02:00:00.0,0.0,75.0,0.0,978.0,10538.0,0.0,0.0,0.0,0.0,0.0,0.0,0.0,0.0,0.0,319.0,0.0,0.0,0.0,0.0,2.0
2019-07-11T03:00:00.0,0.0,48.0,0.0,978.0,10427.0,0.0,0.0,0.0,0.0,0.0,0.0,0.0,0.0,0.0,322.0,0.0,0.0,0.0,0.0,1.0
2019-07-11T04:00:00.0,0.0,36.0,0.0,977.0,11405.0,0.0,0.0,0.0,0.0,0.0,0.0,0.0,0.0,0.0,320.0,0.0,0.0,0.0,0.0,1.0
2019-07-11T05:00:00.0,0.0,40.0,0.0,977.0,12508.0,0.0,0.0,0.0,0.0,0.0,0.0,0.0,0.0,0.0,318.0,0.0,0.0,0.0,0.0,2.0
2019-07-11T06:00:00.0,0.0,34.0,0.0,976.0,13556.0,0.0,0.0,0.0,0.0,0.0,0.0,0.0,0.0,0.0,324.0,0.0,0.0,0.0,0.0,2.0
2019-07-11T07:00:00.0,0.0,43.0,0.0,976.0,14184.0,0.0,0.0,0.0,0.0,0.0,0.0,0.0,0.0,0.0,331.0,0.0,0.0,0.0,0.0,2.0
2019-07-11T08:00:00.0,0.0,25.0,0.0,980.0,14712.0,0.0,0.0,0.0,0.0,0.0,0.0,0.0,0.0,0.0,330.0,0.0,0.0,0.0,0.0,2.0
2019-07-11T09:00:00.0,0.0,48.0,0.0,980.0,15044.0,0.0,0.0,0.0,0.0,0.0,0.0,0.0,0.0,0.0,328.0,0.0,0.0,0.0,0.0,2.0
2019-07-11T10:00:00.0,0.0,37.0,0.0,979.0,15149.0,0.0,0.0,0.0,0.0,0.0,0.0,0.0,0.0,0.0,292.0,0.0,0.0,0.0,0.0,2.0
2019-07-11T11:00:00.0,0.0,47.0,0.0,969.0,14852.0,0.0,0.0,0.0,0.0,0.0,0.0,0.0,0.0,0.0,295.0,0.0,0.0,0.0,0.0,2.0
2019-07-11T12:00:00.0,0.0,76.0,0.0,968.0,14771.0,0.0,0.0,0.0,0.0,0.0,0.0,0.0,0.0,0.0,305.0,0.0,0.0,0.0,0.0,4.0
2019-07-11T13:00:00.0,0.0,92.0,0.0,967.0,14638.0,0.0,0.0,0.0,0.0,0.0,0.0,0.0,0.0,0.0,314.0,0.0,0.0,0.0,0.0,4.0
2019-07-11T14:00:00.0,0.0,106.0,0.0,974.0,14559.0,0.0,0.0,0.0,0.0,0.0,0.0,0.0,0.0,0.0,317.0,0.0,0.0,0.0,0.0,5.0
2019-07-11T15:00:00.0,0.0,125.0,0.0,972.0,14135.0,0.0,0.0,0.0,0.0,0.0,0.0,0.0,0.0,0.0,318.0,0.0,0.0,0.0,0.0,6.0
2019-07-11T16:00:00.0,0.0,129.0,0.0,971.0,13999.0,0.0,0.0,0.0,0.0,0.0,0.0,0.0,0.0,0.0,319.0,0.0,0.0,0.0,0.0,7.0
2019-07-11T17:00:00.0,0.0,118.0,0.0,971.0,13772.0,0.0,0.0,0.0,0.0,0.0,0.0,0.0,0.0,0.0,321.0,0.0,0.0,0.0,0.0,7.0
2019-07-11T18:00:00.0,0.0,104.0,0.0,971.0,13636.0,0.0,0.0,0.0,0.0,0.0,0.0,0.0,0.0,0.0,318.0,0.0,0.0,0.0,0.0,7.0
2019-07-11T19:00:00.0,0.0,106.0,0.0,970.0,13430.0,0.0,0.0,0.0,0.0,0.0,0.0,0.0,0.0,0.0,320.0,0.0,0.0,0.0,0.0,6.0
2019-07-11T20:00:00.0,0.0,112.0,0.0,969.0,13217.0,0.0,0.0,0.0,0.0,0.0,0.0,0.0,0.0,0.0,321.0,0.0,0.0,0.0,0.0,5.0
2019-07-11T21:00:00.0,0.0,108.0,0.0,969.0,13054.0,0.0,0.0,0.0,0.0,0.0,0.0,0.0,0.0,0.0,319.0,0.0,0.0,0.0,0.0,4.0
2019-07-11T22:00:00.0,0.0,93.0,0.0,969.0,12651.0,0.0,0.0,0.0,0.0,0.0,0.0,0.0,0.0,0.0,323.0,0.0,0.0,0.0,0.0,4.0
2019-07-11T23:00:00.0,0.0,74.0,0.0,968.0,12835.0,0.0,0.0,0.0,0.0,0.0,0.0,0.0,0.0,0.0,331.0,0.0,0.0,0.0,0.0,3.0
2019-07-12T00:00:00.0,0.0,77.0,0.0,967.0,12773.0,0.0,0.0,0.0,0.0,0.0,0.0,0.0,0.0,0.0,331.0,0.0,0.0,0.0,0.0,3.0
2019-07-12T01:00:00.0,0.0,62.0,0.0,966.0,12385.0,0.0,0.0,0.0,0.0,0.0,0.0,0.0,0.0,0.0,331.0,0.0,0.0,0.0,0.0,3.0
2019-07-12T02:00:00.0,0.0,48.0,0.0,966.0,12161.0,0.0,0.0,0.0,0.0,0.0,0.0,0.0,0.0,0.0,334.0,0.0,0.0,0.0,0.0,3.0
2019-07-12T03:00:00.0,0.0,42.0,0.0,963.0,11764.0,0.0,0.0,0.0,0.0,0.0,0.0,0.0,0.0,0.0,334.0,0.0,0.0,0.0,0.0,2.0
2019-07-12T04:00:00.0,0.0,38.0,0.0,963.0,12170.0,0.0,0.0,0.0,0.0,0.0,0.0,0.0,0.0,0.0,334.0,0.0,0.0,0.0,0.0,2.0
2019-07-12T05:00:00.0,0.0,34.0,0.0,962.0,12816.0,0.0,0.0,0.0,0.0,0.0,0.0,0.0,0.0,0.0,332.0,0.0,0.0,0.0,0.0,2.0
2019-07-12T06:00:00.0,0.0,30.0,0.0,961.0,13444.0,0.0,0.0,0.0,0.0,0.0,0.0,0.0,0.0,0.0,336.0,0.0,0.0,0.0,0.0,1.0
2019-07-12T07:00:00.0,0.0,29.0,0.0,959.0,14066.0,0.0,0.0,0.0,0.0,0.0,0.0,0.0,0.0,0.0,334.0,0.0,0.0,0.0,0.0,1.0
2019-07-12T08:00:00.0,0.0,21.0,0.0,958.0,14546.0,0.0,0.0,0.0,0.0,0.0,0.0,0.0,0.0,0.0,333.0,0.0,0.0,0.0,0.0,1.0
2019-07-12T09:00:00.0,0.0,25.0,0.0,955.0,14838.0,0.0,0.0,0.0,0.0,0.0,0.0,0.0,0.0,0.0,336.0,0.0,0.0,0.0,0.0,1.0
2019-07-12T10:00:00.0,0.0,41.0,0.0,951.0,14722.0,0.0,0.0,0.0,0.0,0.0,0.0,0.0,0.0,0.0,336.0,0.0,0.0,0.0,0.0,1.0
2019-07-12T11:00:00.0,0.0,37.0,0.0,950.0,14572.0,0.0,0.0,0.0,0.0,0.0,0.0,0.0,0.0,0.0,327.0,0.0,0.0,0.0,0.0,1.0
2019-07-12T12:00:00.0,0.0,48.0,0.0,945.0,14160.0,0.0,0.0,0.0,0.0,0.0,0.0,0.0,0.0,0.0,330.0,0.0,0.0,0.0,0.0,2.0
2019-07-12T13:00:00.0,0.0,80.0,0.0,943.0,13843.0,0.0,0.0,0.0,0.0,0.0,0.0,0.0,0.0,0.0,327.0,0.0,0.0,0.0,0.0,3.0
2019-07-12T14:00:00.0,0.0,105.0,0.0,931.0,13738.0,0.0,0.0,0.0,0.0,0.0,0.0,0.0,0.0,0.0,325.0,0.0,0.0,0.0,0.0,3.0
2019-07-12T15:00:00.0,0.0,132.0,0.0,930.0,13502.0,0.0,0.0,0.0,0.0,0.0,0.0,0.0,0.0,0.0,330.0,0.0,0.0,0.0,0.0,4.0
2019-07-12T16:00:00.0,0.0,158.0,0.0,929.0,13694.0,0.0,0.0,0.0,0.0,0.0,0.0,0.0,0.0,0.0,328.0,0.0,0.0,0.0,0.0,5.0
2019-07-12T17:00:00.0,0.0,160.0,0.0,926.0,13605.0,0.0,0.0,0.0,0.0,0.0,0.0,0.0,0.0,0.0,329.0,0.0,0.0,0.0,0.0,4.0
2019-07-12T18:00:00.0,0.0,152.0,0.0,921.0,13365.0,0.0,0.0,0.0,0.0,0.0,0.0,0.0,0.0,0.0,330.0,0.0,0.0,0.0,0.0,5.0
2019-07-12T19:00:00.0,0.0,143.0,0.0,919.0,12548.0,0.0,0.0,0.0,0.0,0.0,0.0,0.0,0.0,0.0,334.0,0.0,0.0,0.0,0.0,4.0
2019-07-12T20:00:00.0,0.0,181.0,0.0,921.0,12500.0,0.0,0.0,0.0,0.0,0.0,0.0,0.0,0.0,0.0,324.0,0.0,0.0,0.0,0.0,3.0
2019-07-12T21:00:00.0,0.0,199.0,0.0,920.0,12307.0,0.0,0.0,0.0,0.0,0.0,0.0,0.0,0.0,0.0,322.0,0.0,0.0,0.0,0.0,3.0
2019-07-12T22:00:00.0,0.0,188.0,0.0,920.0,11620.0,0.0,0.0,0.0,0.0,0.0,0.0,0.0,0.0,0.0,323.0,0.0,0.0,0.0,0.0,2.0
2019-07-12T23:00:00.0,0.0,153.0,0.0,892.0,11394.0,0.0,0.0,0.0,0.0,0.0,0.0,0.0,0.0,0.0,323.0,0.0,0.0,0.0,0.0,1.0
2019-07-13T00:00:00.0,0.0,147.0,0.0,883.0,10840.0,0.0,0.0,0.0,0.0,0.0,0.0,0.0,0.0,0.0,325.0,0.0,0.0,0.0,0.0,2.0
2019-07-13T01:00:00.0,0.0,124.0,0.0,879.0,10082.0,0.0,0.0,0.0,0.0,0.0,0.0,0.0,0.0,0.0,326.0,0.0,0.0,0.0,0.0,1.0
2019-07-13T02:00:00.0,0.0,99.0,0.0,875.0,9009.0,0.0,0.0,0.0,0.0,0.0,0.0,0.0,0.0,0.0,321.0,0.0,0.0,0.0,0.0,1.0
2019-07-13T03:00:00.0,0.0,101.0,0.0,873.0,8907.0,0.0,0.0,0.0,0.0,0.0,0.0,0.0,0.0,0.0,323.0,0.0,0.0,0.0,0.0,1.0
2019-07-13T04:00:00.0,0.0,106.0,0.0,873.0,8542.0,0.0,0.0,0.0,0.0,0.0,0.0,0.0,0.0,0.0,284.0,0.0,0.0,0.0,0.0,1.0
2019-07-13T05:00:00.0,0.0,104.0,0.0,872.0,9874.0,0.0,0.0,0.0,0.0,0.0,0.0,0.0,0.0,0.0,283.0,0.0,0.0,0.0,0.0,1.0
2019-07-13T06:00:00.0,0.0,102.0,0.0,874.0,10828.0,0.0,0.0,0.0,0.0,0.0,0.0,0.0,0.0,0.0,286.0,0.0,0.0,0.0,0.0,1.0
2019-07-13T07:00:00.0,0.0,104.0,0.0,871.0,11992.0,0.0,0.0,0.0,0.0,0.0,0.0,0.0,0.0,0.0,286.0,0.0,0.0,0.0,0.0,0.0
2019-07-13T08:00:00.0,0.0,123.0,0.0,870.0,12764.0,0.0,0.0,0.0,0.0,0.0,0.0,0.0,0.0,0.0,286.0,0.0,0.0,0.0,0.0,1.0
2019-07-13T09:00:00.0,0.0,188.0,0.0,863.0,13092.0,0.0,0.0,0.0,0.0,0.0,0.0,0.0,0.0,0.0,289.0,0.0,0.0,0.0,0.0,1.0
2019-07-13T10:00:00.0,0.0,172.0,0.0,861.0,12872.0,0.0,0.0,0.0,0.0,0.0,0.0,0.0,0.0,0.0,287.0,0.0,0.0,0.0,0.0,1.0
2019-07-13T11:00:00.0,0.0,197.0,0.0,859.0,11770.0,0.0,0.0,0.0,0.0,0.0,0.0,0.0,0.0,0.0,288.0,0.0,0.0,0.0,0.0,1.0
2019-07-13T12:00:00.0,0.0,227.0,0.0,859.0,10272.0,0.0,0.0,0.0,0.0,0.0,0.0,0.0,0.0,0.0,287.0,0.0,0.0,0.0,0.0,1.0
2019-07-13T13:00:00.0,0.0,263.0,0.0,859.0,9015.0,0.0,0.0,0.0,0.0,0.0,0.0,0.0,0.0,0.0,291.0,0.0,0.0,0.0,0.0,1.0
2019-07-13T14:00:00.0,0.0,268.0,0.0,859.0,8722.0,0.0,0.0,0.0,0.0,0.0,0.0,0.0,0.0,0.0,328.0,0.0,0.0,0.0,0.0,0.0
2019-07-13T15:00:00.0,0.0,287.0,0.0,858.0,8764.0,0.0,0.0,0.0,0.0,0.0,0.0,0.0,0.0,0.0,326.0,0.0,0.0,0.0,0.0,0.0
2019-07-13T16:00:00.0,0.0,299.0,0.0,856.0,9557.0,0.0,0.0,0.0,0.0,0.0,0.0,0.0,0.0,0.0,327.0,0.0,0.0,0.0,0.0,1.0
2019-07-13T17:00:00.0,0.0,319.0,0.0,856.0,11127.0,0.0,0.0,0.0,0.0,0.0,0.0,0.0,0.0,0.0,329.0,0.0,0.0,0.0,0.0,0.0
2019-07-13T18:00:00.0,0.0,340.0,0.0,856.0,12087.0,0.0,0.0,0.0,0.0,0.0,0.0,0.0,0.0,0.0,330.0,0.0,0.0,0.0,0.0,1.0
2019-07-13T19:00:00.0,0.0,302.0,0.0,855.0,11661.0,0.0,0.0,0.0,0.0,0.0,0.0,0.0,0.0,0.0,332.0,0.0,0.0,0.0,0.0,1.0
2019-07-13T20:00:00.0,0.0,295.0,0.0,854.0,11305.0,0.0,0.0,0.0,0.0,0.0,0.0,0.0,0.0,0.0,334.0,0.0,0.0,0.0,0.0,1.0
2019-07-13T21:00:00.0,0.0,303.0,0.0,853.0,11744.0,0.0,0.0,0.0,0.0,0.0,0.0,0.0,0.0,0.0,335.0,0.0,0.0,0.0,0.0,1.0
2019-07-13T22:00:00.0,0.0,309.0,0.0,854.0,11246.0,0.0,0.0,0.0,0.0,0.0,0.0,0.0,0.0,0.0,335.0,0.0,0.0,0.0,0.0,1.0
2019-07-13T23:00:00.0,0.0,290.0,0.0,835.0,9321.0,0.0,0.0,0.0,0.0,0.0,0.0,0.0,0.0,0.0,338.0,0.0,0.0,0.0,0.0,1.0
2019-07-14T00:00:00.0,0.0,277.0,0.0,828.0,7633.0,0.0,0.0,0.0,0.0,0.0,0.0,0.0,0.0,0.0,340.0,0.0,0.0,0.0,0.0,1.0
2019-07-14T01:00:00.0,0.0,230.0,0.0,825.0,7075.0,0.0,0.0,0.0,0.0,0.0,0.0,0.0,0.0,0.0,336.0,0.0,0.0,0.0,0.0,1.0
2019-07-14T02:00:00.0,0.0,210.0,0.0,820.0,6643.0,0.0,0.0,0.0,0.0,0.0,0.0,0.0,0.0,0.0,340.0,0.0,0.0,0.0,0.0,1.0
2019-07-14T03:00:00.0,0.0,187.0,0.0,820.0,5990.0,0.0,0.0,0.0,0.0,0.0,0.0,0.0,0.0,0.0,339.0,0.0,0.0,0.0,0.0,1.0
2019-07-14T04:00:00.0,0.0,173.0,0.0,818.0,5995.0,0.0,0.0,0.0,0.0,0.0,0.0,0.0,0.0,0.0,337.0,0.0,0.0,0.0,0.0,2.0
2019-07-14T05:00:00.0,0.0,158.0,0.0,820.0,6589.0,0.0,0.0,0.0,0.0,0.0,0.0,0.0,0.0,0.0,338.0,0.0,0.0,0.0,0.0,1.0
2019-07-14T06:00:00.0,0.0,151.0,0.0,821.0,7903.0,0.0,0.0,0.0,0.0,0.0,0.0,0.0,0.0,0.0,339.0,0.0,0.0,0.0,0.0,1.0
2019-07-14T07:00:00.0,0.0,147.0,0.0,822.0,8972.0,0.0,0.0,0.0,0.0,0.0,0.0,0.0,0.0,0.0,342.0,0.0,0.0,0.0,0.0,1.0
2019-07-14T08:00:00.0,0.0,191.0,0.0,824.0,10070.0,0.0,0.0,0.0,0.0,0.0,0.0,0.0,0.0,0.0,339.0,0.0,0.0,0.0,0.0,2.0
2019-07-14T09:00:00.0,0.0,211.0,0.0,822.0,10428.0,0.0,0.0,0.0,0.0,0.0,0.0,0.0,0.0,0.0,340.0,0.0,0.0,0.0,0.0,2.0
2019-07-14T10:00:00.0,0.0,197.0,0.0,822.0,10551.0,0.0,0.0,0.0,0.0,0.0,0.0,0.0,0.0,0.0,342.0,0.0,0.0,0.0,0.0,1.0
2019-07-14T11:00:00.0,0.0,259.0,0.0,819.0,10319.0,0.0,0.0,0.0,0.0,0.0,0.0,0.0,0.0,0.0,339.0,0.0,0.0,0.0,0.0,2.0
2019-07-14T12:00:00.0,0.0,279.0,0.0,820.0,9213.0,0.0,0.0,0.0,0.0,0.0,0.0,0.0,0.0,0.0,338.0,0.0,0.0,0.0,0.0,1.0
2019-07-14T13:00:00.0,0.0,304.0,0.0,819.0,8616.0,0.0,0.0,0.0,0.0,0.0,0.0,0.0,0.0,0.0,339.0,0.0,0.0,0.0,0.0,1.0
2019-07-14T14:00:00.0,0.0,395.0,0.0,819.0,8564.0,0.0,0.0,0.0,0.0,0.0,0.0,0.0,0.0,0.0,335.0,0.0,0.0,0.0,0.0,2.0
2019-07-14T15:00:00.0,0.0,336.0,0.0,818.0,8470.0,0.0,0.0,0.0,0.0,0.0,0.0,0.0,0.0,0.0,341.0,0.0,0.0,0.0,0.0,1.0
2019-07-14T16:00:00.0,0.0,356.0,0.0,819.0,9441.0,0.0,0.0,0.0,0.0,0.0,0.0,0.0,0.0,0.0,340.0,0.0,0.0,0.0,0.0,1.0
2019-07-14T17:00:00.0,0.0,409.0,0.0,817.0,10759.0,0.0,0.0,0.0,0.0,0.0,0.0,0.0,0.0,0.0,334.0,0.0,0.0,0.0,0.0,2.0
2019-07-14T18:00:00.0,0.0,390.0,0.0,816.0,11261.0,0.0,0.0,0.0,0.0,0.0,0.0,0.0,0.0,0.0,336.0,0.0,0.0,0.0,0.0,1.0
2019-07-14T19:00:00.0,0.0,431.0,0.0,819.0,11923.0,0.0,0.0,0.0,0.0,0.0,0.0,0.0,0.0,0.0,339.0,0.0,0.0,0.0,0.0,2.0
2019-07-14T20:00:00.0,0.0,408.0,0.0,817.0,11747.0,0.0,0.0,0.0,0.0,0.0,0.0,0.0,0.0,0.0,340.0,0.0,0.0,0.0,0.0,1.0
2019-07-14T21:00:00.0,0.0,449.0,0.0,817.0,11601.0,0.0,0.0,0.0,0.0,0.0,0.0,0.0,0.0,0.0,341.0,0.0,0.0,0.0,0.0,2.0
2019-07-14T22:00:00.0,0.0,473.0,0.0,816.0,10657.0,0.0,0.0,0.0,0.0,0.0,0.0,0.0,0.0,0.0,339.0,0.0,0.0,0.0,0.0,2.0
2019-07-14T23:00:00.0,0.0,424.0,0.0,807.0,9098.0,0.0,0.0,0.0,0.0,0.0,0.0,0.0,0.0,0.0,344.0,0.0,0.0,0.0,0.0,1.0
2019-07-15T00:00:00.0,0.0,431.0,0.0,805.0,8138.0,0.0,0.0,0.0,0.0,0.0,0.0,0.0,0.0,0.0,345.0,0.0,0.0,0.0,0.0,1.0
2019-07-15T01:00:00.0,0.0,421.0,0.0,807.0,7846.0,0.0,0.0,0.0,0.0,0.0,0.0,0.0,0.0,0.0,346.0,0.0,0.0,0.0,0.0,1.0
2019-07-15T02:00:00.0,0.0,419.0,0.0,804.0,7037.0,0.0,0.0,0.0,0.0,0.0,0.0,0.0,0.0,0.0,347.0,0.0,0.0,0.0,0.0,1.0
2019-07-15T03:00:00.0,0.0,421.0,0.0,803.0,7057.0,0.0,0.0,0.0,0.0,0.0,0.0,0.0,0.0,0.0,344.0,0.0,0.0,0.0,0.0,1.0
2019-07-15T04:00:00.0,0.0,414.0,0.0,804.0,8676.0,0.0,0.0,0.0,0.0,0.0,0.0,0.0,0.0,0.0,344.0,0.0,0.0,0.0,0.0,2.0
2019-07-15T05:00:00.0,0.0,417.0,0.0,805.0,11738.0,0.0,0.0,0.0,0.0,0.0,0.0,0.0,0.0,0.0,343.0,0.0,0.0,0.0,0.0,1.0
2019-07-15T06:00:00.0,0.0,372.0,0.0,818.0,12750.0,0.0,0.0,0.0,0.0,0.0,0.0,0.0,0.0,0.0,343.0,0.0,0.0,0.0,0.0,1.0
2019-07-15T07:00:00.0,0.0,334.0,0.0,834.0,13475.0,0.0,0.0,0.0,0.0,0.0,0.0,0.0,0.0,0.0,343.0,0.0,0.0,0.0,0.0,0.0
2019-07-15T08:00:00.0,0.0,357.0,0.0,831.0,13507.0,0.0,0.0,0.0,0.0,0.0,0.0,0.0,0.0,0.0,342.0,0.0,0.0,0.0,0.0,0.0
2019-07-15T09:00:00.0,0.0,368.0,0.0,831.0,13835.0,0.0,0.0,0.0,0.0,0.0,0.0,0.0,0.0,0.0,340.0,0.0,0.0,0.0,0.0,0.0
2019-07-15T10:00:00.0,0.0,413.0,0.0,831.0,13773.0,0.0,0.0,0.0,0.0,0.0,0.0,0.0,0.0,0.0,339.0,0.0,0.0,0.0,0.0,1.0
2019-07-15T11:00:00.0,0.0,404.0,0.0,829.0,13444.0,0.0,0.0,0.0,0.0,0.0,0.0,0.0,0.0,0.0,343.0,0.0,0.0,0.0,0.0,0.0
2019-07-15T12:00:00.0,0.0,428.0,0.0,829.0,13276.0,0.0,0.0,0.0,0.0,0.0,0.0,0.0,0.0,0.0,340.0,0.0,0.0,0.0,0.0,0.0
2019-07-15T13:00:00.0,0.0,521.0,0.0,827.0,12088.0,0.0,0.0,0.0,0.0,0.0,0.0,0.0,0.0,0.0,342.0,0.0,0.0,0.0,0.0,1.0
2019-07-15T14:00:00.0,0.0,481.0,0.0,827.0,12083.0,0.0,0.0,0.0,0.0,0.0,0.0,0.0,0.0,0.0,340.0,0.0,0.0,0.0,0.0,0.0
2019-07-15T15:00:00.0,0.0,462.0,0.0,827.0,11609.0,0.0,0.0,0.0,0.0,0.0,0.0,0.0,0.0,0.0,334.0,0.0,0.0,0.0,0.0,1.0
2019-07-15T16:00:00.0,0.0,425.0,0.0,828.0,12374.0,0.0,0.0,0.0,0.0,0.0,0.0,0.0,0.0,0.0,354.0,0.0,0.0,0.0,0.0,0.0
2019-07-15T17:00:00.0,0.0,401.0,0.0,830.0,13151.0,0.0,0.0,0.0,0.0,0.0,0.0,0.0,0.0,0.0,366.0,0.0,0.0,0.0,0.0,1.0
2019-07-15T18:00:00.0,0.0,399.0,0.0,832.0,13093.0,0.0,0.0,0.0,0.0,0.0,0.0,0.0,0.0,0.0,365.0,0.0,0.0,0.0,0.0,1.0
2019-07-15T19:00:00.0,0.0,399.0,0.0,832.0,12483.0,0.0,0.0,0.0,0.0,0.0,0.0,0.0,0.0,0.0,368.0,0.0,0.0,0.0,0.0,1.0
2019-07-15T20:00:00.0,0.0,399.0,0.0,831.0,12039.0,0.0,0.0,0.0,0.0,0.0,0.0,0.0,0.0,0.0,363.0,0.0,0.0,0.0,0.0,5.0
2019-07-15T21:00:00.0,0.0,384.0,0.0,833.0,11764.0,0.0,0.0,0.0,0.0,0.0,0.0,0.0,0.0,0.0,367.0,0.0,0.0,0.0,0.0,5.0
2019-07-15T22:00:00.0,0.0,399.0,0.0,831.0,10538.0,0.0,0.0,0.0,0.0,0.0,0.0,0.0,0.0,0.0,366.0,0.0,0.0,0.0,0.0,5.0
2019-07-15T23:00:00.0,0.0,413.0,0.0,822.0,9072.0,0.0,0.0,0.0,0.0,0.0,0.0,0.0,0.0,0.0,367.0,0.0,0.0,0.0,0.0,5.0
2019-07-16T00:00:00.0,0.0,350.0,0.0,823.0,7950.0,0.0,0.0,0.0,0.0,0.0,0.0,0.0,0.0,0.0,361.0,0.0,0.0,0.0,0.0,4.0
2019-07-16T01:00:00.0,0.0,400.0,0.0,821.0,7537.0,0.0,0.0,0.0,0.0,0.0,0.0,0.0,0.0,0.0,365.0,0.0,0.0,0.0,0.0,8.0
2019-07-16T02:00:00.0,0.0,358.0,0.0,822.0,7242.0,0.0,0.0,0.0,0.0,0.0,0.0,0.0,0.0,0.0,364.0,0.0,0.0,0.0,0.0,6.0
2019-07-16T03:00:00.0,0.0,292.0,0.0,819.0,7104.0,0.0,0.0,0.0,0.0,0.0,0.0,0.0,0.0,0.0,367.0,0.0,0.0,0.0,0.0,4.0
2019-07-16T04:00:00.0,0.0,326.0,0.0,823.0,8098.0,0.0,0.0,0.0,0.0,0.0,0.0,0.0,0.0,0.0,365.0,0.0,0.0,0.0,0.0,8.0
2019-07-16T05:00:00.0,0.0,245.0,0.0,828.0,10617.0,0.0,0.0,0.0,0.0,0.0,0.0,0.0,0.0,0.0,366.0,0.0,0.0,0.0,0.0,3.0
2019-07-16T06:00:00.0,0.0,231.0,0.0,837.0,11879.0,0.0,0.0,0.0,0.0,0.0,0.0,0.0,0.0,0.0,366.0,0.0,0.0,0.0,0.0,3.0
2019-07-16T07:00:00.0,0.0,207.0,0.0,839.0,12422.0,0.0,0.0,0.0,0.0,0.0,0.0,0.0,0.0,0.0,363.0,0.0,0.0,0.0,0.0,3.0
2019-07-16T08:00:00.0,0.0,197.0,0.0,838.0,12922.0,0.0,0.0,0.0,0.0,0.0,0.0,0.0,0.0,0.0,364.0,0.0,0.0,0.0,0.0,3.0
2019-07-16T09:00:00.0,0.0,185.0,0.0,834.0,13126.0,0.0,0.0,0.0,0.0,0.0,0.0,0.0,0.0,0.0,366.0,0.0,0.0,0.0,0.0,1.0
2019-07-16T10:00:00.0,0.0,186.0,0.0,834.0,13311.0,0.0,0.0,0.0,0.0,0.0,0.0,0.0,0.0,0.0,351.0,0.0,0.0,0.0,0.0,2.0
2019-07-16T11:00:00.0,0.0,169.0,0.0,833.0,13144.0,0.0,0.0,0.0,0.0,0.0,0.0,0.0,0.0,0.0,331.0,0.0,0.0,0.0,0.0,1.0
2019-07-16T12:00:00.0,0.0,163.0,0.0,832.0,13001.0,0.0,0.0,0.0,0.0,0.0,0.0,0.0,0.0,0.0,332.0,0.0,0.0,0.0,0.0,2.0
2019-07-16T13:00:00.0,0.0,153.0,0.0,831.0,12673.0,0.0,0.0,0.0,0.0,0.0,0.0,0.0,0.0,0.0,330.0,0.0,0.0,0.0,0.0,2.0
2019-07-16T14:00:00.0,0.0,158.0,0.0,830.0,12109.0,0.0,0.0,0.0,0.0,0.0,0.0,0.0,0.0,0.0,332.0,0.0,0.0,0.0,0.0,2.0
2019-07-16T15:00:00.0,0.0,146.0,0.0,829.0,12030.0,0.0,0.0,0.0,0.0,0.0,0.0,0.0,0.0,0.0,332.0,0.0,0.0,0.0,0.0,2.0
2019-07-16T16:00:00.0,0.0,181.0,0.0,829.0,12499.0,0.0,0.0,0.0,0.0,0.0,0.0,0.0,0.0,0.0,366.0,0.0,0.0,0.0,0.0,5.0
2019-07-16T17:00:00.0,0.0,202.0,0.0,829.0,13010.0,0.0,0.0,0.0,0.0,0.0,0.0,0.0,0.0,0.0,367.0,0.0,0.0,0.0,0.0,5.0
2019-07-16T18:00:00.0,0.0,210.0,0.0,828.0,12968.0,0.0,0.0,0.0,0.0,0.0,0.0,0.0,0.0,0.0,364.0,0.0,0.0,0.0,0.0,5.0
2019-07-16T19:00:00.0,0.0,213.0,0.0,825.0,12891.0,0.0,0.0,0.0,0.0,0.0,0.0,0.0,0.0,0.0,365.0,0.0,0.0,0.0,0.0,5.0
2019-07-16T20:00:00.0,0.0,192.0,0.0,824.0,12973.0,0.0,0.0,0.0,0.0,0.0,0.0,0.0,0.0,0.0,364.0,0.0,0.0,0.0,0.0,6.0
2019-07-16T21:00:00.0,0.0,187.0,0.0,824.0,12790.0,0.0,0.0,0.0,0.0,0.0,0.0,0.0,0.0,0.0,367.0,0.0,0.0,0.0,0.0,5.0
2019-07-16T22:00:00.0,0.0,143.0,0.0,821.0,12593.0,0.0,0.0,0.0,0.0,0.0,0.0,0.0,0.0,0.0,343.0,0.0,0.0,0.0,0.0,3.0
2019-07-16T23:00:00.0,0.0,129.0,0.0,819.0,11828.0,0.0,0.0,0.0,0.0,0.0,0.0,0.0,0.0,0.0,345.0,0.0,0.0,0.0,0.0,3.0
2019-07-17T00:00:00.0,0.0,122.0,0.0,817.0,10894.0,0.0,0.0,0.0,0.0,0.0,0.0,0.0,0.0,0.0,346.0,0.0,0.0,0.0,0.0,3.0
2019-07-17T01:00:00.0,0.0,167.0,0.0,817.0,10418.0,0.0,0.0,0.0,0.0,0.0,0.0,0.0,0.0,0.0,345.0,0.0,0.0,0.0,0.0,6.0
2019-07-17T02:00:00.0,0.0,141.0,0.0,816.0,9938.0,0.0,0.0,0.0,0.0,0.0,0.0,0.0,0.0,0.0,345.0,0.0,0.0,0.0,0.0,3.0
2019-07-17T03:00:00.0,0.0,174.0,0.0,817.0,10194.0,0.0,0.0,0.0,0.0,0.0,0.0,0.0,0.0,0.0,339.0,0.0,0.0,0.0,0.0,6.0
2019-07-17T04:00:00.0,0.0,154.0,0.0,816.0,10662.0,0.0,0.0,0.0,0.0,0.0,0.0,0.0,0.0,0.0,345.0,0.0,0.0,0.0,0.0,6.0
2019-07-17T05:00:00.0,0.0,129.0,0.0,818.0,12075.0,0.0,0.0,0.0,0.0,0.0,0.0,0.0,0.0,0.0,344.0,0.0,0.0,0.0,0.0,6.0
2019-07-17T06:00:00.0,0.0,121.0,0.0,821.0,13183.0,0.0,0.0,0.0,0.0,0.0,0.0,0.0,0.0,0.0,346.0,0.0,0.0,0.0,0.0,5.0
2019-07-17T07:00:00.0,0.0,128.0,0.0,820.0,13821.0,0.0,0.0,0.0,0.0,0.0,0.0,0.0,0.0,0.0,347.0,0.0,0.0,0.0,0.0,5.0
2019-07-17T08:00:00.0,0.0,139.0,0.0,821.0,14234.0,0.0,0.0,0.0,0.0,0.0,0.0,0.0,0.0,0.0,346.0,0.0,0.0,0.0,0.0,4.0
2019-07-17T09:00:00.0,0.0,159.0,0.0,819.0,14391.0,0.0,0.0,0.0,0.0,0.0,0.0,0.0,0.0,0.0,345.0,0.0,0.0,0.0,0.0,4.0
2019-07-17T10:00:00.0,0.0,157.0,0.0,819.0,14280.0,0.0,0.0,0.0,0.0,0.0,0.0,0.0,0.0,0.0,342.0,0.0,0.0,0.0,0.0,5.0
2019-07-17T11:00:00.0,0.0,184.0,0.0,818.0,14217.0,0.0,0.0,0.0,0.0,0.0,0.0,0.0,0.0,0.0,346.0,0.0,0.0,0.0,0.0,7.0
2019-07-17T12:00:00.0,0.0,210.0,0.0,819.0,14189.0,0.0,0.0,0.0,0.0,0.0,0.0,0.0,0.0,0.0,342.0,0.0,0.0,0.0,0.0,8.0
2019-07-17T13:00:00.0,0.0,223.0,0.0,818.0,13942.0,0.0,0.0,0.0,0.0,0.0,0.0,0.0,0.0,0.0,340.0,0.0,0.0,0.0,0.0,9.0
2019-07-17T14:00:00.0,0.0,240.0,0.0,818.0,13820.0,0.0,0.0,0.0,0.0,0.0,0.0,0.0,0.0,0.0,339.0,0.0,0.0,0.0,0.0,10.0
2019-07-17T15:00:00.0,0.0,254.0,0.0,817.0,13633.0,0.0,0.0,0.0,0.0,0.0,0.0,0.0,0.0,0.0,333.0,0.0,0.0,0.0,0.0,10.0
2019-07-17T16:00:00.0,0.0,249.0,0.0,817.0,13861.0,0.0,0.0,0.0,0.0,0.0,0.0,0.0,0.0,0.0,334.0,0.0,0.0,0.0,0.0,10.0
2019-07-17T17:00:00.0,0.0,236.0,0.0,815.0,13509.0,0.0,0.0,0.0,0.0,0.0,0.0,0.0,0.0,0.0,342.0,0.0,0.0,0.0,0.0,10.0
2019-07-17T18:00:00.0,0.0,218.0,0.0,817.0,13296.0,0.0,0.0,0.0,0.0,0.0,0.0,0.0,0.0,0.0,340.0,0.0,0.0,0.0,0.0,10.0
2019-07-17T19:00:00.0,0.0,205.0,0.0,815.0,13244.0,0.0,0.0,0.0,0.0,0.0,0.0,0.0,0.0,0.0,342.0,0.0,0.0,0.0,0.0,9.0
2019-07-17T20:00:00.0,0.0,207.0,0.0,812.0,13276.0,0.0,0.0,0.0,0.0,0.0,0.0,0.0,0.0,0.0,341.0,0.0,0.0,0.0,0.0,7.0
2019-07-17T21:00:00.0,0.0,215.0,0.0,814.0,13334.0,0.0,0.0,0.0,0.0,0.0,0.0,0.0,0.0,0.0,334.0,0.0,0.0,0.0,0.0,7.0
2019-07-17T22:00:00.0,0.0,239.0,0.0,812.0,12995.0,0.0,0.0,0.0,0.0,0.0,0.0,0.0,0.0,0.0,344.0,0.0,0.0,0.0,0.0,7.0
2019-07-17T23:00:00.0,0.0,255.0,0.0,797.0,12491.0,0.0,0.0,0.0,0.0,0.0,0.0,0.0,0.0,0.0,346.0,0.0,0.0,0.0,0.0,6.0
2019-07-18T00:00:00.0,0.0,233.0,0.0,792.0,11587.0,0.0,0.0,0.0,0.0,0.0,0.0,0.0,0.0,0.0,344.0,0.0,0.0,0.0,0.0,4.0
2019-07-18T01:00:00.0,0.0,226.0,0.0,790.0,10743.0,0.0,0.0,0.0,0.0,0.0,0.0,0.0,0.0,0.0,346.0,0.0,0.0,0.0,0.0,2.0
2019-07-18T02:00:00.0,0.0,241.0,0.0,788.0,10692.0,0.0,0.0,0.0,0.0,0.0,0.0,0.0,0.0,0.0,347.0,0.0,0.0,0.0,0.0,2.0
2019-07-18T03:00:00.0,0.0,255.0,0.0,788.0,10604.0,0.0,0.0,0.0,0.0,0.0,0.0,0.0,0.0,0.0,346.0,0.0,0.0,0.0,0.0,2.0
2019-07-18T04:00:00.0,0.0,246.0,0.0,787.0,10790.0,0.0,0.0,0.0,0.0,0.0,0.0,0.0,0.0,0.0,345.0,0.0,0.0,0.0,0.0,1.0
2019-07-18T05:00:00.0,0.0,285.0,0.0,788.0,11660.0,0.0,0.0,0.0,0.0,0.0,0.0,0.0,0.0,0.0,346.0,0.0,0.0,0.0,0.0,2.0
2019-07-18T06:00:00.0,0.0,316.0,0.0,789.0,12823.0,0.0,0.0,0.0,0.0,0.0,0.0,0.0,0.0,0.0,346.0,0.0,0.0,0.0,0.0,1.0
2019-07-18T07:00:00.0,0.0,333.0,0.0,786.0,13605.0,0.0,0.0,0.0,0.0,0.0,0.0,0.0,0.0,0.0,344.0,0.0,0.0,0.0,0.0,2.0
2019-07-18T08:00:00.0,0.0,329.0,0.0,790.0,14094.0,0.0,0.0,0.0,0.0,0.0,0.0,0.0,0.0,0.0,328.0,0.0,0.0,0.0,0.0,1.0
2019-07-18T09:00:00.0,0.0,375.0,0.0,790.0,14339.0,0.0,0.0,0.0,0.0,0.0,0.0,0.0,0.0,0.0,338.0,0.0,0.0,0.0,0.0,1.0
2019-07-18T10:00:00.0,0.0,389.0,0.0,790.0,14353.0,0.0,0.0,0.0,0.0,0.0,0.0,0.0,0.0,0.0,334.0,0.0,0.0,0.0,0.0,2.0
2019-07-18T11:00:00.0,0.0,427.0,0.0,788.0,13984.0,0.0,0.0,0.0,0.0,0.0,0.0,0.0,0.0,0.0,338.0,0.0,0.0,0.0,0.0,1.0
2019-07-18T12:00:00.0,0.0,465.0,0.0,788.0,13471.0,0.0,0.0,0.0,0.0,0.0,0.0,0.0,0.0,0.0,336.0,0.0,0.0,0.0,0.0,2.0
2019-07-18T13:00:00.0,0.0,506.0,0.0,786.0,13420.0,0.0,0.0,0.0,0.0,0.0,0.0,0.0,0.0,0.0,332.0,0.0,0.0,0.0,0.0,4.0
2019-07-18T14:00:00.0,0.0,539.0,0.0,786.0,13364.0,0.0,0.0,0.0,0.0,0.0,0.0,0.0,0.0,0.0,333.0,0.0,0.0,0.0,0.0,7.0
2019-07-18T15:00:00.0,0.0,546.0,0.0,788.0,13589.0,0.0,0.0,0.0,0.0,0.0,0.0,0.0,0.0,0.0,314.0,0.0,0.0,0.0,0.0,6.0
2019-07-18T16:00:00.0,0.0,570.0,0.0,788.0,13712.0,0.0,0.0,0.0,0.0,0.0,0.0,0.0,0.0,0.0,333.0,0.0,0.0,0.0,0.0,5.0
2019-07-18T17:00:00.0,0.0,578.0,0.0,788.0,13531.0,0.0,0.0,0.0,0.0,0.0,0.0,0.0,0.0,0.0,332.0,0.0,0.0,0.0,0.0,3.0
2019-07-18T18:00:00.0,0.0,582.0,0.0,789.0,13501.0,0.0,0.0,0.0,0.0,0.0,0.0,0.0,0.0,0.0,336.0,0.0,0.0,0.0,0.0,3.0
2019-07-18T19:00:00.0,0.0,590.0,0.0,790.0,13233.0,0.0,0.0,0.0,0.0,0.0,0.0,0.0,0.0,0.0,339.0,0.0,0.0,0.0,0.0,4.0
2019-07-18T20:00:00.0,0.0,599.0,0.0,790.0,13048.0,0.0,0.0,0.0,0.0,0.0,0.0,0.0,0.0,0.0,344.0,0.0,0.0,0.0,0.0,7.0
2019-07-18T21:00:00.0,0.0,624.0,0.0,788.0,12907.0,0.0,0.0,0.0,0.0,0.0,0.0,0.0,0.0,0.0,334.0,0.0,0.0,0.0,0.0,7.0
2019-07-18T22:00:00.0,0.0,595.0,0.0,788.0,12504.0,0.0,0.0,0.0,0.0,0.0,0.0,0.0,0.0,0.0,329.0,0.0,0.0,0.0,0.0,7.0
2019-07-18T23:00:00.0,0.0,573.0,0.0,790.0,11039.0,0.0,0.0,0.0,0.0,0.0,0.0,0.0,0.0,0.0,327.0,0.0,0.0,0.0,0.0,7.0
2019-07-19T00:00:00.0,0.0,437.0,0.0,783.0,10058.0,0.0,0.0,0.0,0.0,0.0,0.0,0.0,0.0,0.0,329.0,0.0,0.0,0.0,0.0,5.0
2019-07-19T01:00:00.0,0.0,382.0,0.0,782.0,9918.0,0.0,0.0,0.0,0.0,0.0,0.0,0.0,0.0,0.0,336.0,0.0,0.0,0.0,0.0,6.0
2019-07-19T02:00:00.0,0.0,280.0,0.0,780.0,9799.0,0.0,0.0,0.0,0.0,0.0,0.0,0.0,0.0,0.0,335.0,0.0,0.0,0.0,0.0,5.0
2019-07-19T03:00:00.0,0.0,250.0,0.0,780.0,9728.0,0.0,0.0,0.0,0.0,0.0,0.0,0.0,0.0,0.0,336.0,0.0,0.0,0.0,0.0,4.0
2019-07-19T04:00:00.0,0.0,225.0,0.0,782.0,10720.0,0.0,0.0,0.0,0.0,0.0,0.0,0.0,0.0,0.0,329.0,0.0,0.0,0.0,0.0,4.0
2019-07-19T05:00:00.0,0.0,261.0,0.0,785.0,11518.0,0.0,0.0,0.0,0.0,0.0,0.0,0.0,0.0,0.0,333.0,0.0,0.0,0.0,0.0,6.0
2019-07-19T06:00:00.0,0.0,245.0,0.0,791.0,12694.0,0.0,0.0,0.0,0.0,0.0,0.0,0.0,0.0,0.0,336.0,0.0,0.0,0.0,0.0,6.0
2019-07-19T07:00:00.0,0.0,251.0,0.0,793.0,13683.0,0.0,0.0,0.0,0.0,0.0,0.0,0.0,0.0,0.0,334.0,0.0,0.0,0.0,0.0,6.0
2019-07-19T08:00:00.0,0.0,248.0,0.0,798.0,14159.0,0.0,0.0,0.0,0.0,0.0,0.0,0.0,0.0,0.0,333.0,0.0,0.0,0.0,0.0,1.0
2019-07-19T09:00:00.0,0.0,245.0,0.0,798.0,14505.0,0.0,0.0,0.0,0.0,0.0,0.0,0.0,0.0,0.0,333.0,0.0,0.0,0.0,0.0,1.0
2019-07-19T10:00:00.0,0.0,252.0,0.0,796.0,14186.0,0.0,0.0,0.0,0.0,0.0,0.0,0.0,0.0,0.0,333.0,0.0,0.0,0.0,0.0,1.0
2019-07-19T11:00:00.0,0.0,279.0,0.0,793.0,13877.0,0.0,0.0,0.0,0.0,0.0,0.0,0.0,0.0,0.0,330.0,0.0,0.0,0.0,0.0,1.0
2019-07-19T12:00:00.0,0.0,280.0,0.0,793.0,13673.0,0.0,0.0,0.0,0.0,0.0,0.0,0.0,0.0,0.0,327.0,0.0,0.0,0.0,0.0,1.0
2019-07-19T13:00:00.0,0.0,319.0,0.0,794.0,13645.0,0.0,0.0,0.0,0.0,0.0,0.0,0.0,0.0,0.0,334.0,0.0,0.0,0.0,0.0,1.0
2019-07-19T14:00:00.0,0.0,200.0,0.0,788.0,13604.0,0.0,0.0,0.0,0.0,0.0,0.0,0.0,0.0,0.0,326.0,0.0,0.0,0.0,0.0,2.0
2019-07-19T15:00:00.0,0.0,240.0,0.0,790.0,13348.0,0.0,0.0,0.0,0.0,0.0,0.0,0.0,0.0,0.0,326.0,0.0,0.0,0.0,0.0,4.0
2019-07-19T16:00:00.0,0.0,138.0,0.0,790.0,13487.0,0.0,0.0,0.0,0.0,0.0,0.0,0.0,0.0,0.0,325.0,0.0,0.0,0.0,0.0,3.0
2019-07-19T17:00:00.0,0.0,126.0,0.0,787.0,13349.0,0.0,0.0,0.0,0.0,0.0,0.0,0.0,0.0,0.0,326.0,0.0,0.0,0.0,0.0,2.0
2019-07-19T18:00:00.0,0.0,83.0,0.0,786.0,13195.0,0.0,0.0,0.0,0.0,0.0,0.0,0.0,0.0,0.0,326.0,0.0,0.0,0.0,0.0,1.0
2019-07-19T19:00:00.0,0.0,81.0,0.0,784.0,12704.0,0.0,0.0,0.0,0.0,0.0,0.0,0.0,0.0,0.0,325.0,0.0,0.0,0.0,0.0,1.0
2019-07-19T20:00:00.0,0.0,81.0,0.0,783.0,12406.0,0.0,0.0,0.0,0.0,0.0,0.0,0.0,0.0,0.0,322.0,0.0,0.0,0.0,0.0,0.0
2019-07-19T21:00:00.0,0.0,94.0,0.0,785.0,12586.0,0.0,0.0,0.0,0.0,0.0,0.0,0.0,0.0,0.0,326.0,0.0,0.0,0.0,0.0,0.0
2019-07-19T22:00:00.0,0.0,99.0,0.0,786.0,12322.0,0.0,0.0,0.0,0.0,0.0,0.0,0.0,0.0,0.0,335.0,0.0,0.0,0.0,0.0,0.0
2019-07-19T23:00:00.0,0.0,105.0,0.0,780.0,12027.0,0.0,0.0,0.0,0.0,0.0,0.0,0.0,0.0,0.0,336.0,0.0,0.0,0.0,0.0,0.0
2019-07-20T00:00:00.0,0.0,137.0,0.0,780.0,10895.0,0.0,0.0,0.0,0.0,0.0,0.0,0.0,0.0,0.0,336.0,0.0,0.0,0.0,0.0,0.0
2019-07-20T01:00:00.0,0.0,217.0,0.0,775.0,9374.0,0.0,0.0,0.0,0.0,0.0,0.0,0.0,0.0,0.0,339.0,0.0,0.0,0.0,0.0,0.0
2019-07-20T02:00:00.0,0.0,178.0,0.0,773.0,8265.0,0.0,0.0,0.0,0.0,0.0,0.0,0.0,0.0,0.0,336.0,0.0,0.0,0.0,0.0,0.0
2019-07-20T03:00:00.0,0.0,201.0,0.0,769.0,7468.0,0.0,0.0,0.0,0.0,0.0,0.0,0.0,0.0,0.0,337.0,0.0,0.0,0.0,0.0,1.0
2019-07-20T04:00:00.0,0.0,225.0,0.0,770.0,7154.0,0.0,0.0,0.0,0.0,0.0,0.0,0.0,0.0,0.0,339.0,0.0,0.0,0.0,0.0,1.0
2019-07-20T05:00:00.0,0.0,256.0,0.0,771.0,7889.0,0.0,0.0,0.0,0.0,0.0,0.0,0.0,0.0,0.0,338.0,0.0,0.0,0.0,0.0,1.0
2019-07-20T06:00:00.0,0.0,290.0,0.0,776.0,8596.0,0.0,0.0,0.0,0.0,0.0,0.0,0.0,0.0,0.0,336.0,0.0,0.0,0.0,0.0,1.0
2019-07-20T07:00:00.0,0.0,367.0,0.0,775.0,9913.0,0.0,0.0,0.0,0.0,0.0,0.0,0.0,0.0,0.0,335.0,0.0,0.0,0.0,0.0,2.0
2019-07-20T08:00:00.0,0.0,419.0,0.0,774.0,10418.0,0.0,0.0,0.0,0.0,0.0,0.0,0.0,0.0,0.0,335.0,0.0,0.0,0.0,0.0,2.0
2019-07-20T09:00:00.0,0.0,449.0,0.0,774.0,9944.0,0.0,0.0,0.0,0.0,0.0,0.0,0.0,0.0,0.0,336.0,0.0,0.0,0.0,0.0,3.0
2019-07-20T10:00:00.0,0.0,462.0,0.0,778.0,9601.0,0.0,0.0,0.0,0.0,0.0,0.0,0.0,0.0,0.0,332.0,0.0,0.0,0.0,0.0,4.0
2019-07-20T11:00:00.0,0.0,486.0,0.0,775.0,9096.0,0.0,0.0,0.0,0.0,0.0,0.0,0.0,0.0,0.0,332.0,0.0,0.0,0.0,0.0,6.0
2019-07-20T12:00:00.0,0.0,541.0,0.0,770.0,8959.0,0.0,0.0,0.0,0.0,0.0,0.0,0.0,0.0,0.0,324.0,0.0,0.0,0.0,0.0,11.0
2019-07-20T13:00:00.0,0.0,553.0,0.0,767.0,8835.0,0.0,0.0,0.0,0.0,0.0,0.0,0.0,0.0,0.0,327.0,0.0,0.0,0.0,0.0,11.0
2019-07-20T14:00:00.0,0.0,513.0,0.0,769.0,8489.0,0.0,0.0,0.0,0.0,0.0,0.0,0.0,0.0,0.0,325.0,0.0,0.0,0.0,0.0,16.0
2019-07-20T15:00:00.0,0.0,504.0,0.0,772.0,8734.0,0.0,0.0,0.0,0.0,0.0,0.0,0.0,0.0,0.0,330.0,0.0,0.0,0.0,0.0,18.0
2019-07-20T16:00:00.0,0.0,491.0,0.0,779.0,9516.0,0.0,0.0,0.0,0.0,0.0,0.0,0.0,0.0,0.0,328.0,0.0,0.0,0.0,0.0,18.0
2019-07-20T17:00:00.0,0.0,622.0,0.0,786.0,11036.0,0.0,0.0,0.0,0.0,0.0,0.0,0.0,0.0,0.0,317.0,0.0,0.0,0.0,0.0,18.0
2019-07-20T18:00:00.0,0.0,580.0,0.0,792.0,11694.0,0.0,0.0,0.0,0.0,0.0,0.0,0.0,0.0,0.0,324.0,0.0,0.0,0.0,0.0,17.0
2019-07-20T19:00:00.0,0.0,498.0,0.0,793.0,11717.0,0.0,0.0,0.0,0.0,0.0,0.0,0.0,0.0,0.0,327.0,0.0,0.0,0.0,0.0,17.0
2019-07-20T20:00:00.0,0.0,325.0,0.0,797.0,11396.0,0.0,0.0,0.0,0.0,0.0,0.0,0.0,0.0,0.0,335.0,0.0,0.0,0.0,0.0,14.0
2019-07-20T21:00:00.0,0.0,453.0,0.0,799.0,11392.0,0.0,0.0,0.0,0.0,0.0,0.0,0.0,0.0,0.0,336.0,0.0,0.0,0.0,0.0,11.0
2019-07-20T22:00:00.0,0.0,422.0,0.0,805.0,10328.0,0.0,0.0,0.0,0.0,0.0,0.0,0.0,0.0,0.0,337.0,0.0,0.0,0.0,0.0,10.0
2019-07-20T23:00:00.0,0.0,360.0,0.0,810.0,7720.0,0.0,0.0,0.0,0.0,0.0,0.0,0.0,0.0,0.0,341.0,0.0,0.0,0.0,0.0,16.0
2019-07-21T00:00:00.0,0.0,499.0,0.0,812.0,7007.0,0.0,0.0,0.0,0.0,0.0,0.0,0.0,0.0,0.0,335.0,0.0,0.0,0.0,0.0,23.0
2019-07-21T01:00:00.0,0.0,513.0,0.0,809.0,6927.0,0.0,0.0,0.0,0.0,0.0,0.0,0.0,0.0,0.0,339.0,0.0,0.0,0.0,0.0,23.0
2019-07-21T02:00:00.0,0.0,488.0,0.0,811.0,6321.0,0.0,0.0,0.0,0.0,0.0,0.0,0.0,0.0,0.0,343.0,0.0,0.0,0.0,0.0,24.0
2019-07-21T03:00:00.0,0.0,474.0,0.0,810.0,6089.0,0.0,0.0,0.0,0.0,0.0,0.0,0.0,0.0,0.0,338.0,0.0,0.0,0.0,0.0,24.0
2019-07-21T04:00:00.0,0.0,443.0,0.0,809.0,6219.0,0.0,0.0,0.0,0.0,0.0,0.0,0.0,0.0,0.0,336.0,0.0,0.0,0.0,0.0,24.0
2019-07-21T05:00:00.0,0.0,411.0,0.0,813.0,6891.0,0.0,0.0,0.0,0.0,0.0,0.0,0.0,0.0,0.0,337.0,0.0,0.0,0.0,0.0,23.0
2019-07-21T06:00:00.0,0.0,392.0,0.0,822.0,8245.0,0.0,0.0,0.0,0.0,0.0,0.0,0.0,0.0,0.0,341.0,0.0,0.0,0.0,0.0,21.0
2019-07-21T07:00:00.0,0.0,411.0,0.0,833.0,9255.0,0.0,0.0,0.0,0.0,0.0,0.0,0.0,0.0,0.0,340.0,0.0,0.0,0.0,0.0,20.0
2019-07-21T08:00:00.0,0.0,329.0,0.0,837.0,9650.0,0.0,0.0,0.0,0.0,0.0,0.0,0.0,0.0,0.0,344.0,0.0,0.0,0.0,0.0,12.0
2019-07-21T09:00:00.0,0.0,334.0,0.0,848.0,9943.0,0.0,0.0,0.0,0.0,0.0,0.0,0.0,0.0,0.0,339.0,0.0,0.0,0.0,0.0,8.0
2019-07-21T10:00:00.0,0.0,307.0,0.0,850.0,9752.0,0.0,0.0,0.0,0.0,0.0,0.0,0.0,0.0,0.0,342.0,0.0,0.0,0.0,0.0,5.0
2019-07-21T11:00:00.0,0.0,396.0,0.0,863.0,9208.0,0.0,0.0,0.0,0.0,0.0,0.0,0.0,0.0,0.0,338.0,0.0,0.0,0.0,0.0,3.0
2019-07-21T12:00:00.0,0.0,443.0,0.0,871.0,8661.0,0.0,0.0,0.0,0.0,0.0,0.0,0.0,0.0,0.0,341.0,0.0,0.0,0.0,0.0,2.0
2019-07-21T13:00:00.0,0.0,476.0,0.0,887.0,8342.0,0.0,0.0,0.0,0.0,0.0,0.0,0.0,0.0,0.0,330.0,0.0,0.0,0.0,0.0,2.0
2019-07-21T14:00:00.0,0.0,394.0,0.0,890.0,8210.0,0.0,0.0,0.0,0.0,0.0,0.0,0.0,0.0,0.0,327.0,0.0,0.0,0.0,0.0,2.0
2019-07-21T15:00:00.0,0.0,347.0,0.0,903.0,8558.0,0.0,0.0,0.0,0.0,0.0,0.0,0.0,0.0,0.0,367.0,0.0,0.0,0.0,0.0,3.0
2019-07-21T16:00:00.0,0.0,328.0,0.0,906.0,8738.0,0.0,0.0,0.0,0.0,0.0,0.0,0.0,0.0,0.0,365.0,0.0,0.0,0.0,0.0,4.0
2019-07-21T17:00:00.0,0.0,291.0,0.0,910.0,9822.0,0.0,0.0,0.0,0.0,0.0,0.0,0.0,0.0,0.0,362.0,0.0,0.0,0.0,0.0,5.0
2019-07-21T18:00:00.0,0.0,234.0,0.0,919.0,11134.0,0.0,0.0,0.0,0.0,0.0,0.0,0.0,0.0,0.0,363.0,0.0,0.0,0.0,0.0,4.0
2019-07-21T19:00:00.0,0.0,262.0,0.0,916.0,11679.0,0.0,0.0,0.0,0.0,0.0,0.0,0.0,0.0,0.0,363.0,0.0,0.0,0.0,0.0,5.0
2019-07-21T20:00:00.0,0.0,255.0,0.0,920.0,11847.0,0.0,0.0,0.0,0.0,0.0,0.0,0.0,0.0,0.0,358.0,0.0,0.0,0.0,0.0,5.0
2019-07-21T21:00:00.0,0.0,265.0,0.0,921.0,11711.0,0.0,0.0,0.0,0.0,0.0,0.0,0.0,0.0,0.0,353.0,0.0,0.0,0.0,0.0,9.0
2019-07-21T22:00:00.0,0.0,261.0,0.0,925.0,11077.0,0.0,0.0,0.0,0.0,0.0,0.0,0.0,0.0,0.0,355.0,0.0,0.0,0.0,0.0,13.0
2019-07-21T23:00:00.0,0.0,254.0,0.0,946.0,9190.0,0.0,0.0,0.0,0.0,0.0,0.0,0.0,0.0,0.0,355.0,0.0,0.0,0.0,0.0,16.0
2019-07-22T00:00:00.0,0.0,298.0,0.0,937.0,7848.0,0.0,0.0,0.0,0.0,0.0,0.0,0.0,0.0,0.0,357.0,0.0,0.0,0.0,0.0,19.0
2019-07-22T01:00:00.0,0.0,378.0,0.0,932.0,7278.0,0.0,0.0,0.0,0.0,0.0,0.0,0.0,0.0,0.0,360.0,0.0,0.0,0.0,0.0,22.0
2019-07-22T02:00:00.0,0.0,420.0,0.0,931.0,7231.0,0.0,0.0,0.0,0.0,0.0,0.0,0.0,0.0,0.0,364.0,0.0,0.0,0.0,0.0,22.0
2019-07-22T03:00:00.0,0.0,422.0,0.0,926.0,7356.0,0.0,0.0,0.0,0.0,0.0,0.0,0.0,0.0,0.0,367.0,0.0,0.0,0.0,0.0,16.0
2019-07-22T04:00:00.0,0.0,401.0,0.0,923.0,8585.0,0.0,0.0,0.0,0.0,0.0,0.0,0.0,0.0,0.0,364.0,0.0,0.0,0.0,0.0,12.0
2019-07-22T05:00:00.0,0.0,323.0,0.0,925.0,10155.0,0.0,0.0,0.0,0.0,0.0,0.0,0.0,0.0,0.0,365.0,0.0,0.0,0.0,0.0,7.0
2019-07-22T06:00:00.0,0.0,305.0,0.0,945.0,11411.0,0.0,0.0,0.0,0.0,0.0,0.0,0.0,0.0,0.0,368.0,0.0,0.0,0.0,0.0,6.0
2019-07-22T07:00:00.0,0.0,347.0,0.0,955.0,11888.0,0.0,0.0,0.0,0.0,0.0,0.0,0.0,0.0,0.0,366.0,0.0,0.0,0.0,0.0,5.0
2019-07-22T08:00:00.0,0.0,353.0,0.0,959.0,12174.0,0.0,0.0,0.0,0.0,0.0,0.0,0.0,0.0,0.0,333.0,0.0,0.0,0.0,0.0,3.0
2019-07-22T09:00:00.0,0.0,420.0,0.0,942.0,12216.0,0.0,0.0,0.0,0.0,0.0,0.0,0.0,0.0,0.0,333.0,0.0,0.0,0.0,0.0,2.0
2019-07-22T10:00:00.0,0.0,482.0,0.0,935.0,11841.0,0.0,0.0,0.0,0.0,0.0,0.0,0.0,0.0,0.0,333.0,0.0,0.0,0.0,0.0,2.0
2019-07-22T11:00:00.0,0.0,510.0,0.0,928.0,11336.0,0.0,0.0,0.0,0.0,0.0,0.0,0.0,0.0,0.0,322.0,0.0,0.0,0.0,0.0,3.0
2019-07-22T12:00:00.0,0.0,514.0,0.0,922.0,11115.0,0.0,0.0,0.0,0.0,0.0,0.0,0.0,0.0,0.0,327.0,0.0,0.0,0.0,0.0,3.0
2019-07-22T13:00:00.0,0.0,458.0,0.0,919.0,11001.0,0.0,0.0,0.0,0.0,0.0,0.0,0.0,0.0,0.0,325.0,0.0,0.0,0.0,0.0,4.0
2019-07-22T14:00:00.0,0.0,397.0,0.0,925.0,11449.0,0.0,0.0,0.0,0.0,0.0,0.0,0.0,0.0,0.0,327.0,0.0,0.0,0.0,0.0,6.0
2019-07-22T15:00:00.0,0.0,344.0,0.0,923.0,11772.0,0.0,0.0,0.0,0.0,0.0,0.0,0.0,0.0,0.0,321.0,0.0,0.0,0.0,0.0,10.0
2019-07-22T16:00:00.0,0.0,380.0,0.0,922.0,12149.0,0.0,0.0,0.0,0.0,0.0,0.0,0.0,0.0,0.0,327.0,0.0,0.0,0.0,0.0,16.0
2019-07-22T17:00:00.0,0.0,316.0,0.0,919.0,13209.0,0.0,0.0,0.0,0.0,0.0,0.0,0.0,0.0,0.0,322.0,0.0,0.0,0.0,0.0,7.0
2019-07-22T18:00:00.0,0.0,314.0,0.0,916.0,13131.0,0.0,0.0,0.0,0.0,0.0,0.0,0.0,0.0,0.0,328.0,0.0,0.0,0.0,0.0,4.0
2019-07-22T19:00:00.0,0.0,301.0,0.0,913.0,12899.0,0.0,0.0,0.0,0.0,0.0,0.0,0.0,0.0,0.0,317.0,0.0,0.0,0.0,0.0,3.0
2019-07-22T20:00:00.0,0.0,240.0,0.0,913.0,12862.0,0.0,0.0,0.0,0.0,0.0,0.0,0.0,0.0,0.0,167.0,0.0,0.0,0.0,0.0,4.0
2019-07-22T21:00:00.0,0.0,234.0,0.0,917.0,12622.0,0.0,0.0,0.0,0.0,0.0,0.0,0.0,0.0,0.0,171.0,0.0,0.0,0.0,0.0,6.0
2019-07-22T22:00:00.0,0.0,202.0,0.0,913.0,12113.0,0.0,0.0,0.0,0.0,0.0,0.0,0.0,0.0,0.0,171.0,0.0,0.0,0.0,0.0,6.0
2019-07-22T23:00:00.0,0.0,170.0,0.0,946.0,11532.0,0.0,0.0,0.0,0.0,0.0,0.0,0.0,0.0,0.0,168.0,0.0,0.0,0.0,0.0,5.0
2019-07-23T00:00:00.0,0.0,223.0,0.0,948.0,10754.0,0.0,0.0,0.0,0.0,0.0,0.0,0.0,0.0,0.0,168.0,0.0,0.0,0.0,0.0,4.0
2019-07-23T01:00:00.0,0.0,154.0,0.0,950.0,10255.0,0.0,0.0,0.0,0.0,0.0,0.0,0.0,0.0,0.0,169.0,0.0,0.0,0.0,0.0,4.0
2019-07-23T02:00:00.0,0.0,208.0,0.0,950.0,9919.0,0.0,0.0,0.0,0.0,0.0,0.0,0.0,0.0,0.0,171.0,0.0,0.0,0.0,0.0,5.0
2019-07-23T03:00:00.0,0.0,239.0,0.0,948.0,9716.0,0.0,0.0,0.0,0.0,0.0,0.0,0.0,0.0,0.0,168.0,0.0,0.0,0.0,0.0,6.0
2019-07-23T04:00:00.0,0.0,188.0,0.0,944.0,10869.0,0.0,0.0,0.0,0.0,0.0,0.0,0.0,0.0,0.0,168.0,0.0,0.0,0.0,0.0,10.0
2019-07-23T05:00:00.0,0.0,196.0,0.0,941.0,10636.0,0.0,0.0,0.0,0.0,0.0,0.0,0.0,0.0,0.0,169.0,0.0,0.0,0.0,0.0,16.0
2019-07-23T06:00:00.0,0.0,201.0,0.0,945.0,11658.0,0.0,0.0,0.0,0.0,0.0,0.0,0.0,0.0,0.0,171.0,0.0,0.0,0.0,0.0,20.0
2019-07-23T07:00:00.0,0.0,202.0,0.0,951.0,12265.0,0.0,0.0,0.0,0.0,0.0,0.0,0.0,0.0,0.0,172.0,0.0,0.0,0.0,0.0,20.0
2019-07-23T08:00:00.0,0.0,198.0,0.0,963.0,12805.0,0.0,0.0,0.0,0.0,0.0,0.0,0.0,0.0,0.0,169.0,0.0,0.0,0.0,0.0,12.0
2019-07-23T09:00:00.0,0.0,147.0,0.0,968.0,12816.0,0.0,0.0,0.0,0.0,0.0,0.0,0.0,0.0,0.0,168.0,0.0,0.0,0.0,0.0,12.0
2019-07-23T10:00:00.0,0.0,144.0,0.0,973.0,12873.0,0.0,0.0,0.0,0.0,0.0,0.0,0.0,0.0,0.0,165.0,0.0,0.0,0.0,0.0,13.0
2019-07-23T11:00:00.0,0.0,156.0,0.0,971.0,12713.0,0.0,0.0,0.0,0.0,0.0,0.0,0.0,0.0,0.0,165.0,0.0,0.0,0.0,0.0,17.0
2019-07-23T12:00:00.0,0.0,120.0,0.0,971.0,12604.0,0.0,0.0,0.0,0.0,0.0,0.0,0.0,0.0,0.0,167.0,0.0,0.0,0.0,0.0,16.0
2019-07-23T13:00:00.0,0.0,124.0,0.0,967.0,12592.0,0.0,0.0,0.0,0.0,0.0,0.0,0.0,0.0,0.0,192.0,0.0,0.0,0.0,0.0,14.0
2019-07-23T14:00:00.0,0.0,122.0,0.0,965.0,12539.0,0.0,0.0,0.0,0.0,0.0,0.0,0.0,0.0,0.0,197.0,0.0,0.0,0.0,0.0,12.0
2019-07-23T15:00:00.0,0.0,92.0,0.0,966.0,12453.0,0.0,0.0,0.0,0.0,0.0,0.0,0.0,0.0,0.0,197.0,0.0,0.0,0.0,0.0,8.0
2019-07-23T16:00:00.0,0.0,104.0,0.0,965.0,12423.0,0.0,0.0,0.0,0.0,0.0,0.0,0.0,0.0,0.0,197.0,0.0,0.0,0.0,0.0,7.0
2019-07-23T17:00:00.0,0.0,108.0,0.0,963.0,13225.0,0.0,0.0,0.0,0.0,0.0,0.0,0.0,0.0,0.0,197.0,0.0,0.0,0.0,0.0,6.0
2019-07-23T18:00:00.0,0.0,90.0,0.0,963.0,12989.0,0.0,0.0,0.0,0.0,0.0,0.0,0.0,0.0,0.0,197.0,0.0,0.0,0.0,0.0,5.0
2019-07-23T19:00:00.0,0.0,133.0,0.0,961.0,12704.0,0.0,0.0,0.0,0.0,0.0,0.0,0.0,0.0,0.0,197.0,0.0,0.0,0.0,0.0,5.0
2019-07-23T20:00:00.0,0.0,179.0,0.0,960.0,12584.0,0.0,0.0,0.0,0.0,0.0,0.0,0.0,0.0,0.0,197.0,0.0,0.0,0.0,0.0,6.0
2019-07-23T21:00:00.0,0.0,229.0,0.0,955.0,12189.0,0.0,0.0,0.0,0.0,0.0,0.0,0.0,0.0,0.0,197.0,0.0,0.0,0.0,0.0,7.0
2019-07-23T22:00:00.0,0.0,162.0,0.0,947.0,11991.0,0.0,0.0,0.0,0.0,0.0,0.0,0.0,0.0,0.0,197.0,0.0,0.0,0.0,0.0,9.0
2019-07-23T23:00:00.0,0.0,188.0,0.0,927.0,12007.0,0.0,0.0,0.0,0.0,0.0,0.0,0.0,0.0,0.0,174.0,0.0,0.0,0.0,0.0,17.0
2019-07-24T00:00:00.0,0.0,182.0,0.0,930.0,11238.0,0.0,0.0,0.0,0.0,0.0,0.0,0.0,0.0,0.0,174.0,0.0,0.0,0.0,0.0,20.0
2019-07-24T01:00:00.0,0.0,171.0,0.0,928.0,10863.0,0.0,0.0,0.0,0.0,0.0,0.0,0.0,0.0,0.0,190.0,0.0,0.0,0.0,0.0,22.0
2019-07-24T02:00:00.0,0.0,182.0,0.0,925.0,10587.0,0.0,0.0,0.0,0.0,0.0,0.0,0.0,0.0,0.0,190.0,0.0,0.0,0.0,0.0,20.0
2019-07-24T03:00:00.0,0.0,197.0,0.0,923.0,10253.0,0.0,0.0,0.0,0.0,0.0,0.0,0.0,0.0,0.0,190.0,0.0,0.0,0.0,0.0,22.0
2019-07-24T04:00:00.0,0.0,134.0,0.0,922.0,10648.0,0.0,0.0,0.0,0.0,0.0,0.0,0.0,0.0,0.0,189.0,0.0,0.0,0.0,0.0,15.0
2019-07-24T05:00:00.0,0.0,170.0,0.0,921.0,10769.0,0.0,0.0,0.0,0.0,0.0,0.0,0.0,0.0,0.0,189.0,0.0,0.0,0.0,0.0,12.0
2019-07-24T06:00:00.0,0.0,146.0,0.0,931.0,11471.0,0.0,0.0,0.0,0.0,0.0,0.0,0.0,0.0,0.0,196.0,0.0,0.0,0.0,0.0,9.0
2019-07-24T07:00:00.0,0.0,135.0,0.0,929.0,12378.0,0.0,0.0,0.0,0.0,0.0,0.0,0.0,0.0,0.0,208.0,0.0,0.0,0.0,0.0,6.0
2019-07-24T08:00:00.0,0.0,86.0,0.0,929.0,12792.0,0.0,0.0,0.0,0.0,0.0,0.0,0.0,0.0,0.0,209.0,0.0,0.0,0.0,0.0,6.0
2019-07-24T09:00:00.0,0.0,109.0,0.0,927.0,12893.0,0.0,0.0,0.0,0.0,0.0,0.0,0.0,0.0,0.0,209.0,0.0,0.0,0.0,0.0,5.0
2019-07-24T10:00:00.0,0.0,124.0,0.0,916.0,12803.0,0.0,0.0,0.0,0.0,0.0,0.0,0.0,0.0,0.0,209.0,0.0,0.0,0.0,0.0,4.0
2019-07-24T11:00:00.0,0.0,186.0,0.0,909.0,12532.0,0.0,0.0,0.0,0.0,0.0,0.0,0.0,0.0,0.0,222.0,0.0,0.0,0.0,0.0,3.0
2019-07-24T12:00:00.0,0.0,230.0,0.0,907.0,12553.0,0.0,0.0,0.0,0.0,0.0,0.0,0.0,0.0,0.0,221.0,0.0,0.0,0.0,0.0,2.0
2019-07-24T13:00:00.0,0.0,310.0,0.0,906.0,12507.0,0.0,0.0,0.0,0.0,0.0,0.0,0.0,0.0,0.0,230.0,0.0,0.0,0.0,0.0,3.0
2019-07-24T14:00:00.0,0.0,314.0,0.0,910.0,12448.0,0.0,0.0,0.0,0.0,0.0,0.0,0.0,0.0,0.0,229.0,0.0,0.0,0.0,0.0,4.0
2019-07-24T15:00:00.0,0.0,314.0,0.0,907.0,12419.0,0.0,0.0,0.0,0.0,0.0,0.0,0.0,0.0,0.0,230.0,0.0,0.0,0.0,0.0,7.0
2019-07-24T16:00:00.0,0.0,365.0,0.0,906.0,12381.0,0.0,0.0,0.0,0.0,0.0,0.0,0.0,0.0,0.0,229.0,0.0,0.0,0.0,0.0,15.0
2019-07-24T17:00:00.0,0.0,364.0,0.0,908.0,13052.0,0.0,0.0,0.0,0.0,0.0,0.0,0.0,0.0,0.0,230.0,0.0,0.0,0.0,0.0,16.0
2019-07-24T18:00:00.0,0.0,360.0,0.0,906.0,12945.0,0.0,0.0,0.0,0.0,0.0,0.0,0.0,0.0,0.0,234.0,0.0,0.0,0.0,0.0,14.0
2019-07-24T19:00:00.0,0.0,460.0,0.0,902.0,12461.0,0.0,0.0,0.0,0.0,0.0,0.0,0.0,0.0,0.0,235.0,0.0,0.0,0.0,0.0,17.0
2019-07-24T20:00:00.0,0.0,533.0,0.0,899.0,12152.0,0.0,0.0,0.0,0.0,0.0,0.0,0.0,0.0,0.0,231.0,0.0,0.0,0.0,0.0,20.0
2019-07-24T21:00:00.0,0.0,542.0,0.0,898.0,12093.0,0.0,0.0,0.0,0.0,0.0,0.0,0.0,0.0,0.0,235.0,0.0,0.0,0.0,0.0,14.0
2019-07-24T22:00:00.0,0.0,613.0,0.0,891.0,11608.0,0.0,0.0,0.0,0.0,0.0,0.0,0.0,0.0,0.0,236.0,0.0,0.0,0.0,0.0,10.0
2019-07-24T23:00:00.0,0.0,651.0,0.0,880.0,11263.0,0.0,0.0,0.0,0.0,0.0,0.0,0.0,0.0,0.0,226.0,0.0,0.0,0.0,0.0,7.0
2019-07-25T00:00:00.0,0.0,640.0,0.0,880.0,11038.0,0.0,0.0,0.0,0.0,0.0,0.0,0.0,0.0,0.0,236.0,0.0,0.0,0.0,0.0,6.0
2019-07-25T01:00:00.0,0.0,609.0,0.0,880.0,10192.0,0.0,0.0,0.0,0.0,0.0,0.0,0.0,0.0,0.0,237.0,0.0,0.0,0.0,0.0,4.0
2019-07-25T02:00:00.0,0.0,513.0,0.0,878.0,10016.0,0.0,0.0,0.0,0.0,0.0,0.0,0.0,0.0,0.0,231.0,0.0,0.0,0.0,0.0,4.0
2019-07-25T03:00:00.0,0.0,555.0,0.0,878.0,9878.0,0.0,0.0,0.0,0.0,0.0,0.0,0.0,0.0,0.0,234.0,0.0,0.0,0.0,0.0,6.0
2019-07-25T04:00:00.0,0.0,509.0,0.0,879.0,10418.0,0.0,0.0,0.0,0.0,0.0,0.0,0.0,0.0,0.0,245.0,0.0,0.0,0.0,0.0,5.0
2019-07-25T05:00:00.0,0.0,426.0,0.0,879.0,10389.0,0.0,0.0,0.0,0.0,0.0,0.0,0.0,0.0,0.0,246.0,0.0,0.0,0.0,0.0,3.0
2019-07-25T06:00:00.0,0.0,395.0,0.0,885.0,11286.0,0.0,0.0,0.0,0.0,0.0,0.0,0.0,0.0,0.0,249.0,0.0,0.0,0.0,0.0,3.0
2019-07-25T07:00:00.0,0.0,277.0,0.0,886.0,12126.0,0.0,0.0,0.0,0.0,0.0,0.0,0.0,0.0,0.0,256.0,0.0,0.0,0.0,0.0,2.0
2019-07-25T08:00:00.0,0.0,297.0,0.0,883.0,12526.0,0.0,0.0,0.0,0.0,0.0,0.0,0.0,0.0,0.0,249.0,0.0,0.0,0.0,0.0,2.0
2019-07-25T09:00:00.0,0.0,247.0,0.0,876.0,12622.0,0.0,0.0,0.0,0.0,0.0,0.0,0.0,0.0,0.0,249.0,0.0,0.0,0.0,0.0,2.0
2019-07-25T10:00:00.0,0.0,257.0,0.0,868.0,12489.0,0.0,0.0,0.0,0.0,0.0,0.0,0.0,0.0,0.0,241.0,0.0,0.0,0.0,0.0,2.0
2019-07-25T11:00:00.0,0.0,233.0,0.0,857.0,12627.0,0.0,0.0,0.0,0.0,0.0,0.0,0.0,0.0,0.0,242.0,0.0,0.0,0.0,0.0,2.0
2019-07-25T12:00:00.0,0.0,181.0,0.0,855.0,12587.0,0.0,0.0,0.0,0.0,0.0,0.0,0.0,0.0,0.0,243.0,0.0,0.0,0.0,0.0,2.0
2019-07-25T13:00:00.0,0.0,195.0,0.0,855.0,12540.0,0.0,0.0,0.0,0.0,0.0,0.0,0.0,0.0,0.0,244.0,0.0,0.0,0.0,0.0,2.0
2019-07-25T14:00:00.0,0.0,163.0,0.0,850.0,12481.0,0.0,0.0,0.0,0.0,0.0,0.0,0.0,0.0,0.0,242.0,0.0,0.0,0.0,0.0,3.0
2019-07-25T15:00:00.0,0.0,157.0,0.0,849.0,12217.0,0.0,0.0,0.0,0.0,0.0,0.0,0.0,0.0,0.0,246.0,0.0,0.0,0.0,0.0,6.0
2019-07-25T16:00:00.0,0.0,209.0,0.0,847.0,12195.0,0.0,0.0,0.0,0.0,0.0,0.0,0.0,0.0,0.0,242.0,0.0,0.0,0.0,0.0,11.0
2019-07-25T17:00:00.0,0.0,211.0,0.0,845.0,12841.0,0.0,0.0,0.0,0.0,0.0,0.0,0.0,0.0,0.0,276.0,0.0,0.0,0.0,0.0,16.0
2019-07-25T18:00:00.0,0.0,109.0,0.0,843.0,12698.0,0.0,0.0,0.0,0.0,0.0,0.0,0.0,0.0,0.0,286.0,0.0,0.0,0.0,0.0,17.0
2019-07-25T19:00:00.0,0.0,89.0,0.0,844.0,12609.0,0.0,0.0,0.0,0.0,0.0,0.0,0.0,0.0,0.0,292.0,0.0,0.0,0.0,0.0,16.0
2019-07-25T20:00:00.0,0.0,73.0,0.0,843.0,12034.0,0.0,0.0,0.0,0.0,0.0,0.0,0.0,0.0,0.0,290.0,0.0,0.0,0.0,0.0,7.0
2019-07-25T21:00:00.0,0.0,88.0,0.0,841.0,11587.0,0.0,0.0,0.0,0.0,0.0,0.0,0.0,0.0,0.0,296.0,0.0,0.0,0.0,0.0,7.0
2019-07-25T22:00:00.0,0.0,109.0,0.0,840.0,11337.0,0.0,0.0,0.0,0.0,0.0,0.0,0.0,0.0,0.0,291.0,0.0,0.0,0.0,0.0,6.0
2019-07-25T23:00:00.0,0.0,169.0,0.0,812.0,10782.0,0.0,0.0,0.0,0.0,0.0,0.0,0.0,0.0,0.0,305.0,0.0,0.0,0.0,0.0,4.0
2019-07-26T00:00:00.0,0.0,225.0,0.0,812.0,9763.0,0.0,0.0,0.0,0.0,0.0,0.0,0.0,0.0,0.0,304.0,0.0,0.0,0.0,0.0,4.0
2019-07-26T01:00:00.0,0.0,277.0,0.0,812.0,9401.0,0.0,0.0,0.0,0.0,0.0,0.0,0.0,0.0,0.0,316.0,0.0,0.0,0.0,0.0,2.0
2019-07-26T02:00:00.0,0.0,310.0,0.0,811.0,9018.0,0.0,0.0,0.0,0.0,0.0,0.0,0.0,0.0,0.0,343.0,0.0,0.0,0.0,0.0,1.0
2019-07-26T03:00:00.0,0.0,322.0,0.0,811.0,8929.0,0.0,0.0,0.0,0.0,0.0,0.0,0.0,0.0,0.0,337.0,0.0,0.0,0.0,0.0,1.0
2019-07-26T04:00:00.0,0.0,321.0,0.0,811.0,10093.0,0.0,0.0,0.0,0.0,0.0,0.0,0.0,0.0,0.0,340.0,0.0,0.0,0.0,0.0,1.0
2019-07-26T05:00:00.0,0.0,317.0,0.0,810.0,10510.0,0.0,0.0,0.0,0.0,0.0,0.0,0.0,0.0,0.0,341.0,0.0,0.0,0.0,0.0,1.0
2019-07-26T06:00:00.0,0.0,321.0,0.0,817.0,11518.0,0.0,0.0,0.0,0.0,0.0,0.0,0.0,0.0,0.0,333.0,0.0,0.0,0.0,0.0,2.0
2019-07-26T07:00:00.0,0.0,344.0,0.0,816.0,12190.0,0.0,0.0,0.0,0.0,0.0,0.0,0.0,0.0,0.0,343.0,0.0,0.0,0.0,0.0,5.0
2019-07-26T08:00:00.0,0.0,340.0,0.0,817.0,12491.0,0.0,0.0,0.0,0.0,0.0,0.0,0.0,0.0,0.0,340.0,0.0,0.0,0.0,0.0,5.0
2019-07-26T09:00:00.0,0.0,382.0,0.0,817.0,12435.0,0.0,0.0,0.0,0.0,0.0,0.0,0.0,0.0,0.0,335.0,0.0,0.0,0.0,0.0,6.0
2019-07-26T10:00:00.0,0.0,438.0,0.0,817.0,12050.0,0.0,0.0,0.0,0.0,0.0,0.0,0.0,0.0,0.0,338.0,0.0,0.0,0.0,0.0,14.0
2019-07-26T11:00:00.0,0.0,488.0,0.0,814.0,11871.0,0.0,0.0,0.0,0.0,0.0,0.0,0.0,0.0,0.0,335.0,0.0,0.0,0.0,0.0,19.0
2019-07-26T12:00:00.0,0.0,487.0,0.0,815.0,11734.0,0.0,0.0,0.0,0.0,0.0,0.0,0.0,0.0,0.0,336.0,0.0,0.0,0.0,0.0,19.0
2019-07-26T13:00:00.0,0.0,432.0,0.0,811.0,11412.0,0.0,0.0,0.0,0.0,0.0,0.0,0.0,0.0,0.0,344.0,0.0,0.0,0.0,0.0,21.0
2019-07-26T14:00:00.0,0.0,380.0,0.0,805.0,11392.0,0.0,0.0,0.0,0.0,0.0,0.0,0.0,0.0,0.0,345.0,0.0,0.0,0.0,0.0,19.0
2019-07-26T15:00:00.0,0.0,355.0,0.0,804.0,11580.0,0.0,0.0,0.0,0.0,0.0,0.0,0.0,0.0,0.0,343.0,0.0,0.0,0.0,0.0,19.0
2019-07-26T16:00:00.0,0.0,407.0,0.0,807.0,12104.0,0.0,0.0,0.0,0.0,0.0,0.0,0.0,0.0,0.0,351.0,0.0,0.0,0.0,0.0,22.0
2019-07-26T17:00:00.0,0.0,373.0,0.0,807.0,13255.0,0.0,0.0,0.0,0.0,0.0,0.0,0.0,0.0,0.0,349.0,0.0,0.0,0.0,0.0,22.0
2019-07-26T18:00:00.0,0.0,354.0,0.0,805.0,12833.0,0.0,0.0,0.0,0.0,0.0,0.0,0.0,0.0,0.0,350.0,0.0,0.0,0.0,0.0,22.0
2019-07-26T19:00:00.0,0.0,434.0,0.0,805.0,12689.0,0.0,0.0,0.0,0.0,0.0,0.0,0.0,0.0,0.0,353.0,0.0,0.0,0.0,0.0,23.0
2019-07-26T20:00:00.0,0.0,383.0,0.0,802.0,12219.0,0.0,0.0,0.0,0.0,0.0,0.0,0.0,0.0,0.0,349.0,0.0,0.0,0.0,0.0,20.0
2019-07-26T21:00:00.0,0.0,462.0,0.0,802.0,11887.0,0.0,0.0,0.0,0.0,0.0,0.0,0.0,0.0,0.0,352.0,0.0,0.0,0.0,0.0,18.0
2019-07-26T22:00:00.0,0.0,497.0,0.0,799.0,10998.0,0.0,0.0,0.0,0.0,0.0,0.0,0.0,0.0,0.0,349.0,0.0,0.0,0.0,0.0,12.0
2019-07-26T23:00:00.0,0.0,390.0,0.0,789.0,10549.0,0.0,0.0,0.0,0.0,0.0,0.0,0.0,0.0,0.0,354.0,0.0,0.0,0.0,0.0,4.0
2019-07-27T00:00:00.0,0.0,415.0,0.0,785.0,8895.0,0.0,0.0,0.0,0.0,0.0,0.0,0.0,0.0,0.0,352.0,0.0,0.0,0.0,0.0,4.0
2019-07-27T01:00:00.0,0.0,442.0,0.0,787.0,8418.0,0.0,0.0,0.0,0.0,0.0,0.0,0.0,0.0,0.0,351.0,0.0,0.0,0.0,0.0,3.0
2019-07-27T02:00:00.0,0.0,436.0,0.0,785.0,7804.0,0.0,0.0,0.0,0.0,0.0,0.0,0.0,0.0,0.0,352.0,0.0,0.0,0.0,0.0,3.0
2019-07-27T03:00:00.0,0.0,449.0,0.0,785.0,7032.0,0.0,0.0,0.0,0.0,0.0,0.0,0.0,0.0,0.0,352.0,0.0,0.0,0.0,0.0,2.0
2019-07-27T04:00:00.0,0.0,445.0,0.0,786.0,7144.0,0.0,0.0,0.0,0.0,0.0,0.0,0.0,0.0,0.0,349.0,0.0,0.0,0.0,0.0,2.0
2019-07-27T05:00:00.0,0.0,430.0,0.0,787.0,7503.0,0.0,0.0,0.0,0.0,0.0,0.0,0.0,0.0,0.0,350.0,0.0,0.0,0.0,0.0,2.0
2019-07-27T06:00:00.0,0.0,372.0,0.0,786.0,8152.0,0.0,0.0,0.0,0.0,0.0,0.0,0.0,0.0,0.0,362.0,0.0,0.0,0.0,0.0,1.0
2019-07-27T07:00:00.0,0.0,348.0,0.0,786.0,9585.0,0.0,0.0,0.0,0.0,0.0,0.0,0.0,0.0,0.0,358.0,0.0,0.0,0.0,0.0,1.0
2019-07-27T08:00:00.0,0.0,343.0,0.0,786.0,11098.0,0.0,0.0,0.0,0.0,0.0,0.0,0.0,0.0,0.0,362.0,0.0,0.0,0.0,0.0,1.0
2019-07-27T09:00:00.0,0.0,333.0,0.0,785.0,9761.0,0.0,0.0,0.0,0.0,0.0,0.0,0.0,0.0,0.0,362.0,0.0,0.0,0.0,0.0,1.0
2019-07-27T10:00:00.0,0.0,392.0,0.0,781.0,9084.0,0.0,0.0,0.0,0.0,0.0,0.0,0.0,0.0,0.0,352.0,0.0,0.0,0.0,0.0,1.0
2019-07-27T11:00:00.0,0.0,441.0,0.0,782.0,8779.0,0.0,0.0,0.0,0.0,0.0,0.0,0.0,0.0,0.0,322.0,0.0,0.0,0.0,0.0,1.0
2019-07-27T12:00:00.0,0.0,481.0,0.0,781.0,8515.0,0.0,0.0,0.0,0.0,0.0,0.0,0.0,0.0,0.0,322.0,0.0,0.0,0.0,0.0,1.0
2019-07-27T13:00:00.0,0.0,467.0,0.0,781.0,8471.0,0.0,0.0,0.0,0.0,0.0,0.0,0.0,0.0,0.0,324.0,0.0,0.0,0.0,0.0,1.0
2019-07-27T14:00:00.0,0.0,475.0,0.0,782.0,8371.0,0.0,0.0,0.0,0.0,0.0,0.0,0.0,0.0,0.0,323.0,0.0,0.0,0.0,0.0,2.0
2019-07-27T15:00:00.0,0.0,472.0,0.0,782.0,8489.0,0.0,0.0,0.0,0.0,0.0,0.0,0.0,0.0,0.0,316.0,0.0,0.0,0.0,0.0,2.0
2019-07-27T16:00:00.0,0.0,487.0,0.0,781.0,8587.0,0.0,0.0,0.0,0.0,0.0,0.0,0.0,0.0,0.0,313.0,0.0,0.0,0.0,0.0,5.0
2019-07-27T17:00:00.0,0.0,429.0,0.0,777.0,9571.0,0.0,0.0,0.0,0.0,0.0,0.0,0.0,0.0,0.0,329.0,0.0,0.0,0.0,0.0,5.0
2019-07-27T18:00:00.0,0.0,367.0,0.0,777.0,10685.0,0.0,0.0,0.0,0.0,0.0,0.0,0.0,0.0,0.0,335.0,0.0,0.0,0.0,0.0,6.0
2019-07-27T19:00:00.0,0.0,384.0,0.0,775.0,9867.0,0.0,0.0,0.0,0.0,0.0,0.0,0.0,0.0,0.0,331.0,0.0,0.0,0.0,0.0,7.0
2019-07-27T20:00:00.0,0.0,496.0,0.0,775.0,8909.0,0.0,0.0,0.0,0.0,0.0,0.0,0.0,0.0,0.0,331.0,0.0,0.0,0.0,0.0,15.0
2019-07-27T21:00:00.0,0.0,515.0,0.0,776.0,8650.0,0.0,0.0,0.0,0.0,0.0,0.0,0.0,0.0,0.0,336.0,0.0,0.0,0.0,0.0,15.0
2019-07-27T22:00:00.0,0.0,421.0,0.0,772.0,7563.0,0.0,0.0,0.0,0.0,0.0,0.0,0.0,0.0,0.0,353.0,0.0,0.0,0.0,0.0,6.0
2019-07-27T23:00:00.0,0.0,485.0,0.0,760.0,6942.0,0.0,0.0,0.0,0.0,0.0,0.0,0.0,0.0,0.0,371.0,0.0,0.0,0.0,0.0,7.0
2019-07-28T00:00:00.0,0.0,495.0,0.0,762.0,5963.0,0.0,0.0,0.0,0.0,0.0,0.0,0.0,0.0,0.0,371.0,0.0,0.0,0.0,0.0,5.0
2019-07-28T01:00:00.0,0.0,549.0,0.0,760.0,5320.0,0.0,0.0,0.0,0.0,0.0,0.0,0.0,0.0,0.0,369.0,0.0,0.0,0.0,0.0,7.0
2019-07-28T02:00:00.0,0.0,532.0,0.0,760.0,5157.0,0.0,0.0,0.0,0.0,0.0,0.0,0.0,0.0,0.0,370.0,0.0,0.0,0.0,0.0,7.0
2019-07-28T03:00:00.0,0.0,536.0,0.0,759.0,5450.0,0.0,0.0,0.0,0.0,0.0,0.0,0.0,0.0,0.0,369.0,0.0,0.0,0.0,0.0,6.0
2019-07-28T04:00:00.0,0.0,520.0,0.0,760.0,5143.0,0.0,0.0,0.0,0.0,0.0,0.0,0.0,0.0,0.0,371.0,0.0,0.0,0.0,0.0,5.0
2019-07-28T05:00:00.0,0.0,475.0,0.0,760.0,5676.0,0.0,0.0,0.0,0.0,0.0,0.0,0.0,0.0,0.0,369.0,0.0,0.0,0.0,0.0,4.0
2019-07-28T06:00:00.0,0.0,449.0,0.0,759.0,7381.0,0.0,0.0,0.0,0.0,0.0,0.0,0.0,0.0,0.0,373.0,0.0,0.0,0.0,0.0,4.0
2019-07-28T07:00:00.0,0.0,436.0,0.0,760.0,8225.0,0.0,0.0,0.0,0.0,0.0,0.0,0.0,0.0,0.0,360.0,0.0,0.0,0.0,0.0,2.0
2019-07-28T08:00:00.0,0.0,444.0,0.0,762.0,9003.0,0.0,0.0,0.0,0.0,0.0,0.0,0.0,0.0,0.0,360.0,0.0,0.0,0.0,0.0,2.0
2019-07-28T09:00:00.0,0.0,461.0,0.0,764.0,9409.0,0.0,0.0,0.0,0.0,0.0,0.0,0.0,0.0,0.0,360.0,0.0,0.0,0.0,0.0,4.0
2019-07-28T10:00:00.0,0.0,480.0,0.0,770.0,9331.0,0.0,0.0,0.0,0.0,0.0,0.0,0.0,0.0,0.0,360.0,0.0,0.0,0.0,0.0,4.0
2019-07-28T11:00:00.0,0.0,488.0,0.0,773.0,8920.0,0.0,0.0,0.0,0.0,0.0,0.0,0.0,0.0,0.0,360.0,0.0,0.0,0.0,0.0,5.0
2019-07-28T12:00:00.0,0.0,463.0,0.0,776.0,8811.0,0.0,0.0,0.0,0.0,0.0,0.0,0.0,0.0,0.0,361.0,0.0,0.0,0.0,0.0,5.0
2019-07-28T13:00:00.0,0.0,431.0,0.0,778.0,8586.0,0.0,0.0,0.0,0.0,0.0,0.0,0.0,0.0,0.0,358.0,0.0,0.0,0.0,0.0,6.0
2019-07-28T14:00:00.0,0.0,404.0,0.0,777.0,8905.0,0.0,0.0,0.0,0.0,0.0,0.0,0.0,0.0,0.0,363.0,0.0,0.0,0.0,0.0,9.0
2019-07-28T15:00:00.0,0.0,409.0,0.0,777.0,9847.0,0.0,0.0,0.0,0.0,0.0,0.0,0.0,0.0,0.0,364.0,0.0,0.0,0.0,0.0,13.0
2019-07-28T16:00:00.0,0.0,423.0,0.0,779.0,10516.0,0.0,0.0,0.0,0.0,0.0,0.0,0.0,0.0,0.0,364.0,0.0,0.0,0.0,0.0,17.0
2019-07-28T17:00:00.0,0.0,453.0,0.0,779.0,11809.0,0.0,0.0,0.0,0.0,0.0,0.0,0.0,0.0,0.0,361.0,0.0,0.0,0.0,0.0,19.0
2019-07-28T18:00:00.0,0.0,508.0,0.0,774.0,12738.0,0.0,0.0,0.0,0.0,0.0,0.0,0.0,0.0,0.0,361.0,0.0,0.0,0.0,0.0,21.0
2019-07-28T19:00:00.0,0.0,625.0,0.0,777.0,12636.0,0.0,0.0,0.0,0.0,0.0,0.0,0.0,0.0,0.0,359.0,0.0,0.0,0.0,0.0,22.0
2019-07-28T20:00:00.0,0.0,741.0,0.0,777.0,12277.0,0.0,0.0,0.0,0.0,0.0,0.0,0.0,0.0,0.0,358.0,0.0,0.0,0.0,0.0,22.0
2019-07-28T21:00:00.0,0.0,686.0,0.0,774.0,12038.0,0.0,0.0,0.0,0.0,0.0,0.0,0.0,0.0,0.0,358.0,0.0,0.0,0.0,0.0,16.0
2019-07-28T22:00:00.0,0.0,809.0,0.0,775.0,10636.0,0.0,0.0,0.0,0.0,0.0,0.0,0.0,0.0,0.0,357.0,0.0,0.0,0.0,0.0,19.0
2019-07-28T23:00:00.0,0.0,687.0,0.0,774.0,7725.0,0.0,0.0,0.0,0.0,0.0,0.0,0.0,0.0,0.0,367.0,0.0,0.0,0.0,0.0,16.0
2019-07-29T00:00:00.0,0.0,734.0,0.0,776.0,6689.0,0.0,0.0,0.0,0.0,0.0,0.0,0.0,0.0,0.0,366.0,0.0,0.0,0.0,0.0,23.0
2019-07-29T01:00:00.0,0.0,678.0,0.0,777.0,6574.0,0.0,0.0,0.0,0.0,0.0,0.0,0.0,0.0,0.0,365.0,0.0,0.0,0.0,0.0,20.0
2019-07-29T02:00:00.0,0.0,703.0,0.0,775.0,6559.0,0.0,0.0,0.0,0.0,0.0,0.0,0.0,0.0,0.0,368.0,0.0,0.0,0.0,0.0,23.0
2019-07-29T03:00:00.0,0.0,662.0,0.0,772.0,6515.0,0.0,0.0,0.0,0.0,0.0,0.0,0.0,0.0,0.0,358.0,0.0,0.0,0.0,0.0,19.0
2019-07-29T04:00:00.0,0.0,676.0,0.0,772.0,7858.0,0.0,0.0,0.0,0.0,0.0,0.0,0.0,0.0,0.0,360.0,0.0,0.0,0.0,0.0,22.0
2019-07-29T05:00:00.0,0.0,606.0,0.0,773.0,11045.0,0.0,0.0,0.0,0.0,0.0,0.0,0.0,0.0,0.0,359.0,0.0,0.0,0.0,0.0,20.0
2019-07-29T06:00:00.0,0.0,554.0,0.0,783.0,13572.0,0.0,0.0,0.0,0.0,0.0,0.0,0.0,0.0,0.0,359.0,0.0,0.0,0.0,0.0,16.0
2019-07-29T07:00:00.0,0.0,507.0,0.0,793.0,13913.0,0.0,0.0,0.0,0.0,0.0,0.0,0.0,0.0,0.0,366.0,0.0,0.0,0.0,0.0,11.0
2019-07-29T08:00:00.0,0.0,426.0,0.0,797.0,14359.0,0.0,0.0,0.0,0.0,0.0,0.0,0.0,0.0,0.0,364.0,0.0,0.0,0.0,0.0,5.0
2019-07-29T09:00:00.0,0.0,430.0,0.0,808.0,14646.0,0.0,0.0,0.0,0.0,0.0,0.0,0.0,0.0,0.0,362.0,0.0,0.0,0.0,0.0,4.0
2019-07-29T10:00:00.0,0.0,411.0,0.0,809.0,14662.0,0.0,0.0,0.0,0.0,0.0,0.0,0.0,0.0,0.0,367.0,0.0,0.0,0.0,0.0,4.0
2019-07-29T11:00:00.0,0.0,387.0,0.0,809.0,14552.0,0.0,0.0,0.0,0.0,0.0,0.0,0.0,0.0,0.0,366.0,0.0,0.0,0.0,0.0,4.0
2019-07-29T12:00:00.0,0.0,394.0,0.0,804.0,13633.0,0.0,0.0,0.0,0.0,0.0,0.0,0.0,0.0,0.0,366.0,0.0,0.0,0.0,0.0,5.0
2019-07-29T13:00:00.0,0.0,365.0,0.0,805.0,13551.0,0.0,0.0,0.0,0.0,0.0,0.0,0.0,0.0,0.0,340.0,0.0,0.0,0.0,0.0,6.0
2019-07-29T14:00:00.0,0.0,325.0,0.0,811.0,12805.0,0.0,0.0,0.0,0.0,0.0,0.0,0.0,0.0,0.0,346.0,0.0,0.0,0.0,0.0,5.0
2019-07-29T15:00:00.0,0.0,291.0,0.0,814.0,13039.0,0.0,0.0,0.0,0.0,0.0,0.0,0.0,0.0,0.0,343.0,0.0,0.0,0.0,0.0,4.0
2019-07-29T16:00:00.0,0.0,289.0,0.0,819.0,13440.0,0.0,0.0,0.0,0.0,0.0,0.0,0.0,0.0,0.0,343.0,0.0,0.0,0.0,0.0,1.0
2019-07-29T17:00:00.0,0.0,269.0,0.0,818.0,13746.0,0.0,0.0,0.0,0.0,0.0,0.0,0.0,0.0,0.0,347.0,0.0,0.0,0.0,0.0,3.0
2019-07-29T18:00:00.0,0.0,245.0,0.0,820.0,13605.0,0.0,0.0,0.0,0.0,0.0,0.0,0.0,0.0,0.0,347.0,0.0,0.0,0.0,0.0,8.0
2019-07-29T19:00:00.0,0.0,231.0,0.0,815.0,13644.0,0.0,0.0,0.0,0.0,0.0,0.0,0.0,0.0,0.0,346.0,0.0,0.0,0.0,0.0,12.0
2019-07-29T20:00:00.0,0.0,242.0,0.0,815.0,13451.0,0.0,0.0,0.0,0.0,0.0,0.0,0.0,0.0,0.0,345.0,0.0,0.0,0.0,0.0,17.0
2019-07-29T21:00:00.0,0.0,276.0,0.0,810.0,12984.0,0.0,0.0,0.0,0.0,0.0,0.0,0.0,0.0,0.0,346.0,0.0,0.0,0.0,0.0,16.0
2019-07-29T22:00:00.0,0.0,544.0,0.0,810.0,11660.0,0.0,0.0,0.0,0.0,0.0,0.0,0.0,0.0,0.0,341.0,0.0,0.0,0.0,0.0,23.0
2019-07-29T23:00:00.0,0.0,510.0,0.0,803.0,9912.0,0.0,0.0,0.0,0.0,0.0,0.0,0.0,0.0,0.0,348.0,0.0,0.0,0.0,0.0,22.0
2019-07-30T00:00:00.0,0.0,456.0,0.0,802.0,9266.0,0.0,0.0,0.0,0.0,0.0,0.0,0.0,0.0,0.0,348.0,0.0,0.0,0.0,0.0,21.0
2019-07-30T01:00:00.0,0.0,513.0,0.0,802.0,8917.0,0.0,0.0,0.0,0.0,0.0,0.0,0.0,0.0,0.0,348.0,0.0,0.0,0.0,0.0,23.0
2019-07-30T02:00:00.0,0.0,517.0,0.0,802.0,8791.0,0.0,0.0,0.0,0.0,0.0,0.0,0.0,0.0,0.0,348.0,0.0,0.0,0.0,0.0,24.0
2019-07-30T03:00:00.0,0.0,563.0,0.0,804.0,8776.0,0.0,0.0,0.0,0.0,0.0,0.0,0.0,0.0,0.0,350.0,0.0,0.0,0.0,0.0,25.0
2019-07-30T04:00:00.0,0.0,629.0,0.0,806.0,9715.0,0.0,0.0,0.0,0.0,0.0,0.0,0.0,0.0,0.0,350.0,0.0,0.0,0.0,0.0,25.0
2019-07-30T05:00:00.0,0.0,665.0,0.0,805.0,11274.0,0.0,0.0,0.0,0.0,0.0,0.0,0.0,0.0,0.0,350.0,0.0,0.0,0.0,0.0,27.0
2019-07-30T06:00:00.0,0.0,655.0,0.0,808.0,12421.0,0.0,0.0,0.0,0.0,0.0,0.0,0.0,0.0,0.0,349.0,0.0,0.0,0.0,0.0,27.0
2019-07-30T07:00:00.0,0.0,641.0,0.0,809.0,13084.0,0.0,0.0,0.0,0.0,0.0,0.0,0.0,0.0,0.0,350.0,0.0,0.0,0.0,0.0,27.0
2019-07-30T08:00:00.0,0.0,649.0,0.0,811.0,13686.0,0.0,0.0,0.0,0.0,0.0,0.0,0.0,0.0,0.0,349.0,0.0,0.0,0.0,0.0,25.0
2019-07-30T09:00:00.0,0.0,608.0,0.0,809.0,14272.0,0.0,0.0,0.0,0.0,0.0,0.0,0.0,0.0,0.0,351.0,0.0,0.0,0.0,0.0,20.0
2019-07-30T10:00:00.0,0.0,545.0,0.0,808.0,14317.0,0.0,0.0,0.0,0.0,0.0,0.0,0.0,0.0,0.0,350.0,0.0,0.0,0.0,0.0,18.0
2019-07-30T11:00:00.0,0.0,505.0,0.0,810.0,13936.0,0.0,0.0,0.0,0.0,0.0,0.0,0.0,0.0,0.0,348.0,0.0,0.0,0.0,0.0,16.0
2019-07-30T12:00:00.0,0.0,496.0,0.0,808.0,13970.0,0.0,0.0,0.0,0.0,0.0,0.0,0.0,0.0,0.0,346.0,0.0,0.0,0.0,0.0,16.0
2019-07-30T13:00:00.0,0.0,523.0,0.0,809.0,13240.0,0.0,0.0,0.0,0.0,0.0,0.0,0.0,0.0,0.0,345.0,0.0,0.0,0.0,0.0,15.0
2019-07-30T14:00:00.0,0.0,613.0,0.0,814.0,13188.0,0.0,0.0,0.0,0.0,0.0,0.0,0.0,0.0,0.0,341.0,0.0,0.0,0.0,0.0,18.0
2019-07-30T15:00:00.0,0.0,713.0,0.0,813.0,12899.0,0.0,0.0,0.0,0.0,0.0,0.0,0.0,0.0,0.0,345.0,0.0,0.0,0.0,0.0,21.0
2019-07-30T16:00:00.0,0.0,684.0,0.0,819.0,13897.0,0.0,0.0,0.0,0.0,0.0,0.0,0.0,0.0,0.0,345.0,0.0,0.0,0.0,0.0,18.0
2019-07-30T17:00:00.0,0.0,746.0,0.0,820.0,14090.0,0.0,0.0,0.0,0.0,0.0,0.0,0.0,0.0,0.0,345.0,0.0,0.0,0.0,0.0,20.0
2019-07-30T18:00:00.0,0.0,712.0,0.0,827.0,13866.0,0.0,0.0,0.0,0.0,0.0,0.0,0.0,0.0,0.0,347.0,0.0,0.0,0.0,0.0,20.0
2019-07-30T19:00:00.0,0.0,759.0,0.0,829.0,13556.0,0.0,0.0,0.0,0.0,0.0,0.0,0.0,0.0,0.0,346.0,0.0,0.0,0.0,0.0,21.0
2019-07-30T20:00:00.0,0.0,811.0,0.0,833.0,13329.0,0.0,0.0,0.0,0.0,0.0,0.0,0.0,0.0,0.0,347.0,0.0,0.0,0.0,0.0,24.0
2019-07-30T21:00:00.0,0.0,834.0,0.0,839.0,12585.0,0.0,0.0,0.0,0.0,0.0,0.0,0.0,0.0,0.0,347.0,0.0,0.0,0.0,0.0,24.0
2019-07-30T22:00:00.0,0.0,943.0,0.0,836.0,10860.0,0.0,0.0,0.0,0.0,0.0,0.0,0.0,0.0,0.0,337.0,0.0,0.0,0.0,0.0,27.0
2019-07-30T23:00:00.0,0.0,845.0,0.0,848.0,9362.0,0.0,0.0,0.0,0.0,0.0,0.0,0.0,0.0,0.0,336.0,0.0,0.0,0.0,0.0,24.0
2019-07-31T00:00:00.0,0.0,832.0,0.0,854.0,8750.0,0.0,0.0,0.0,0.0,0.0,0.0,0.0,0.0,0.0,348.0,0.0,0.0,0.0,0.0,23.0
2019-07-31T01:00:00.0,0.0,798.0,0.0,857.0,8161.0,0.0,0.0,0.0,0.0,0.0,0.0,0.0,0.0,0.0,346.0,0.0,0.0,0.0,0.0,23.0
2019-07-31T02:00:00.0,0.0,806.0,0.0,858.0,7756.0,0.0,0.0,0.0,0.0,0.0,0.0,0.0,0.0,0.0,344.0,0.0,0.0,0.0,0.0,23.0
2019-07-31T03:00:00.0,0.0,793.0,0.0,860.0,8011.0,0.0,0.0,0.0,0.0,0.0,0.0,0.0,0.0,0.0,349.0,0.0,0.0,0.0,0.0,22.0
2019-07-31T04:00:00.0,0.0,788.0,0.0,862.0,8822.0,0.0,0.0,0.0,0.0,0.0,0.0,0.0,0.0,0.0,347.0,0.0,0.0,0.0,0.0,22.0
2019-07-31T05:00:00.0,0.0,770.0,0.0,866.0,11071.0,0.0,0.0,0.0,0.0,0.0,0.0,0.0,0.0,0.0,345.0,0.0,0.0,0.0,0.0,22.0
2019-07-31T06:00:00.0,0.0,750.0,0.0,874.0,12773.0,0.0,0.0,0.0,0.0,0.0,0.0,0.0,0.0,0.0,345.0,0.0,0.0,0.0,0.0,22.0
2019-07-31T07:00:00.0,0.0,730.0,0.0,881.0,13753.0,0.0,0.0,0.0,0.0,0.0,0.0,0.0,0.0,0.0,342.0,0.0,0.0,0.0,0.0,21.0
2019-07-31T08:00:00.0,0.0,726.0,0.0,885.0,13959.0,0.0,0.0,0.0,0.0,0.0,0.0,0.0,0.0,0.0,340.0,0.0,0.0,0.0,0.0,20.0
2019-07-31T09:00:00.0,0.0,732.0,0.0,892.0,14005.0,0.0,0.0,0.0,0.0,0.0,0.0,0.0,0.0,0.0,342.0,0.0,0.0,0.0,0.0,21.0
2019-07-31T10:00:00.0,0.0,732.0,0.0,889.0,14570.0,0.0,0.0,0.0,0.0,0.0,0.0,0.0,0.0,0.0,338.0,0.0,0.0,0.0,0.0,20.0
2019-07-31T11:00:00.0,0.0,649.0,0.0,892.0,14203.0,0.0,0.0,0.0,0.0,0.0,0.0,0.0,0.0,0.0,331.0,0.0,0.0,0.0,0.0,14.0
2019-07-31T12:00:00.0,0.0,659.0,0.0,888.0,13641.0,0.0,0.0,0.0,0.0,0.0,0.0,0.0,0.0,0.0,337.0,0.0,0.0,0.0,0.0,12.0
2019-07-31T13:00:00.0,0.0,642.0,0.0,885.0,13277.0,0.0,0.0,0.0,0.0,0.0,0.0,0.0,0.0,0.0,340.0,0.0,0.0,0.0,0.0,12.0
2019-07-31T14:00:00.0,0.0,602.0,0.0,883.0,13539.0,0.0,0.0,0.0,0.0,0.0,0.0,0.0,0.0,0.0,340.0,0.0,0.0,0.0,0.0,11.0
2019-07-31T15:00:00.0,0.0,552.0,0.0,886.0,13019.0,0.0,0.0,0.0,0.0,0.0,0.0,0.0,0.0,0.0,341.0,0.0,0.0,0.0,0.0,11.0
2019-07-31T16:00:00.0,0.0,556.0,0.0,889.0,13556.0,0.0,0.0,0.0,0.0,0.0,0.0,0.0,0.0,0.0,346.0,0.0,0.0,0.0,0.0,16.0
2019-07-31T17:00:00.0,0.0,508.0,0.0,886.0,14318.0,0.0,0.0,0.0,0.0,0.0,0.0,0.0,0.0,0.0,342.0,0.0,0.0,0.0,0.0,10.0
2019-07-31T18:00:00.0,0.0,473.0,0.0,884.0,14160.0,0.0,0.0,0.0,0.0,0.0,0.0,0.0,0.0,0.0,341.0,0.0,0.0,0.0,0.0,10.0
2019-07-31T19:00:00.0,0.0,521.0,0.0,885.0,14025.0,0.0,0.0,0.0,0.0,0.0,0.0,0.0,0.0,0.0,342.0,0.0,0.0,0.0,0.0,16.0
2019-07-31T20:00:00.0,0.0,450.0,0.0,883.0,14048.0,0.0,0.0,0.0,0.0,0.0,0.0,0.0,0.0,0.0,344.0,0.0,0.0,0.0,0.0,17.0
2019-07-31T21:00:00.0,0.0,416.0,0.0,882.0,13819.0,0.0,0.0,0.0,0.0,0.0,0.0,0.0,0.0,0.0,344.0,0.0,0.0,0.0,0.0,14.0
2019-07-31T22:00:00.0,0.0,497.0,0.0,880.0,13133.0,0.0,0.0,0.0,0.0,0.0,0.0,0.0,0.0,0.0,342.0,0.0,0.0,0.0,0.0,14.0
2019-07-31T23:00:00.0,0.0,438.0,0.0,883.0,12032.0,0.0,0.0,0.0,0.0,0.0,0.0,0.0,0.0,0.0,341.0,0.0,0.0,0.0,0.0,7.0
2019-08-01T00:00:00.0,0.0,411.0,0.0,885.0,11127.0,0.0,0.0,0.0,0.0,0.0,0.0,0.0,0.0,0.0,345.0,0.0,0.0,0.0,0.0,4.0
2019-08-01T01:00:00.0,0.0,415.0,0.0,888.0,10392.0,0.0,0.0,0.0,0.0,0.0,0.0,0.0,0.0,0.0,343.0,0.0,0.0,0.0,0.0,5.0
2019-08-01T02:00:00.0,0.0,412.0,0.0,885.0,10057.0,0.0,0.0,0.0,0.0,0.0,0.0,0.0,0.0,0.0,343.0,0.0,0.0,0.0,0.0,6.0
2019-08-01T03:00:00.0,0.0,377.0,0.0,881.0,10138.0,0.0,0.0,0.0,0.0,0.0,0.0,0.0,0.0,0.0,329.0,0.0,0.0,0.0,0.0,4.0
2019-08-01T04:00:00.0,0.0,366.0,0.0,881.0,11098.0,0.0,0.0,0.0,0.0,0.0,0.0,0.0,0.0,0.0,332.0,0.0,0.0,0.0,0.0,3.0
2019-08-01T05:00:00.0,0.0,314.0,0.0,880.0,12693.0,0.0,0.0,0.0,0.0,0.0,0.0,0.0,0.0,0.0,335.0,0.0,0.0,0.0,0.0,2.0
2019-08-01T06:00:00.0,0.0,294.0,0.0,883.0,14054.0,0.0,0.0,0.0,0.0,0.0,0.0,0.0,0.0,0.0,340.0,0.0,0.0,0.0,0.0,1.0
2019-08-01T07:00:00.0,0.0,253.0,0.0,883.0,14771.0,0.0,0.0,0.0,0.0,0.0,0.0,0.0,0.0,0.0,340.0,0.0,0.0,0.0,0.0,1.0
2019-08-01T08:00:00.0,0.0,189.0,0.0,881.0,14832.0,0.0,0.0,0.0,0.0,0.0,0.0,0.0,0.0,0.0,335.0,0.0,0.0,0.0,0.0,1.0
2019-08-01T09:00:00.0,0.0,161.0,0.0,880.0,14549.0,0.0,0.0,0.0,0.0,0.0,0.0,0.0,0.0,0.0,340.0,0.0,0.0,0.0,0.0,1.0
2019-08-01T10:00:00.0,0.0,123.0,0.0,878.0,14532.0,0.0,0.0,0.0,0.0,0.0,0.0,0.0,0.0,0.0,338.0,0.0,0.0,0.0,0.0,1.0
2019-08-01T11:00:00.0,0.0,133.0,0.0,875.0,13951.0,0.0,0.0,0.0,0.0,0.0,0.0,0.0,0.0,0.0,341.0,0.0,0.0,0.0,0.0,2.0
2019-08-01T12:00:00.0,0.0,154.0,0.0,873.0,14319.0,0.0,0.0,0.0,0.0,0.0,0.0,0.0,0.0,0.0,345.0,0.0,0.0,0.0,0.0,4.0
2019-08-01T13:00:00.0,0.0,158.0,0.0,872.0,14533.0,0.0,0.0,0.0,0.0,0.0,0.0,0.0,0.0,0.0,344.0,0.0,0.0,0.0,0.0,5.0
2019-08-01T14:00:00.0,0.0,122.0,0.0,873.0,14517.0,0.0,0.0,0.0,0.0,0.0,0.0,0.0,0.0,0.0,346.0,0.0,0.0,0.0,0.0,4.0
2019-08-01T15:00:00.0,0.0,182.0,0.0,868.0,14626.0,0.0,0.0,0.0,0.0,0.0,0.0,0.0,0.0,0.0,370.0,0.0,0.0,0.0,0.0,9.0
2019-08-01T16:00:00.0,0.0,133.0,0.0,868.0,14725.0,0.0,0.0,0.0,0.0,0.0,0.0,0.0,0.0,0.0,369.0,0.0,0.0,0.0,0.0,8.0
2019-08-01T17:00:00.0,0.0,122.0,0.0,867.0,14617.0,0.0,0.0,0.0,0.0,0.0,0.0,0.0,0.0,0.0,333.0,0.0,0.0,0.0,0.0,7.0
2019-08-01T18:00:00.0,0.0,133.0,0.0,863.0,14277.0,0.0,0.0,0.0,0.0,0.0,0.0,0.0,0.0,0.0,331.0,0.0,0.0,0.0,0.0,7.0
2019-08-01T19:00:00.0,0.0,154.0,0.0,863.0,14065.0,0.0,0.0,0.0,0.0,0.0,0.0,0.0,0.0,0.0,335.0,0.0,0.0,0.0,0.0,7.0
2019-08-01T20:00:00.0,0.0,140.0,0.0,864.0,14094.0,0.0,0.0,0.0,0.0,0.0,0.0,0.0,0.0,0.0,332.0,0.0,0.0,0.0,0.0,4.0
2019-08-01T21:00:00.0,0.0,160.0,0.0,863.0,13662.0,0.0,0.0,0.0,0.0,0.0,0.0,0.0,0.0,0.0,334.0,0.0,0.0,0.0,0.0,4.0
2019-08-01T22:00:00.0,0.0,202.0,0.0,860.0,12803.0,0.0,0.0,0.0,0.0,0.0,0.0,0.0,0.0,0.0,333.0,0.0,0.0,0.0,0.0,3.0
2019-08-01T23:00:00.0,0.0,319.0,0.0,849.0,12284.0,0.0,0.0,0.0,0.0,0.0,0.0,0.0,0.0,0.0,335.0,0.0,0.0,0.0,0.0,7.0
2019-08-02T00:00:00.0,0.0,281.0,0.0,849.0,11619.0,0.0,0.0,0.0,0.0,0.0,0.0,0.0,0.0,0.0,339.0,0.0,0.0,0.0,0.0,4.0
2019-08-02T01:00:00.0,0.0,296.0,0.0,848.0,10475.0,0.0,0.0,0.0,0.0,0.0,0.0,0.0,0.0,0.0,335.0,0.0,0.0,0.0,0.0,6.0
2019-08-02T02:00:00.0,0.0,245.0,0.0,848.0,9902.0,0.0,0.0,0.0,0.0,0.0,0.0,0.0,0.0,0.0,340.0,0.0,0.0,0.0,0.0,5.0
2019-08-02T03:00:00.0,0.0,264.0,0.0,848.0,10127.0,0.0,0.0,0.0,0.0,0.0,0.0,0.0,0.0,0.0,335.0,0.0,0.0,0.0,0.0,4.0
2019-08-02T04:00:00.0,0.0,251.0,0.0,848.0,11140.0,0.0,0.0,0.0,0.0,0.0,0.0,0.0,0.0,0.0,367.0,0.0,0.0,0.0,0.0,3.0
2019-08-02T05:00:00.0,0.0,197.0,0.0,846.0,12498.0,0.0,0.0,0.0,0.0,0.0,0.0,0.0,0.0,0.0,364.0,0.0,0.0,0.0,0.0,2.0
2019-08-02T06:00:00.0,0.0,162.0,0.0,849.0,13834.0,0.0,0.0,0.0,0.0,0.0,0.0,0.0,0.0,0.0,368.0,0.0,0.0,0.0,0.0,2.0
2019-08-02T07:00:00.0,0.0,133.0,0.0,848.0,14441.0,0.0,0.0,0.0,0.0,0.0,0.0,0.0,0.0,0.0,370.0,0.0,0.0,0.0,0.0,3.0
2019-08-02T08:00:00.0,0.0,119.0,0.0,848.0,14876.0,0.0,0.0,0.0,0.0,0.0,0.0,0.0,0.0,0.0,370.0,0.0,0.0,0.0,0.0,2.0
2019-08-02T09:00:00.0,0.0,87.0,0.0,848.0,14987.0,0.0,0.0,0.0,0.0,0.0,0.0,0.0,0.0,0.0,367.0,0.0,0.0,0.0,0.0,2.0
2019-08-02T10:00:00.0,0.0,58.0,0.0,847.0,15221.0,0.0,0.0,0.0,0.0,0.0,0.0,0.0,0.0,0.0,363.0,0.0,0.0,0.0,0.0,2.0
2019-08-02T11:00:00.0,0.0,73.0,0.0,851.0,15152.0,0.0,0.0,0.0,0.0,0.0,0.0,0.0,0.0,0.0,368.0,0.0,0.0,0.0,0.0,2.0
2019-08-02T12:00:00.0,0.0,103.0,0.0,849.0,14596.0,0.0,0.0,0.0,0.0,0.0,0.0,0.0,0.0,0.0,364.0,0.0,0.0,0.0,0.0,4.0
2019-08-02T13:00:00.0,0.0,84.0,0.0,849.0,14190.0,0.0,0.0,0.0,0.0,0.0,0.0,0.0,0.0,0.0,368.0,0.0,0.0,0.0,0.0,3.0
2019-08-02T14:00:00.0,0.0,99.0,0.0,844.0,13935.0,0.0,0.0,0.0,0.0,0.0,0.0,0.0,0.0,0.0,366.0,0.0,0.0,0.0,0.0,4.0
2019-08-02T15:00:00.0,0.0,78.0,0.0,842.0,13783.0,0.0,0.0,0.0,0.0,0.0,0.0,0.0,0.0,0.0,363.0,0.0,0.0,0.0,0.0,3.0
2019-08-02T16:00:00.0,0.0,79.0,0.0,840.0,14598.0,0.0,0.0,0.0,0.0,0.0,0.0,0.0,0.0,0.0,367.0,0.0,0.0,0.0,0.0,3.0
2019-08-02T17:00:00.0,0.0,115.0,0.0,841.0,14512.0,0.0,0.0,0.0,0.0,0.0,0.0,0.0,0.0,0.0,367.0,0.0,0.0,0.0,0.0,5.0
2019-08-02T18:00:00.0,0.0,128.0,0.0,839.0,14502.0,0.0,0.0,0.0,0.0,0.0,0.0,0.0,0.0,0.0,368.0,0.0,0.0,0.0,0.0,5.0
2019-08-02T19:00:00.0,0.0,125.0,0.0,836.0,14285.0,0.0,0.0,0.0,0.0,0.0,0.0,0.0,0.0,0.0,367.0,0.0,0.0,0.0,0.0,5.0
2019-08-02T20:00:00.0,0.0,122.0,0.0,836.0,14154.0,0.0,0.0,0.0,0.0,0.0,0.0,0.0,0.0,0.0,371.0,0.0,0.0,0.0,0.0,4.0
2019-08-02T21:00:00.0,0.0,128.0,0.0,835.0,13859.0,0.0,0.0,0.0,0.0,0.0,0.0,0.0,0.0,0.0,368.0,0.0,0.0,0.0,0.0,4.0
2019-08-02T22:00:00.0,0.0,124.0,0.0,835.0,13150.0,0.0,0.0,0.0,0.0,0.0,0.0,0.0,0.0,0.0,368.0,0.0,0.0,0.0,0.0,4.0
2019-08-02T23:00:00.0,0.0,99.0,0.0,808.0,11019.0,0.0,0.0,0.0,0.0,0.0,0.0,0.0,0.0,0.0,364.0,0.0,0.0,0.0,0.0,4.0
2019-08-03T00:00:00.0,0.0,109.0,0.0,804.0,9486.0,0.0,0.0,0.0,0.0,0.0,0.0,0.0,0.0,0.0,366.0,0.0,0.0,0.0,0.0,5.0
2019-08-03T01:00:00.0,0.0,77.0,0.0,806.0,9328.0,0.0,0.0,0.0,0.0,0.0,0.0,0.0,0.0,0.0,360.0,0.0,0.0,0.0,0.0,4.0
2019-08-03T02:00:00.0,0.0,90.0,0.0,806.0,8984.0,0.0,0.0,0.0,0.0,0.0,0.0,0.0,0.0,0.0,362.0,0.0,0.0,0.0,0.0,4.0
2019-08-03T03:00:00.0,0.0,108.0,0.0,803.0,8782.0,0.0,0.0,0.0,0.0,0.0,0.0,0.0,0.0,0.0,359.0,0.0,0.0,0.0,0.0,6.0
2019-08-03T04:00:00.0,0.0,100.0,0.0,803.0,8990.0,0.0,0.0,0.0,0.0,0.0,0.0,0.0,0.0,0.0,360.0,0.0,0.0,0.0,0.0,6.0
2019-08-03T05:00:00.0,0.0,89.0,0.0,803.0,9389.0,0.0,0.0,0.0,0.0,0.0,0.0,0.0,0.0,0.0,356.0,0.0,0.0,0.0,0.0,4.0
2019-08-03T06:00:00.0,0.0,81.0,0.0,802.0,10390.0,0.0,0.0,0.0,0.0,0.0,0.0,0.0,0.0,0.0,362.0,0.0,0.0,0.0,0.0,4.0
2019-08-03T07:00:00.0,0.0,48.0,0.0,802.0,11541.0,0.0,0.0,0.0,0.0,0.0,0.0,0.0,0.0,0.0,362.0,0.0,0.0,0.0,0.0,3.0
2019-08-03T08:00:00.0,0.0,56.0,0.0,800.0,12520.0,0.0,0.0,0.0,0.0,0.0,0.0,0.0,0.0,0.0,366.0,0.0,0.0,0.0,0.0,4.0
2019-08-03T09:00:00.0,0.0,61.0,0.0,801.0,12628.0,0.0,0.0,0.0,0.0,0.0,0.0,0.0,0.0,0.0,366.0,0.0,0.0,0.0,0.0,4.0
2019-08-03T10:00:00.0,0.0,56.0,0.0,800.0,12476.0,0.0,0.0,0.0,0.0,0.0,0.0,0.0,0.0,0.0,364.0,0.0,0.0,0.0,0.0,4.0
2019-08-03T11:00:00.0,0.0,69.0,0.0,799.0,12135.0,0.0,0.0,0.0,0.0,0.0,0.0,0.0,0.0,0.0,367.0,0.0,0.0,0.0,0.0,4.0
2019-08-03T12:00:00.0,0.0,92.0,0.0,798.0,11748.0,0.0,0.0,0.0,0.0,0.0,0.0,0.0,0.0,0.0,366.0,0.0,0.0,0.0,0.0,4.0
2019-08-03T13:00:00.0,0.0,108.0,0.0,798.0,11495.0,0.0,0.0,0.0,0.0,0.0,0.0,0.0,0.0,0.0,364.0,0.0,0.0,0.0,0.0,5.0
2019-08-03T14:00:00.0,0.0,89.0,0.0,795.0,11407.0,0.0,0.0,0.0,0.0,0.0,0.0,0.0,0.0,0.0,361.0,0.0,0.0,0.0,0.0,4.0
2019-08-03T15:00:00.0,0.0,80.0,0.0,795.0,11504.0,0.0,0.0,0.0,0.0,0.0,0.0,0.0,0.0,0.0,366.0,0.0,0.0,0.0,0.0,4.0
2019-08-03T16:00:00.0,0.0,84.0,0.0,798.0,11715.0,0.0,0.0,0.0,0.0,0.0,0.0,0.0,0.0,0.0,363.0,0.0,0.0,0.0,0.0,4.0
2019-08-03T17:00:00.0,0.0,108.0,0.0,798.0,12556.0,0.0,0.0,0.0,0.0,0.0,0.0,0.0,0.0,0.0,358.0,0.0,0.0,0.0,0.0,4.0
2019-08-03T18:00:00.0,0.0,79.0,0.0,799.0,13288.0,0.0,0.0,0.0,0.0,0.0,0.0,0.0,0.0,0.0,352.0,0.0,0.0,0.0,0.0,4.0
2019-08-03T19:00:00.0,0.0,103.0,0.0,798.0,13293.0,0.0,0.0,0.0,0.0,0.0,0.0,0.0,0.0,0.0,355.0,0.0,0.0,0.0,0.0,5.0
2019-08-03T20:00:00.0,0.0,144.0,0.0,796.0,13704.0,0.0,0.0,0.0,0.0,0.0,0.0,0.0,0.0,0.0,353.0,0.0,0.0,0.0,0.0,7.0
2019-08-03T21:00:00.0,0.0,153.0,0.0,796.0,13719.0,0.0,0.0,0.0,0.0,0.0,0.0,0.0,0.0,0.0,359.0,0.0,0.0,0.0,0.0,6.0
2019-08-03T22:00:00.0,0.0,95.0,0.0,795.0,12181.0,0.0,0.0,0.0,0.0,0.0,0.0,0.0,0.0,0.0,362.0,0.0,0.0,0.0,0.0,3.0
2019-08-03T23:00:00.0,0.0,103.0,0.0,783.0,10639.0,0.0,0.0,0.0,0.0,0.0,0.0,0.0,0.0,0.0,369.0,0.0,0.0,0.0,0.0,4.0
2019-08-04T00:00:00.0,0.0,86.0,0.0,783.0,9511.0,0.0,0.0,0.0,0.0,0.0,0.0,0.0,0.0,0.0,366.0,0.0,0.0,0.0,0.0,4.0
2019-08-04T01:00:00.0,0.0,92.0,0.0,783.0,8975.0,0.0,0.0,0.0,0.0,0.0,0.0,0.0,0.0,0.0,368.0,0.0,0.0,0.0,0.0,4.0
2019-08-04T02:00:00.0,0.0,99.0,0.0,782.0,8519.0,0.0,0.0,0.0,0.0,0.0,0.0,0.0,0.0,0.0,356.0,0.0,0.0,0.0,0.0,4.0
2019-08-04T03:00:00.0,0.0,72.0,0.0,781.0,8197.0,0.0,0.0,0.0,0.0,0.0,0.0,0.0,0.0,0.0,356.0,0.0,0.0,0.0,0.0,3.0
2019-08-04T04:00:00.0,0.0,141.0,0.0,782.0,7864.0,0.0,0.0,0.0,0.0,0.0,0.0,0.0,0.0,0.0,353.0,0.0,0.0,0.0,0.0,4.0
2019-08-04T05:00:00.0,0.0,154.0,0.0,783.0,8706.0,0.0,0.0,0.0,0.0,0.0,0.0,0.0,0.0,0.0,353.0,0.0,0.0,0.0,0.0,4.0
2019-08-04T06:00:00.0,0.0,124.0,0.0,781.0,10039.0,0.0,0.0,0.0,0.0,0.0,0.0,0.0,0.0,0.0,366.0,0.0,0.0,0.0,0.0,4.0
2019-08-04T07:00:00.0,0.0,87.0,0.0,778.0,10907.0,0.0,0.0,0.0,0.0,0.0,0.0,0.0,0.0,0.0,367.0,0.0,0.0,0.0,0.0,3.0
2019-08-04T08:00:00.0,0.0,106.0,0.0,777.0,11943.0,0.0,0.0,0.0,0.0,0.0,0.0,0.0,0.0,0.0,367.0,0.0,0.0,0.0,0.0,4.0
2019-08-04T09:00:00.0,0.0,116.0,0.0,775.0,12356.0,0.0,0.0,0.0,0.0,0.0,0.0,0.0,0.0,0.0,367.0,0.0,0.0,0.0,0.0,4.0
2019-08-04T10:00:00.0,0.0,131.0,0.0,774.0,12341.0,0.0,0.0,0.0,0.0,0.0,0.0,0.0,0.0,0.0,368.0,0.0,0.0,0.0,0.0,4.0
2019-08-04T11:00:00.0,0.0,120.0,0.0,774.0,12228.0,0.0,0.0,0.0,0.0,0.0,0.0,0.0,0.0,0.0,366.0,0.0,0.0,0.0,0.0,4.0
2019-08-04T12:00:00.0,0.0,150.0,0.0,774.0,12138.0,0.0,0.0,0.0,0.0,0.0,0.0,0.0,0.0,0.0,369.0,0.0,0.0,0.0,0.0,5.0
2019-08-04T13:00:00.0,0.0,161.0,0.0,773.0,11983.0,0.0,0.0,0.0,0.0,0.0,0.0,0.0,0.0,0.0,368.0,0.0,0.0,0.0,0.0,6.0
2019-08-04T14:00:00.0,0.0,184.0,0.0,773.0,11837.0,0.0,0.0,0.0,0.0,0.0,0.0,0.0,0.0,0.0,368.0,0.0,0.0,0.0,0.0,6.0
2019-08-04T15:00:00.0,0.0,194.0,0.0,773.0,11751.0,0.0,0.0,0.0,0.0,0.0,0.0,0.0,0.0,0.0,367.0,0.0,0.0,0.0,0.0,6.0
2019-08-04T16:00:00.0,0.0,215.0,0.0,773.0,12116.0,0.0,0.0,0.0,0.0,0.0,0.0,0.0,0.0,0.0,366.0,0.0,0.0,0.0,0.0,6.0
2019-08-04T17:00:00.0,0.0,267.0,0.0,773.0,12814.0,0.0,0.0,0.0,0.0,0.0,0.0,0.0,0.0,0.0,358.0,0.0,0.0,0.0,0.0,11.0
2019-08-04T18:00:00.0,0.0,310.0,0.0,770.0,13550.0,0.0,0.0,0.0,0.0,0.0,0.0,0.0,0.0,0.0,360.0,0.0,0.0,0.0,0.0,16.0
2019-08-04T19:00:00.0,0.0,264.0,0.0,766.0,14253.0,0.0,0.0,0.0,0.0,0.0,0.0,0.0,0.0,0.0,364.0,0.0,0.0,0.0,0.0,11.0
2019-08-04T20:00:00.0,0.0,273.0,0.0,762.0,14062.0,0.0,0.0,0.0,0.0,0.0,0.0,0.0,0.0,0.0,365.0,0.0,0.0,0.0,0.0,11.0
2019-08-04T21:00:00.0,0.0,183.0,0.0,761.0,13695.0,0.0,0.0,0.0,0.0,0.0,0.0,0.0,0.0,0.0,365.0,0.0,0.0,0.0,0.0,7.0
2019-08-04T22:00:00.0,0.0,211.0,0.0,762.0,12718.0,0.0,0.0,0.0,0.0,0.0,0.0,0.0,0.0,0.0,368.0,0.0,0.0,0.0,0.0,11.0
2019-08-04T23:00:00.0,0.0,198.0,0.0,761.0,9758.0,0.0,0.0,0.0,0.0,0.0,0.0,0.0,0.0,0.0,367.0,0.0,0.0,0.0,0.0,9.0
2019-08-05T00:00:00.0,0.0,218.0,0.0,757.0,7805.0,0.0,0.0,0.0,0.0,0.0,0.0,0.0,0.0,0.0,369.0,0.0,0.0,0.0,0.0,9.0
2019-08-05T01:00:00.0,0.0,190.0,0.0,757.0,7536.0,0.0,0.0,0.0,0.0,0.0,0.0,0.0,0.0,0.0,368.0,0.0,0.0,0.0,0.0,6.0
2019-08-05T02:00:00.0,0.0,191.0,0.0,757.0,7515.0,0.0,0.0,0.0,0.0,0.0,0.0,0.0,0.0,0.0,366.0,0.0,0.0,0.0,0.0,7.0
2019-08-05T03:00:00.0,0.0,179.0,0.0,756.0,7655.0,0.0,0.0,0.0,0.0,0.0,0.0,0.0,0.0,0.0,367.0,0.0,0.0,0.0,0.0,6.0
2019-08-05T04:00:00.0,0.0,133.0,0.0,760.0,10313.0,0.0,0.0,0.0,0.0,0.0,0.0,0.0,0.0,0.0,368.0,0.0,0.0,0.0,0.0,4.0
2019-08-05T05:00:00.0,0.0,144.0,0.0,761.0,13345.0,0.0,0.0,0.0,0.0,0.0,0.0,0.0,0.0,0.0,368.0,0.0,0.0,0.0,0.0,5.0
2019-08-05T06:00:00.0,0.0,127.0,0.0,760.0,14967.0,0.0,0.0,0.0,0.0,0.0,0.0,0.0,0.0,0.0,369.0,0.0,0.0,0.0,0.0,5.0
2019-08-05T07:00:00.0,0.0,124.0,0.0,770.0,15575.0,0.0,0.0,0.0,0.0,0.0,0.0,0.0,0.0,0.0,369.0,0.0,0.0,0.0,0.0,4.0
2019-08-05T08:00:00.0,0.0,126.0,0.0,755.0,15442.0,0.0,0.0,0.0,0.0,0.0,0.0,0.0,0.0,0.0,364.0,0.0,0.0,0.0,0.0,5.0
2019-08-05T09:00:00.0,0.0,132.0,0.0,758.0,15569.0,0.0,0.0,0.0,0.0,0.0,0.0,0.0,0.0,0.0,365.0,0.0,0.0,0.0,0.0,6.0
2019-08-05T10:00:00.0,0.0,138.0,0.0,758.0,15734.0,0.0,0.0,0.0,0.0,0.0,0.0,0.0,0.0,0.0,364.0,0.0,0.0,0.0,0.0,5.0
2019-08-05T11:00:00.0,0.0,140.0,0.0,756.0,15642.0,0.0,0.0,0.0,0.0,0.0,0.0,0.0,0.0,0.0,362.0,0.0,0.0,0.0,0.0,5.0
2019-08-05T12:00:00.0,0.0,121.0,0.0,755.0,15445.0,0.0,0.0,0.0,0.0,0.0,0.0,0.0,0.0,0.0,362.0,0.0,0.0,0.0,0.0,4.0
2019-08-05T13:00:00.0,0.0,137.0,0.0,756.0,14868.0,0.0,0.0,0.0,0.0,0.0,0.0,0.0,0.0,0.0,360.0,0.0,0.0,0.0,0.0,4.0
2019-08-05T14:00:00.0,0.0,194.0,0.0,755.0,14152.0,0.0,0.0,0.0,0.0,0.0,0.0,0.0,0.0,0.0,361.0,0.0,0.0,0.0,0.0,7.0
2019-08-05T15:00:00.0,0.0,223.0,0.0,752.0,14096.0,0.0,0.0,0.0,0.0,0.0,0.0,0.0,0.0,0.0,358.0,0.0,0.0,0.0,0.0,9.0
2019-08-05T16:00:00.0,0.0,224.0,0.0,771.0,14492.0,0.0,0.0,0.0,0.0,0.0,0.0,0.0,0.0,0.0,357.0,0.0,0.0,0.0,0.0,11.0
2019-08-05T17:00:00.0,0.0,239.0,0.0,769.0,14910.0,0.0,0.0,0.0,0.0,0.0,0.0,0.0,0.0,0.0,364.0,0.0,0.0,0.0,0.0,13.0
2019-08-05T18:00:00.0,0.0,239.0,0.0,771.0,15300.0,0.0,0.0,0.0,0.0,0.0,0.0,0.0,0.0,0.0,369.0,0.0,0.0,0.0,0.0,13.0
2019-08-05T19:00:00.0,0.0,243.0,0.0,769.0,14937.0,0.0,0.0,0.0,0.0,0.0,0.0,0.0,0.0,0.0,368.0,0.0,0.0,0.0,0.0,14.0
2019-08-05T20:00:00.0,0.0,262.0,0.0,768.0,14845.0,0.0,0.0,0.0,0.0,0.0,0.0,0.0,0.0,0.0,368.0,0.0,0.0,0.0,0.0,15.0
2019-08-05T21:00:00.0,0.0,254.0,0.0,768.0,14563.0,0.0,0.0,0.0,0.0,0.0,0.0,0.0,0.0,0.0,368.0,0.0,0.0,0.0,0.0,12.0
2019-08-05T22:00:00.0,0.0,172.0,0.0,766.0,12798.0,0.0,0.0,0.0,0.0,0.0,0.0,0.0,0.0,0.0,369.0,0.0,0.0,0.0,0.0,7.0
2019-08-05T23:00:00.0,0.0,162.0,0.0,768.0,10711.0,0.0,0.0,0.0,0.0,0.0,0.0,0.0,0.0,0.0,370.0,0.0,0.0,0.0,0.0,7.0
2019-08-06T00:00:00.0,0.0,194.0,0.0,768.0,9710.0,0.0,0.0,0.0,0.0,0.0,0.0,0.0,0.0,0.0,372.0,0.0,0.0,0.0,0.0,11.0
2019-08-06T01:00:00.0,0.0,218.0,0.0,768.0,8856.0,0.0,0.0,0.0,0.0,0.0,0.0,0.0,0.0,0.0,366.0,0.0,0.0,0.0,0.0,9.0
2019-08-06T02:00:00.0,0.0,206.0,0.0,768.0,8816.0,0.0,0.0,0.0,0.0,0.0,0.0,0.0,0.0,0.0,363.0,0.0,0.0,0.0,0.0,8.0
2019-08-06T03:00:00.0,0.0,251.0,0.0,769.0,8800.0,0.0,0.0,0.0,0.0,0.0,0.0,0.0,0.0,0.0,355.0,0.0,0.0,0.0,0.0,11.0
2019-08-06T04:00:00.0,0.0,239.0,0.0,769.0,10256.0,0.0,0.0,0.0,0.0,0.0,0.0,0.0,0.0,0.0,354.0,0.0,0.0,0.0,0.0,10.0
2019-08-06T05:00:00.0,0.0,211.0,0.0,772.0,12489.0,0.0,0.0,0.0,0.0,0.0,0.0,0.0,0.0,0.0,357.0,0.0,0.0,0.0,0.0,9.0
2019-08-06T06:00:00.0,0.0,152.0,0.0,768.0,14829.0,0.0,0.0,0.0,0.0,0.0,0.0,0.0,0.0,0.0,363.0,0.0,0.0,0.0,0.0,6.0
2019-08-06T07:00:00.0,0.0,148.0,0.0,773.0,15582.0,0.0,0.0,0.0,0.0,0.0,0.0,0.0,0.0,0.0,364.0,0.0,0.0,0.0,0.0,6.0
2019-08-06T08:00:00.0,0.0,158.0,0.0,765.0,15441.0,0.0,0.0,0.0,0.0,0.0,0.0,0.0,0.0,0.0,357.0,0.0,0.0,0.0,0.0,6.0
2019-08-06T09:00:00.0,0.0,207.0,0.0,767.0,14910.0,0.0,0.0,0.0,0.0,0.0,0.0,0.0,0.0,0.0,360.0,0.0,0.0,0.0,0.0,9.0
2019-08-06T10:00:00.0,0.0,207.0,0.0,770.0,14708.0,0.0,0.0,0.0,0.0,0.0,0.0,0.0,0.0,0.0,357.0,0.0,0.0,0.0,0.0,10.0
2019-08-06T11:00:00.0,0.0,241.0,0.0,766.0,14161.0,0.0,0.0,0.0,0.0,0.0,0.0,0.0,0.0,0.0,360.0,0.0,0.0,0.0,0.0,14.0
2019-08-06T12:00:00.0,0.0,263.0,0.0,769.0,13852.0,0.0,0.0,0.0,0.0,0.0,0.0,0.0,0.0,0.0,360.0,0.0,0.0,0.0,0.0,17.0
2019-08-06T13:00:00.0,0.0,225.0,0.0,770.0,13645.0,0.0,0.0,0.0,0.0,0.0,0.0,0.0,0.0,0.0,358.0,0.0,0.0,0.0,0.0,17.0
2019-08-06T14:00:00.0,0.0,257.0,0.0,770.0,13870.0,0.0,0.0,0.0,0.0,0.0,0.0,0.0,0.0,0.0,360.0,0.0,0.0,0.0,0.0,19.0
2019-08-06T15:00:00.0,0.0,263.0,0.0,769.0,14288.0,0.0,0.0,0.0,0.0,0.0,0.0,0.0,0.0,0.0,353.0,0.0,0.0,0.0,0.0,21.0
2019-08-06T16:00:00.0,0.0,180.0,0.0,791.0,14765.0,0.0,0.0,0.0,0.0,0.0,0.0,0.0,0.0,0.0,359.0,0.0,0.0,0.0,0.0,18.0
2019-08-06T17:00:00.0,0.0,199.0,0.0,803.0,14739.0,0.0,0.0,0.0,0.0,0.0,0.0,0.0,0.0,0.0,356.0,0.0,0.0,0.0,0.0,18.0
2019-08-06T18:00:00.0,0.0,233.0,0.0,804.0,14650.0,0.0,0.0,0.0,0.0,0.0,0.0,0.0,0.0,0.0,362.0,0.0,0.0,0.0,0.0,22.0
2019-08-06T19:00:00.0,0.0,245.0,0.0,807.0,14567.0,0.0,0.0,0.0,0.0,0.0,0.0,0.0,0.0,0.0,359.0,0.0,0.0,0.0,0.0,21.0
2019-08-06T20:00:00.0,0.0,235.0,0.0,811.0,14572.0,0.0,0.0,0.0,0.0,0.0,0.0,0.0,0.0,0.0,358.0,0.0,0.0,0.0,0.0,19.0
2019-08-06T21:00:00.0,0.0,227.0,0.0,817.0,14133.0,0.0,0.0,0.0,0.0,0.0,0.0,0.0,0.0,0.0,361.0,0.0,0.0,0.0,0.0,17.0
2019-08-06T22:00:00.0,0.0,275.0,0.0,827.0,12801.0,0.0,0.0,0.0,0.0,0.0,0.0,0.0,0.0,0.0,361.0,0.0,0.0,0.0,0.0,19.0
2019-08-06T23:00:00.0,0.0,160.0,0.0,822.0,10745.0,0.0,0.0,0.0,0.0,0.0,0.0,0.0,0.0,0.0,359.0,0.0,0.0,0.0,0.0,9.0
2019-08-07T00:00:00.0,0.0,236.0,0.0,819.0,8930.0,0.0,0.0,0.0,0.0,0.0,0.0,0.0,0.0,0.0,356.0,0.0,0.0,0.0,0.0,16.0
2019-08-07T01:00:00.0,0.0,236.0,0.0,819.0,8547.0,0.0,0.0,0.0,0.0,0.0,0.0,0.0,0.0,0.0,362.0,0.0,0.0,0.0,0.0,14.0
2019-08-07T02:00:00.0,0.0,213.0,0.0,815.0,8803.0,0.0,0.0,0.0,0.0,0.0,0.0,0.0,0.0,0.0,362.0,0.0,0.0,0.0,0.0,12.0
2019-08-07T03:00:00.0,0.0,205.0,0.0,813.0,8610.0,0.0,0.0,0.0,0.0,0.0,0.0,0.0,0.0,0.0,361.0,0.0,0.0,0.0,0.0,10.0
2019-08-07T04:00:00.0,0.0,153.0,0.0,815.0,10140.0,0.0,0.0,0.0,0.0,0.0,0.0,0.0,0.0,0.0,364.0,0.0,0.0,0.0,0.0,6.0
2019-08-07T05:00:00.0,0.0,123.0,0.0,812.0,12513.0,0.0,0.0,0.0,0.0,0.0,0.0,0.0,0.0,0.0,362.0,0.0,0.0,0.0,0.0,4.0
2019-08-07T06:00:00.0,0.0,134.0,0.0,818.0,14229.0,0.0,0.0,0.0,0.0,0.0,0.0,0.0,0.0,0.0,363.0,0.0,0.0,0.0,0.0,3.0
2019-08-07T07:00:00.0,0.0,187.0,0.0,813.0,14738.0,0.0,0.0,0.0,0.0,0.0,0.0,0.0,0.0,0.0,367.0,0.0,0.0,0.0,0.0,3.0
2019-08-07T08:00:00.0,0.0,203.0,0.0,796.0,15048.0,0.0,0.0,0.0,0.0,0.0,0.0,0.0,0.0,0.0,366.0,0.0,0.0,0.0,0.0,4.0
2019-08-07T09:00:00.0,0.0,187.0,0.0,795.0,14827.0,0.0,0.0,0.0,0.0,0.0,0.0,0.0,0.0,0.0,366.0,0.0,0.0,0.0,0.0,4.0
2019-08-07T10:00:00.0,0.0,193.0,0.0,795.0,14558.0,0.0,0.0,0.0,0.0,0.0,0.0,0.0,0.0,0.0,367.0,0.0,0.0,0.0,0.0,4.0
2019-08-07T11:00:00.0,0.0,182.0,0.0,794.0,14622.0,0.0,0.0,0.0,0.0,0.0,0.0,0.0,0.0,0.0,366.0,0.0,0.0,0.0,0.0,5.0
2019-08-07T12:00:00.0,0.0,168.0,0.0,790.0,14310.0,0.0,0.0,0.0,0.0,0.0,0.0,0.0,0.0,0.0,361.0,0.0,0.0,0.0,0.0,7.0
2019-08-07T13:00:00.0,0.0,196.0,0.0,790.0,13782.0,0.0,0.0,0.0,0.0,0.0,0.0,0.0,0.0,0.0,366.0,0.0,0.0,0.0,0.0,12.0
2019-08-07T14:00:00.0,0.0,182.0,0.0,790.0,13663.0,0.0,0.0,0.0,0.0,0.0,0.0,0.0,0.0,0.0,364.0,0.0,0.0,0.0,0.0,8.0
2019-08-07T15:00:00.0,0.0,178.0,0.0,790.0,13524.0,0.0,0.0,0.0,0.0,0.0,0.0,0.0,0.0,0.0,362.0,0.0,0.0,0.0,0.0,9.0
2019-08-07T16:00:00.0,0.0,195.0,0.0,812.0,13800.0,0.0,0.0,0.0,0.0,0.0,0.0,0.0,0.0,0.0,354.0,0.0,0.0,0.0,0.0,10.0
2019-08-07T17:00:00.0,0.0,207.0,0.0,821.0,14271.0,0.0,0.0,0.0,0.0,0.0,0.0,0.0,0.0,0.0,364.0,0.0,0.0,0.0,0.0,11.0
2019-08-07T18:00:00.0,0.0,193.0,0.0,827.0,14404.0,0.0,0.0,0.0,0.0,0.0,0.0,0.0,0.0,0.0,362.0,0.0,0.0,0.0,0.0,13.0
2019-08-07T19:00:00.0,0.0,150.0,0.0,831.0,14301.0,0.0,0.0,0.0,0.0,0.0,0.0,0.0,0.0,0.0,361.0,0.0,0.0,0.0,0.0,9.0
2019-08-07T20:00:00.0,0.0,134.0,0.0,828.0,14397.0,0.0,0.0,0.0,0.0,0.0,0.0,0.0,0.0,0.0,364.0,0.0,0.0,0.0,0.0,11.0
2019-08-07T21:00:00.0,0.0,161.0,0.0,833.0,13302.0,0.0,0.0,0.0,0.0,0.0,0.0,0.0,0.0,0.0,359.0,0.0,0.0,0.0,0.0,14.0
2019-08-07T22:00:00.0,0.0,130.0,0.0,826.0,11246.0,0.0,0.0,0.0,0.0,0.0,0.0,0.0,0.0,0.0,363.0,0.0,0.0,0.0,0.0,8.0
2019-08-07T23:00:00.0,0.0,137.0,0.0,838.0,9672.0,0.0,0.0,0.0,0.0,0.0,0.0,0.0,0.0,0.0,364.0,0.0,0.0,0.0,0.0,12.0
2019-08-08T00:00:00.0,0.0,146.0,0.0,835.0,8850.0,0.0,0.0,0.0,0.0,0.0,0.0,0.0,0.0,0.0,359.0,0.0,0.0,0.0,0.0,11.0
2019-08-08T01:00:00.0,0.0,149.0,0.0,835.0,8794.0,0.0,0.0,0.0,0.0,0.0,0.0,0.0,0.0,0.0,364.0,0.0,0.0,0.0,0.0,11.0
2019-08-08T02:00:00.0,0.0,108.0,0.0,835.0,8788.0,0.0,0.0,0.0,0.0,0.0,0.0,0.0,0.0,0.0,362.0,0.0,0.0,0.0,0.0,8.0
2019-08-08T03:00:00.0,0.0,129.0,0.0,838.0,9178.0,0.0,0.0,0.0,0.0,0.0,0.0,0.0,0.0,0.0,364.0,0.0,0.0,0.0,0.0,8.0
2019-08-08T04:00:00.0,0.0,123.0,0.0,841.0,10210.0,0.0,0.0,0.0,0.0,0.0,0.0,0.0,0.0,0.0,362.0,0.0,0.0,0.0,0.0,7.0
2019-08-08T05:00:00.0,0.0,154.0,0.0,842.0,11936.0,0.0,0.0,0.0,0.0,0.0,0.0,0.0,0.0,0.0,358.0,0.0,0.0,0.0,0.0,8.0
2019-08-08T06:00:00.0,0.0,104.0,0.0,859.0,13817.0,0.0,0.0,0.0,0.0,0.0,0.0,0.0,0.0,0.0,355.0,0.0,0.0,0.0,0.0,5.0
2019-08-08T07:00:00.0,0.0,94.0,0.0,868.0,14471.0,0.0,0.0,0.0,0.0,0.0,0.0,0.0,0.0,0.0,356.0,0.0,0.0,0.0,0.0,4.0
2019-08-08T08:00:00.0,0.0,104.0,0.0,885.0,14404.0,0.0,0.0,0.0,0.0,0.0,0.0,0.0,0.0,0.0,349.0,0.0,0.0,0.0,0.0,4.0
2019-08-08T09:00:00.0,0.0,101.0,0.0,888.0,13788.0,0.0,0.0,0.0,0.0,0.0,0.0,0.0,0.0,0.0,354.0,0.0,0.0,0.0,0.0,4.0
2019-08-08T10:00:00.0,0.0,87.0,0.0,890.0,13963.0,0.0,0.0,0.0,0.0,0.0,0.0,0.0,0.0,0.0,354.0,0.0,0.0,0.0,0.0,5.0
2019-08-08T11:00:00.0,0.0,81.0,0.0,889.0,13746.0,0.0,0.0,0.0,0.0,0.0,0.0,0.0,0.0,0.0,355.0,0.0,0.0,0.0,0.0,6.0
2019-08-08T12:00:00.0,0.0,88.0,0.0,893.0,13398.0,0.0,0.0,0.0,0.0,0.0,0.0,0.0,0.0,0.0,354.0,0.0,0.0,0.0,0.0,8.0
2019-08-08T13:00:00.0,0.0,89.0,0.0,892.0,13384.0,0.0,0.0,0.0,0.0,0.0,0.0,0.0,0.0,0.0,356.0,0.0,0.0,0.0,0.0,9.0
2019-08-08T14:00:00.0,0.0,109.0,0.0,890.0,12871.0,0.0,0.0,0.0,0.0,0.0,0.0,0.0,0.0,0.0,356.0,0.0,0.0,0.0,0.0,9.0
2019-08-08T15:00:00.0,0.0,129.0,0.0,889.0,12374.0,0.0,0.0,0.0,0.0,0.0,0.0,0.0,0.0,0.0,356.0,0.0,0.0,0.0,0.0,10.0
2019-08-08T16:00:00.0,0.0,152.0,0.0,884.0,13045.0,0.0,0.0,0.0,0.0,0.0,0.0,0.0,0.0,0.0,355.0,0.0,0.0,0.0,0.0,9.0
2019-08-08T17:00:00.0,0.0,138.0,0.0,883.0,13720.0,0.0,0.0,0.0,0.0,0.0,0.0,0.0,0.0,0.0,355.0,0.0,0.0,0.0,0.0,7.0
2019-08-08T18:00:00.0,0.0,205.0,0.0,884.0,14703.0,0.0,0.0,0.0,0.0,0.0,0.0,0.0,0.0,0.0,360.0,0.0,0.0,0.0,0.0,7.0
2019-08-08T19:00:00.0,0.0,236.0,0.0,884.0,14618.0,0.0,0.0,0.0,0.0,0.0,0.0,0.0,0.0,0.0,360.0,0.0,0.0,0.0,0.0,7.0
2019-08-08T20:00:00.0,0.0,253.0,0.0,886.0,14440.0,0.0,0.0,0.0,0.0,0.0,0.0,0.0,0.0,0.0,360.0,0.0,0.0,0.0,0.0,7.0
2019-08-08T21:00:00.0,0.0,287.0,0.0,887.0,13998.0,0.0,0.0,0.0,0.0,0.0,0.0,0.0,0.0,0.0,359.0,0.0,0.0,0.0,0.0,7.0
2019-08-08T22:00:00.0,0.0,254.0,0.0,888.0,12789.0,0.0,0.0,0.0,0.0,0.0,0.0,0.0,0.0,0.0,360.0,0.0,0.0,0.0,0.0,8.0
2019-08-08T23:00:00.0,0.0,256.0,0.0,897.0,10747.0,0.0,0.0,0.0,0.0,0.0,0.0,0.0,0.0,0.0,360.0,0.0,0.0,0.0,0.0,6.0
2019-08-09T00:00:00.0,0.0,222.0,0.0,897.0,9608.0,0.0,0.0,0.0,0.0,0.0,0.0,0.0,0.0,0.0,360.0,0.0,0.0,0.0,0.0,5.0
2019-08-09T01:00:00.0,0.0,166.0,0.0,894.0,9055.0,0.0,0.0,0.0,0.0,0.0,0.0,0.0,0.0,0.0,360.0,0.0,0.0,0.0,0.0,5.0
2019-08-09T02:00:00.0,0.0,150.0,0.0,896.0,9277.0,0.0,0.0,0.0,0.0,0.0,0.0,0.0,0.0,0.0,361.0,0.0,0.0,0.0,0.0,5.0
2019-08-09T03:00:00.0,0.0,115.0,0.0,894.0,9056.0,0.0,0.0,0.0,0.0,0.0,0.0,0.0,0.0,0.0,361.0,0.0,0.0,0.0,0.0,3.0
2019-08-09T04:00:00.0,0.0,113.0,0.0,893.0,11415.0,0.0,0.0,0.0,0.0,0.0,0.0,0.0,0.0,0.0,360.0,0.0,0.0,0.0,0.0,4.0
2019-08-09T05:00:00.0,0.0,110.0,0.0,893.0,13255.0,0.0,0.0,0.0,0.0,0.0,0.0,0.0,0.0,0.0,360.0,0.0,0.0,0.0,0.0,4.0
2019-08-09T06:00:00.0,0.0,75.0,0.0,909.0,14997.0,0.0,0.0,0.0,0.0,0.0,0.0,0.0,0.0,0.0,360.0,0.0,0.0,0.0,0.0,3.0
2019-08-09T07:00:00.0,0.0,51.0,0.0,915.0,15568.0,0.0,0.0,0.0,0.0,0.0,0.0,0.0,0.0,0.0,361.0,0.0,0.0,0.0,0.0,3.0
2019-08-09T08:00:00.0,0.0,39.0,0.0,917.0,15362.0,0.0,0.0,0.0,0.0,0.0,0.0,0.0,0.0,0.0,360.0,0.0,0.0,0.0,0.0,3.0
2019-08-09T09:00:00.0,0.0,38.0,0.0,919.0,15251.0,0.0,0.0,0.0,0.0,0.0,0.0,0.0,0.0,0.0,355.0,0.0,0.0,0.0,0.0,3.0
2019-08-09T10:00:00.0,0.0,50.0,0.0,919.0,15444.0,0.0,0.0,0.0,0.0,0.0,0.0,0.0,0.0,0.0,355.0,0.0,0.0,0.0,0.0,3.0
2019-08-09T11:00:00.0,0.0,62.0,0.0,923.0,15075.0,0.0,0.0,0.0,0.0,0.0,0.0,0.0,0.0,0.0,355.0,0.0,0.0,0.0,0.0,2.0
2019-08-09T12:00:00.0,0.0,87.0,0.0,919.0,14882.0,0.0,0.0,0.0,0.0,0.0,0.0,0.0,0.0,0.0,355.0,0.0,0.0,0.0,0.0,2.0
2019-08-09T13:00:00.0,0.0,129.0,0.0,919.0,15032.0,0.0,0.0,0.0,0.0,0.0,0.0,0.0,0.0,0.0,355.0,0.0,0.0,0.0,0.0,3.0
2019-08-09T14:00:00.0,0.0,176.0,0.0,918.0,14730.0,0.0,0.0,0.0,0.0,0.0,0.0,0.0,0.0,0.0,365.0,0.0,0.0,0.0,0.0,4.0
2019-08-09T15:00:00.0,0.0,208.0,0.0,918.0,14064.0,0.0,0.0,0.0,0.0,0.0,0.0,0.0,0.0,0.0,361.0,0.0,0.0,0.0,0.0,4.0
2019-08-09T16:00:00.0,0.0,249.0,0.0,922.0,14575.0,0.0,0.0,0.0,0.0,0.0,0.0,0.0,0.0,0.0,358.0,0.0,0.0,0.0,0.0,5.0
2019-08-09T17:00:00.0,0.0,293.0,0.0,915.0,14447.0,0.0,0.0,0.0,0.0,0.0,0.0,0.0,0.0,0.0,360.0,0.0,0.0,0.0,0.0,7.0
2019-08-09T18:00:00.0,0.0,351.0,0.0,918.0,14484.0,0.0,0.0,0.0,0.0,0.0,0.0,0.0,0.0,0.0,365.0,0.0,0.0,0.0,0.0,7.0
2019-08-09T19:00:00.0,0.0,427.0,0.0,918.0,14227.0,0.0,0.0,0.0,0.0,0.0,0.0,0.0,0.0,0.0,367.0,0.0,0.0,0.0,0.0,10.0
2019-08-09T20:00:00.0,0.0,462.0,0.0,917.0,12601.0,0.0,0.0,0.0,0.0,0.0,0.0,0.0,0.0,0.0,363.0,0.0,0.0,0.0,0.0,10.0
2019-08-09T21:00:00.0,0.0,668.0,0.0,911.0,10636.0,0.0,0.0,0.0,0.0,0.0,0.0,0.0,0.0,0.0,368.0,0.0,0.0,0.0,0.0,24.0
2019-08-09T22:00:00.0,0.0,728.0,0.0,907.0,9332.0,0.0,0.0,0.0,0.0,0.0,0.0,0.0,0.0,0.0,365.0,0.0,0.0,0.0,0.0,22.0
2019-08-09T23:00:00.0,0.0,696.0,0.0,900.0,8029.0,0.0,0.0,0.0,0.0,0.0,0.0,0.0,0.0,0.0,367.0,0.0,0.0,0.0,0.0,15.0
2019-08-10T00:00:00.0,0.0,718.0,0.0,901.0,7738.0,0.0,0.0,0.0,0.0,0.0,0.0,0.0,0.0,0.0,364.0,0.0,0.0,0.0,0.0,11.0
2019-08-10T01:00:00.0,0.0,843.0,0.0,901.0,7021.0,0.0,0.0,0.0,0.0,0.0,0.0,0.0,0.0,0.0,369.0,0.0,0.0,0.0,0.0,18.0
2019-08-10T02:00:00.0,0.0,834.0,0.0,902.0,6642.0,0.0,0.0,0.0,0.0,0.0,0.0,0.0,0.0,0.0,368.0,0.0,0.0,0.0,0.0,16.0
2019-08-10T03:00:00.0,0.0,868.0,0.0,903.0,6295.0,0.0,0.0,0.0,0.0,0.0,0.0,0.0,0.0,0.0,367.0,0.0,0.0,0.0,0.0,20.0
2019-08-10T04:00:00.0,0.0,1039.0,0.0,908.0,6353.0,0.0,0.0,0.0,0.0,0.0,0.0,0.0,0.0,0.0,369.0,0.0,0.0,0.0,0.0,28.0
2019-08-10T05:00:00.0,0.0,1033.0,0.0,910.0,7002.0,0.0,0.0,0.0,0.0,0.0,0.0,0.0,0.0,0.0,372.0,0.0,0.0,0.0,0.0,29.0
2019-08-10T06:00:00.0,0.0,889.0,0.0,908.0,7918.0,0.0,0.0,0.0,0.0,0.0,0.0,0.0,0.0,0.0,361.0,0.0,0.0,0.0,0.0,28.0
2019-08-10T07:00:00.0,0.0,937.0,0.0,908.0,9349.0,0.0,0.0,0.0,0.0,0.0,0.0,0.0,0.0,0.0,356.0,0.0,0.0,0.0,0.0,30.0
2019-08-10T08:00:00.0,0.0,893.0,0.0,908.0,10433.0,0.0,0.0,0.0,0.0,0.0,0.0,0.0,0.0,0.0,356.0,0.0,0.0,0.0,0.0,28.0
2019-08-10T09:00:00.0,0.0,999.0,0.0,909.0,10754.0,0.0,0.0,0.0,0.0,0.0,0.0,0.0,0.0,0.0,367.0,0.0,0.0,0.0,0.0,30.0
2019-08-10T10:00:00.0,0.0,998.0,0.0,911.0,10359.0,0.0,0.0,0.0,0.0,0.0,0.0,0.0,0.0,0.0,366.0,0.0,0.0,0.0,0.0,30.0
2019-08-10T11:00:00.0,0.0,1011.0,0.0,914.0,9794.0,0.0,0.0,0.0,0.0,0.0,0.0,0.0,0.0,0.0,366.0,0.0,0.0,0.0,0.0,30.0
2019-08-10T12:00:00.0,0.0,1013.0,0.0,921.0,9393.0,0.0,0.0,0.0,0.0,0.0,0.0,0.0,0.0,0.0,365.0,0.0,0.0,0.0,0.0,31.0
2019-08-10T13:00:00.0,0.0,986.0,0.0,926.0,9038.0,0.0,0.0,0.0,0.0,0.0,0.0,0.0,0.0,0.0,363.0,0.0,0.0,0.0,0.0,31.0
2019-08-10T14:00:00.0,0.0,947.0,0.0,933.0,8912.0,0.0,0.0,0.0,0.0,0.0,0.0,0.0,0.0,0.0,365.0,0.0,0.0,0.0,0.0,32.0
2019-08-10T15:00:00.0,0.0,900.0,0.0,939.0,9512.0,0.0,0.0,0.0,0.0,0.0,0.0,0.0,0.0,0.0,364.0,0.0,0.0,0.0,0.0,33.0
2019-08-10T16:00:00.0,0.0,867.0,0.0,939.0,9905.0,0.0,0.0,0.0,0.0,0.0,0.0,0.0,0.0,0.0,366.0,0.0,0.0,0.0,0.0,33.0
2019-08-10T17:00:00.0,0.0,793.0,0.0,942.0,9086.0,0.0,0.0,0.0,0.0,0.0,0.0,0.0,0.0,0.0,364.0,0.0,0.0,0.0,0.0,32.0
2019-08-10T18:00:00.0,0.0,766.0,0.0,947.0,9272.0,0.0,0.0,0.0,0.0,0.0,0.0,0.0,0.0,0.0,372.0,0.0,0.0,0.0,0.0,33.0
2019-08-10T19:00:00.0,0.0,801.0,0.0,951.0,9085.0,0.0,0.0,0.0,0.0,0.0,0.0,0.0,0.0,0.0,370.0,0.0,0.0,0.0,0.0,32.0
2019-08-10T20:00:00.0,0.0,776.0,0.0,950.0,8044.0,0.0,0.0,0.0,0.0,0.0,0.0,0.0,0.0,0.0,372.0,0.0,0.0,0.0,0.0,32.0
2019-08-10T21:00:00.0,0.0,817.0,0.0,955.0,7599.0,0.0,0.0,0.0,0.0,0.0,0.0,0.0,0.0,0.0,366.0,0.0,0.0,0.0,0.0,32.0
2019-08-10T22:00:00.0,0.0,797.0,0.0,953.0,7073.0,0.0,0.0,0.0,0.0,0.0,0.0,0.0,0.0,0.0,372.0,0.0,0.0,0.0,0.0,32.0
2019-08-10T23:00:00.0,0.0,761.0,0.0,962.0,5541.0,0.0,0.0,0.0,0.0,0.0,0.0,0.0,0.0,0.0,349.0,0.0,0.0,0.0,0.0,31.0
2019-08-11T00:00:00.0,0.0,667.0,0.0,971.0,4829.0,0.0,0.0,0.0,0.0,0.0,0.0,0.0,0.0,0.0,347.0,0.0,0.0,0.0,0.0,29.0
2019-08-11T01:00:00.0,0.0,681.0,0.0,974.0,4561.0,0.0,0.0,0.0,0.0,0.0,0.0,0.0,0.0,0.0,348.0,0.0,0.0,0.0,0.0,29.0
2019-08-11T02:00:00.0,0.0,697.0,0.0,976.0,4364.0,0.0,0.0,0.0,0.0,0.0,0.0,0.0,0.0,0.0,347.0,0.0,0.0,0.0,0.0,29.0
2019-08-11T03:00:00.0,0.0,673.0,0.0,973.0,4506.0,0.0,0.0,0.0,0.0,0.0,0.0,0.0,0.0,0.0,347.0,0.0,0.0,0.0,0.0,29.0
2019-08-11T04:00:00.0,0.0,614.0,0.0,975.0,4476.0,0.0,0.0,0.0,0.0,0.0,0.0,0.0,0.0,0.0,347.0,0.0,0.0,0.0,0.0,28.0
2019-08-11T05:00:00.0,0.0,578.0,0.0,974.0,4679.0,0.0,0.0,0.0,0.0,0.0,0.0,0.0,0.0,0.0,348.0,0.0,0.0,0.0,0.0,28.0
2019-08-11T06:00:00.0,0.0,558.0,0.0,975.0,5145.0,0.0,0.0,0.0,0.0,0.0,0.0,0.0,0.0,0.0,348.0,0.0,0.0,0.0,0.0,28.0
2019-08-11T07:00:00.0,0.0,592.0,0.0,974.0,6064.0,0.0,0.0,0.0,0.0,0.0,0.0,0.0,0.0,0.0,342.0,0.0,0.0,0.0,0.0,28.0
2019-08-11T08:00:00.0,0.0,532.0,0.0,968.0,7184.0,0.0,0.0,0.0,0.0,0.0,0.0,0.0,0.0,0.0,343.0,0.0,0.0,0.0,0.0,17.0
2019-08-11T09:00:00.0,0.0,528.0,0.0,974.0,7834.0,0.0,0.0,0.0,0.0,0.0,0.0,0.0,0.0,0.0,342.0,0.0,0.0,0.0,0.0,11.0
2019-08-11T10:00:00.0,0.0,505.0,0.0,977.0,7954.0,0.0,0.0,0.0,0.0,0.0,0.0,0.0,0.0,0.0,341.0,0.0,0.0,0.0,0.0,7.0
2019-08-11T11:00:00.0,0.0,487.0,0.0,978.0,7416.0,0.0,0.0,0.0,0.0,0.0,0.0,0.0,0.0,0.0,340.0,0.0,0.0,0.0,0.0,7.0
2019-08-11T12:00:00.0,0.0,435.0,0.0,982.0,7349.0,0.0,0.0,0.0,0.0,0.0,0.0,0.0,0.0,0.0,337.0,0.0,0.0,0.0,0.0,7.0
2019-08-11T13:00:00.0,0.0,476.0,0.0,984.0,7350.0,0.0,0.0,0.0,0.0,0.0,0.0,0.0,0.0,0.0,336.0,0.0,0.0,0.0,0.0,8.0
2019-08-11T14:00:00.0,0.0,370.0,0.0,987.0,7387.0,0.0,0.0,0.0,0.0,0.0,0.0,0.0,0.0,0.0,335.0,0.0,0.0,0.0,0.0,6.0
2019-08-11T15:00:00.0,0.0,372.0,0.0,989.0,7540.0,0.0,0.0,0.0,0.0,0.0,0.0,0.0,0.0,0.0,333.0,0.0,0.0,0.0,0.0,7.0
2019-08-11T16:00:00.0,0.0,268.0,0.0,992.0,8425.0,0.0,0.0,0.0,0.0,0.0,0.0,0.0,0.0,0.0,332.0,0.0,0.0,0.0,0.0,4.0
2019-08-11T17:00:00.0,0.0,314.0,0.0,994.0,10158.0,0.0,0.0,0.0,0.0,0.0,0.0,0.0,0.0,0.0,331.0,0.0,0.0,0.0,0.0,5.0
2019-08-11T18:00:00.0,0.0,309.0,0.0,995.0,11439.0,0.0,0.0,0.0,0.0,0.0,0.0,0.0,0.0,0.0,344.0,0.0,0.0,0.0,0.0,5.0
2019-08-11T19:00:00.0,0.0,261.0,0.0,998.0,12088.0,0.0,0.0,0.0,0.0,0.0,0.0,0.0,0.0,0.0,347.0,0.0,0.0,0.0,0.0,6.0
2019-08-11T20:00:00.0,0.0,289.0,0.0,990.0,12366.0,0.0,0.0,0.0,0.0,0.0,0.0,0.0,0.0,0.0,310.0,0.0,0.0,0.0,0.0,10.0
2019-08-11T21:00:00.0,0.0,205.0,0.0,988.0,11843.0,0.0,0.0,0.0,0.0,0.0,0.0,0.0,0.0,0.0,311.0,0.0,0.0,0.0,0.0,6.0
2019-08-11T22:00:00.0,0.0,198.0,0.0,990.0,10365.0,0.0,0.0,0.0,0.0,0.0,0.0,0.0,0.0,0.0,309.0,0.0,0.0,0.0,0.0,7.0
2019-08-11T23:00:00.0,0.0,180.0,0.0,1027.0,7519.0,0.0,0.0,0.0,0.0,0.0,0.0,0.0,0.0,0.0,321.0,0.0,0.0,0.0,0.0,9.0
2019-08-12T00:00:00.0,0.0,180.0,0.0,1025.0,6088.0,0.0,0.0,0.0,0.0,0.0,0.0,0.0,0.0,0.0,320.0,0.0,0.0,0.0,0.0,10.0
2019-08-12T01:00:00.0,0.0,210.0,0.0,1024.0,5650.0,0.0,0.0,0.0,0.0,0.0,0.0,0.0,0.0,0.0,321.0,0.0,0.0,0.0,0.0,12.0
2019-08-12T02:00:00.0,0.0,221.0,0.0,1023.0,5616.0,0.0,0.0,0.0,0.0,0.0,0.0,0.0,0.0,0.0,321.0,0.0,0.0,0.0,0.0,13.0
2019-08-12T03:00:00.0,0.0,243.0,0.0,1021.0,5851.0,0.0,0.0,0.0,0.0,0.0,0.0,0.0,0.0,0.0,321.0,0.0,0.0,0.0,0.0,16.0
2019-08-12T04:00:00.0,0.0,248.0,0.0,1021.0,7113.0,0.0,0.0,0.0,0.0,0.0,0.0,0.0,0.0,0.0,358.0,0.0,0.0,0.0,0.0,16.0
2019-08-12T05:00:00.0,0.0,186.0,0.0,1024.0,10811.0,0.0,0.0,0.0,0.0,0.0,0.0,0.0,0.0,0.0,358.0,0.0,0.0,0.0,0.0,12.0
2019-08-12T06:00:00.0,0.0,167.0,0.0,1051.0,12683.0,0.0,0.0,0.0,0.0,0.0,0.0,0.0,0.0,0.0,358.0,0.0,0.0,0.0,0.0,11.0
2019-08-12T07:00:00.0,0.0,157.0,0.0,1060.0,13342.0,0.0,0.0,0.0,0.0,0.0,0.0,0.0,0.0,0.0,358.0,0.0,0.0,0.0,0.0,11.0
2019-08-12T08:00:00.0,0.0,185.0,0.0,1061.0,12851.0,0.0,0.0,0.0,0.0,0.0,0.0,0.0,0.0,0.0,358.0,0.0,0.0,0.0,0.0,13.0
2019-08-12T09:00:00.0,0.0,249.0,0.0,1068.0,12361.0,0.0,0.0,0.0,0.0,0.0,0.0,0.0,0.0,0.0,323.0,0.0,0.0,0.0,0.0,12.0
2019-08-12T10:00:00.0,0.0,249.0,0.0,1069.0,12281.0,0.0,0.0,0.0,0.0,0.0,0.0,0.0,0.0,0.0,324.0,0.0,0.0,0.0,0.0,11.0
2019-08-12T11:00:00.0,0.0,326.0,0.0,1080.0,11755.0,0.0,0.0,0.0,0.0,0.0,0.0,0.0,0.0,0.0,324.0,0.0,0.0,0.0,0.0,11.0
2019-08-12T12:00:00.0,0.0,399.0,0.0,1090.0,11933.0,0.0,0.0,0.0,0.0,0.0,0.0,0.0,0.0,0.0,324.0,0.0,0.0,0.0,0.0,12.0
2019-08-12T13:00:00.0,0.0,522.0,0.0,1083.0,12532.0,0.0,0.0,0.0,0.0,0.0,0.0,0.0,0.0,0.0,324.0,0.0,0.0,0.0,0.0,16.0
2019-08-12T14:00:00.0,0.0,600.0,0.0,1086.0,11791.0,0.0,0.0,0.0,0.0,0.0,0.0,0.0,0.0,0.0,323.0,0.0,0.0,0.0,0.0,14.0
2019-08-12T15:00:00.0,0.0,625.0,0.0,1093.0,12826.0,0.0,0.0,0.0,0.0,0.0,0.0,0.0,0.0,0.0,319.0,0.0,0.0,0.0,0.0,14.0
2019-08-12T16:00:00.0,0.0,498.0,0.0,1090.0,13389.0,0.0,0.0,0.0,0.0,0.0,0.0,0.0,0.0,0.0,322.0,0.0,0.0,0.0,0.0,13.0
2019-08-12T17:00:00.0,0.0,537.0,0.0,1085.0,13006.0,0.0,0.0,0.0,0.0,0.0,0.0,0.0,0.0,0.0,321.0,0.0,0.0,0.0,0.0,17.0
2019-08-12T18:00:00.0,0.0,538.0,0.0,1087.0,13030.0,0.0,0.0,0.0,0.0,0.0,0.0,0.0,0.0,0.0,321.0,0.0,0.0,0.0,0.0,18.0
2019-08-12T19:00:00.0,0.0,546.0,0.0,1091.0,13342.0,0.0,0.0,0.0,0.0,0.0,0.0,0.0,0.0,0.0,321.0,0.0,0.0,0.0,0.0,20.0
2019-08-12T20:00:00.0,0.0,560.0,0.0,1095.0,13294.0,0.0,0.0,0.0,0.0,0.0,0.0,0.0,0.0,0.0,321.0,0.0,0.0,0.0,0.0,23.0
2019-08-12T21:00:00.0,0.0,504.0,0.0,1096.0,12255.0,0.0,0.0,0.0,0.0,0.0,0.0,0.0,0.0,0.0,321.0,0.0,0.0,0.0,0.0,24.0
2019-08-12T22:00:00.0,0.0,575.0,0.0,1098.0,11361.0,0.0,0.0,0.0,0.0,0.0,0.0,0.0,0.0,0.0,320.0,0.0,0.0,0.0,0.0,30.0
2019-08-12T23:00:00.0,0.0,399.0,0.0,1150.0,10096.0,0.0,0.0,0.0,0.0,0.0,0.0,0.0,0.0,0.0,320.0,0.0,0.0,0.0,0.0,18.0
2019-08-13T00:00:00.0,0.0,408.0,0.0,1150.0,9287.0,0.0,0.0,0.0,0.0,0.0,0.0,0.0,0.0,0.0,323.0,0.0,0.0,0.0,0.0,18.0
2019-08-13T01:00:00.0,0.0,447.0,0.0,1144.0,8477.0,0.0,0.0,0.0,0.0,0.0,0.0,0.0,0.0,0.0,321.0,0.0,0.0,0.0,0.0,23.0
2019-08-13T02:00:00.0,0.0,398.0,0.0,1143.0,8420.0,0.0,0.0,0.0,0.0,0.0,0.0,0.0,0.0,0.0,322.0,0.0,0.0,0.0,0.0,19.0
2019-08-13T03:00:00.0,0.0,450.0,0.0,1145.0,8803.0,0.0,0.0,0.0,0.0,0.0,0.0,0.0,0.0,0.0,322.0,0.0,0.0,0.0,0.0,19.0
2019-08-13T04:00:00.0,0.0,456.0,0.0,1143.0,10038.0,0.0,0.0,0.0,0.0,0.0,0.0,0.0,0.0,0.0,326.0,0.0,0.0,0.0,0.0,20.0
2019-08-13T05:00:00.0,0.0,507.0,0.0,1140.0,11922.0,0.0,0.0,0.0,0.0,0.0,0.0,0.0,0.0,0.0,326.0,0.0,0.0,0.0,0.0,25.0
2019-08-13T06:00:00.0,0.0,473.0,0.0,1151.0,12969.0,0.0,0.0,0.0,0.0,0.0,0.0,0.0,0.0,0.0,327.0,0.0,0.0,0.0,0.0,25.0
2019-08-13T07:00:00.0,0.0,490.0,0.0,1138.0,13647.0,0.0,0.0,0.0,0.0,0.0,0.0,0.0,0.0,0.0,325.0,0.0,0.0,0.0,0.0,26.0
2019-08-13T08:00:00.0,0.0,396.0,0.0,1135.0,13858.0,0.0,0.0,0.0,0.0,0.0,0.0,0.0,0.0,0.0,328.0,0.0,0.0,0.0,0.0,16.0
2019-08-13T09:00:00.0,0.0,416.0,0.0,1159.0,13105.0,0.0,0.0,0.0,0.0,0.0,0.0,0.0,0.0,0.0,327.0,0.0,0.0,0.0,0.0,18.0
2019-08-13T10:00:00.0,0.0,498.0,0.0,1162.0,12653.0,0.0,0.0,0.0,0.0,0.0,0.0,0.0,0.0,0.0,322.0,0.0,0.0,0.0,0.0,28.0
2019-08-13T11:00:00.0,0.0,532.0,0.0,1177.0,12154.0,0.0,0.0,0.0,0.0,0.0,0.0,0.0,0.0,0.0,327.0,0.0,0.0,0.0,0.0,23.0
2019-08-13T12:00:00.0,0.0,574.0,0.0,1180.0,12002.0,0.0,0.0,0.0,0.0,0.0,0.0,0.0,0.0,0.0,332.0,0.0,0.0,0.0,0.0,19.0
2019-08-13T13:00:00.0,0.0,506.0,0.0,1183.0,11894.0,0.0,0.0,0.0,0.0,0.0,0.0,0.0,0.0,0.0,330.0,0.0,0.0,0.0,0.0,18.0
2019-08-13T14:00:00.0,0.0,550.0,0.0,1184.0,11819.0,0.0,0.0,0.0,0.0,0.0,0.0,0.0,0.0,0.0,332.0,0.0,0.0,0.0,0.0,27.0
2019-08-13T15:00:00.0,0.0,615.0,0.0,1182.0,12021.0,0.0,0.0,0.0,0.0,0.0,0.0,0.0,0.0,0.0,332.0,0.0,0.0,0.0,0.0,28.0
2019-08-13T16:00:00.0,0.0,614.0,0.0,1180.0,12583.0,0.0,0.0,0.0,0.0,0.0,0.0,0.0,0.0,0.0,332.0,0.0,0.0,0.0,0.0,28.0
2019-08-13T17:00:00.0,0.0,600.0,0.0,1170.0,13094.0,0.0,0.0,0.0,0.0,0.0,0.0,0.0,0.0,0.0,331.0,0.0,0.0,0.0,0.0,30.0
2019-08-13T18:00:00.0,0.0,851.0,0.0,1169.0,13184.0,0.0,0.0,0.0,0.0,0.0,0.0,0.0,0.0,0.0,335.0,0.0,0.0,0.0,0.0,35.0
2019-08-13T19:00:00.0,0.0,713.0,0.0,1164.0,13347.0,0.0,0.0,0.0,0.0,0.0,0.0,0.0,0.0,0.0,332.0,0.0,0.0,0.0,0.0,34.0
2019-08-13T20:00:00.0,0.0,691.0,0.0,1154.0,13239.0,0.0,0.0,0.0,0.0,0.0,0.0,0.0,0.0,0.0,333.0,0.0,0.0,0.0,0.0,34.0
2019-08-13T21:00:00.0,0.0,652.0,0.0,1150.0,12295.0,0.0,0.0,0.0,0.0,0.0,0.0,0.0,0.0,0.0,333.0,0.0,0.0,0.0,0.0,34.0
2019-08-13T22:00:00.0,0.0,579.0,0.0,1150.0,10900.0,0.0,0.0,0.0,0.0,0.0,0.0,0.0,0.0,0.0,332.0,0.0,0.0,0.0,0.0,32.0
2019-08-13T23:00:00.0,0.0,534.0,0.0,1221.0,8816.0,0.0,0.0,0.0,0.0,0.0,0.0,0.0,0.0,0.0,332.0,0.0,0.0,0.0,0.0,34.0
2019-08-14T00:00:00.0,0.0,490.0,0.0,1220.0,7192.0,0.0,0.0,0.0,0.0,0.0,0.0,0.0,0.0,0.0,335.0,0.0,0.0,0.0,0.0,33.0
2019-08-14T01:00:00.0,0.0,452.0,0.0,1217.0,6689.0,0.0,0.0,0.0,0.0,0.0,0.0,0.0,0.0,0.0,332.0,0.0,0.0,0.0,0.0,33.0
2019-08-14T02:00:00.0,0.0,418.0,0.0,1215.0,6621.0,0.0,0.0,0.0,0.0,0.0,0.0,0.0,0.0,0.0,331.0,0.0,0.0,0.0,0.0,33.0
2019-08-14T03:00:00.0,0.0,386.0,0.0,1211.0,7228.0,0.0,0.0,0.0,0.0,0.0,0.0,0.0,0.0,0.0,332.0,0.0,0.0,0.0,0.0,33.0
2019-08-14T04:00:00.0,0.0,532.0,0.0,1212.0,8893.0,0.0,0.0,0.0,0.0,0.0,0.0,0.0,0.0,0.0,330.0,0.0,0.0,0.0,0.0,36.0
2019-08-14T05:00:00.0,0.0,336.0,0.0,1209.0,12024.0,0.0,0.0,0.0,0.0,0.0,0.0,0.0,0.0,0.0,332.0,0.0,0.0,0.0,0.0,32.0
2019-08-14T06:00:00.0,0.0,398.0,0.0,1246.0,13370.0,0.0,0.0,0.0,0.0,0.0,0.0,0.0,0.0,0.0,333.0,0.0,0.0,0.0,0.0,32.0
2019-08-14T07:00:00.0,0.0,392.0,0.0,1272.0,13884.0,0.0,0.0,0.0,0.0,0.0,0.0,0.0,0.0,0.0,332.0,0.0,0.0,0.0,0.0,31.0
2019-08-14T08:00:00.0,0.0,406.0,0.0,1274.0,13159.0,0.0,0.0,0.0,0.0,0.0,0.0,0.0,0.0,0.0,335.0,0.0,0.0,0.0,0.0,29.0
2019-08-14T09:00:00.0,0.0,382.0,0.0,1282.0,12617.0,0.0,0.0,0.0,0.0,0.0,0.0,0.0,0.0,0.0,329.0,0.0,0.0,0.0,0.0,28.0
2019-08-14T10:00:00.0,0.0,312.0,0.0,1289.0,12154.0,0.0,0.0,0.0,0.0,0.0,0.0,0.0,0.0,0.0,333.0,0.0,0.0,0.0,0.0,25.0
2019-08-14T11:00:00.0,0.0,308.0,0.0,1281.0,12013.0,0.0,0.0,0.0,0.0,0.0,0.0,0.0,0.0,0.0,335.0,0.0,0.0,0.0,0.0,25.0
2019-08-14T12:00:00.0,0.0,306.0,0.0,1278.0,11744.0,0.0,0.0,0.0,0.0,0.0,0.0,0.0,0.0,0.0,334.0,0.0,0.0,0.0,0.0,24.0
2019-08-14T13:00:00.0,0.0,301.0,0.0,1276.0,11637.0,0.0,0.0,0.0,0.0,0.0,0.0,0.0,0.0,0.0,334.0,0.0,0.0,0.0,0.0,22.0
2019-08-14T14:00:00.0,0.0,387.0,0.0,1275.0,11515.0,0.0,0.0,0.0,0.0,0.0,0.0,0.0,0.0,0.0,333.0,0.0,0.0,0.0,0.0,23.0
2019-08-14T15:00:00.0,0.0,385.0,0.0,1293.0,11585.0,0.0,0.0,0.0,0.0,0.0,0.0,0.0,0.0,0.0,335.0,0.0,0.0,0.0,0.0,21.0
2019-08-14T16:00:00.0,0.0,288.0,0.0,1297.0,13068.0,0.0,0.0,0.0,0.0,0.0,0.0,0.0,0.0,0.0,332.0,0.0,0.0,0.0,0.0,16.0
2019-08-14T17:00:00.0,0.0,283.0,0.0,1301.0,13637.0,0.0,0.0,0.0,0.0,0.0,0.0,0.0,0.0,0.0,336.0,0.0,0.0,0.0,0.0,16.0
2019-08-14T18:00:00.0,0.0,250.0,0.0,1299.0,13569.0,0.0,0.0,0.0,0.0,0.0,0.0,0.0,0.0,0.0,332.0,0.0,0.0,0.0,0.0,15.0
2019-08-14T19:00:00.0,0.0,221.0,0.0,1291.0,13527.0,0.0,0.0,0.0,0.0,0.0,0.0,0.0,0.0,0.0,332.0,0.0,0.0,0.0,0.0,11.0
2019-08-14T20:00:00.0,0.0,157.0,0.0,1288.0,13436.0,0.0,0.0,0.0,0.0,0.0,0.0,0.0,0.0,0.0,334.0,0.0,0.0,0.0,0.0,9.0
2019-08-14T21:00:00.0,0.0,112.0,0.0,1289.0,12604.0,0.0,0.0,0.0,0.0,0.0,0.0,0.0,0.0,0.0,333.0,0.0,0.0,0.0,0.0,9.0
2019-08-14T22:00:00.0,0.0,97.0,0.0,1291.0,11141.0,0.0,0.0,0.0,0.0,0.0,0.0,0.0,0.0,0.0,334.0,0.0,0.0,0.0,0.0,10.0
2019-08-14T23:00:00.0,0.0,103.0,0.0,1288.0,8893.0,0.0,0.0,0.0,0.0,0.0,0.0,0.0,0.0,0.0,335.0,0.0,0.0,0.0,0.0,12.0
2019-08-15T00:00:00.0,0.0,98.0,0.0,1291.0,7492.0,0.0,0.0,0.0,0.0,0.0,0.0,0.0,0.0,0.0,335.0,0.0,0.0,0.0,0.0,11.0
2019-08-15T01:00:00.0,0.0,115.0,0.0,1291.0,7174.0,0.0,0.0,0.0,0.0,0.0,0.0,0.0,0.0,0.0,337.0,0.0,0.0,0.0,0.0,11.0
2019-08-15T02:00:00.0,0.0,153.0,0.0,1295.0,7043.0,0.0,0.0,0.0,0.0,0.0,0.0,0.0,0.0,0.0,335.0,0.0,0.0,0.0,0.0,13.0
2019-08-15T03:00:00.0,0.0,191.0,0.0,1294.0,7172.0,0.0,0.0,0.0,0.0,0.0,0.0,0.0,0.0,0.0,336.0,0.0,0.0,0.0,0.0,12.0
2019-08-15T04:00:00.0,0.0,205.0,0.0,1294.0,8082.0,0.0,0.0,0.0,0.0,0.0,0.0,0.0,0.0,0.0,334.0,0.0,0.0,0.0,0.0,10.0
2019-08-15T05:00:00.0,0.0,279.0,0.0,1292.0,9760.0,0.0,0.0,0.0,0.0,0.0,0.0,0.0,0.0,0.0,336.0,0.0,0.0,0.0,0.0,10.0
2019-08-15T06:00:00.0,0.0,275.0,0.0,1308.0,11467.0,0.0,0.0,0.0,0.0,0.0,0.0,0.0,0.0,0.0,337.0,0.0,0.0,0.0,0.0,10.0
2019-08-15T07:00:00.0,0.0,329.0,0.0,1332.0,12041.0,0.0,0.0,0.0,0.0,0.0,0.0,0.0,0.0,0.0,336.0,0.0,0.0,0.0,0.0,10.0
2019-08-15T08:00:00.0,0.0,351.0,0.0,1333.0,12106.0,0.0,0.0,0.0,0.0,0.0,0.0,0.0,0.0,0.0,330.0,0.0,0.0,0.0,0.0,9.0
2019-08-15T09:00:00.0,0.0,415.0,0.0,1335.0,12008.0,0.0,0.0,0.0,0.0,0.0,0.0,0.0,0.0,0.0,336.0,0.0,0.0,0.0,0.0,9.0
2019-08-15T10:00:00.0,0.0,430.0,0.0,1335.0,11869.0,0.0,0.0,0.0,0.0,0.0,0.0,0.0,0.0,0.0,335.0,0.0,0.0,0.0,0.0,8.0
2019-08-15T11:00:00.0,0.0,440.0,0.0,1340.0,11219.0,0.0,0.0,0.0,0.0,0.0,0.0,0.0,0.0,0.0,330.0,0.0,0.0,0.0,0.0,7.0
2019-08-15T12:00:00.0,0.0,464.0,0.0,1340.0,10729.0,0.0,0.0,0.0,0.0,0.0,0.0,0.0,0.0,0.0,328.0,0.0,0.0,0.0,0.0,7.0
2019-08-15T13:00:00.0,0.0,460.0,0.0,1332.0,10641.0,0.0,0.0,0.0,0.0,0.0,0.0,0.0,0.0,0.0,327.0,0.0,0.0,0.0,0.0,4.0
2019-08-15T14:00:00.0,0.0,498.0,0.0,1324.0,10806.0,0.0,0.0,0.0,0.0,0.0,0.0,0.0,0.0,0.0,334.0,0.0,0.0,0.0,0.0,5.0
2019-08-15T15:00:00.0,0.0,496.0,0.0,1322.0,11012.0,0.0,0.0,0.0,0.0,0.0,0.0,0.0,0.0,0.0,327.0,0.0,0.0,0.0,0.0,8.0
2019-08-15T16:00:00.0,0.0,449.0,0.0,1321.0,12008.0,0.0,0.0,0.0,0.0,0.0,0.0,0.0,0.0,0.0,336.0,0.0,0.0,0.0,0.0,8.0
2019-08-15T17:00:00.0,0.0,421.0,0.0,1325.0,12284.0,0.0,0.0,0.0,0.0,0.0,0.0,0.0,0.0,0.0,335.0,0.0,0.0,0.0,0.0,13.0
2019-08-15T18:00:00.0,0.0,357.0,0.0,1324.0,13357.0,0.0,0.0,0.0,0.0,0.0,0.0,0.0,0.0,0.0,336.0,0.0,0.0,0.0,0.0,14.0
2019-08-15T19:00:00.0,0.0,413.0,0.0,1324.0,13505.0,0.0,0.0,0.0,0.0,0.0,0.0,0.0,0.0,0.0,338.0,0.0,0.0,0.0,0.0,22.0
2019-08-15T20:00:00.0,0.0,521.0,0.0,1327.0,13052.0,0.0,0.0,0.0,0.0,0.0,0.0,0.0,0.0,0.0,336.0,0.0,0.0,0.0,0.0,24.0
2019-08-15T21:00:00.0,0.0,432.0,0.0,1325.0,11651.0,0.0,0.0,0.0,0.0,0.0,0.0,0.0,0.0,0.0,338.0,0.0,0.0,0.0,0.0,22.0
2019-08-15T22:00:00.0,0.0,542.0,0.0,1325.0,9910.0,0.0,0.0,0.0,0.0,0.0,0.0,0.0,0.0,0.0,337.0,0.0,0.0,0.0,0.0,25.0
2019-08-15T23:00:00.0,0.0,536.0,0.0,1284.0,8172.0,0.0,0.0,0.0,0.0,0.0,0.0,0.0,0.0,0.0,338.0,0.0,0.0,0.0,0.0,28.0
2019-08-16T00:00:00.0,0.0,478.0,0.0,1278.0,7429.0,0.0,0.0,0.0,0.0,0.0,0.0,0.0,0.0,0.0,339.0,0.0,0.0,0.0,0.0,27.0
2019-08-16T01:00:00.0,0.0,406.0,0.0,1277.0,7158.0,0.0,0.0,0.0,0.0,0.0,0.0,0.0,0.0,0.0,339.0,0.0,0.0,0.0,0.0,23.0
2019-08-16T02:00:00.0,0.0,455.0,0.0,1276.0,6923.0,0.0,0.0,0.0,0.0,0.0,0.0,0.0,0.0,0.0,341.0,0.0,0.0,0.0,0.0,22.0
2019-08-16T03:00:00.0,0.0,458.0,0.0,1275.0,7176.0,0.0,0.0,0.0,0.0,0.0,0.0,0.0,0.0,0.0,342.0,0.0,0.0,0.0,0.0,19.0
2019-08-16T04:00:00.0,0.0,468.0,0.0,1283.0,8533.0,0.0,0.0,0.0,0.0,0.0,0.0,0.0,0.0,0.0,335.0,0.0,0.0,0.0,0.0,18.0
2019-08-16T05:00:00.0,0.0,484.0,0.0,1289.0,11512.0,0.0,0.0,0.0,0.0,0.0,0.0,0.0,0.0,0.0,336.0,0.0,0.0,0.0,0.0,21.0
2019-08-16T06:00:00.0,0.0,404.0,0.0,1292.0,13652.0,0.0,0.0,0.0,0.0,0.0,0.0,0.0,0.0,0.0,335.0,0.0,0.0,0.0,0.0,16.0
2019-08-16T07:00:00.0,0.0,379.0,0.0,1292.0,14239.0,0.0,0.0,0.0,0.0,0.0,0.0,0.0,0.0,0.0,335.0,0.0,0.0,0.0,0.0,16.0
2019-08-16T08:00:00.0,0.0,377.0,0.0,1296.0,14066.0,0.0,0.0,0.0,0.0,0.0,0.0,0.0,0.0,0.0,336.0,0.0,0.0,0.0,0.0,19.0
2019-08-16T09:00:00.0,0.0,327.0,0.0,1297.0,13782.0,0.0,0.0,0.0,0.0,0.0,0.0,0.0,0.0,0.0,335.0,0.0,0.0,0.0,0.0,19.0
2019-08-16T10:00:00.0,0.0,365.0,0.0,1297.0,12717.0,0.0,0.0,0.0,0.0,0.0,0.0,0.0,0.0,0.0,321.0,0.0,0.0,0.0,0.0,23.0
2019-08-16T11:00:00.0,0.0,412.0,0.0,1295.0,12367.0,0.0,0.0,0.0,0.0,0.0,0.0,0.0,0.0,0.0,320.0,0.0,0.0,0.0,0.0,26.0
2019-08-16T12:00:00.0,0.0,350.0,0.0,1291.0,11622.0,0.0,0.0,0.0,0.0,0.0,0.0,0.0,0.0,0.0,320.0,0.0,0.0,0.0,0.0,24.0
2019-08-16T13:00:00.0,0.0,315.0,0.0,1286.0,11631.0,0.0,0.0,0.0,0.0,0.0,0.0,0.0,0.0,0.0,319.0,0.0,0.0,0.0,0.0,22.0
2019-08-16T14:00:00.0,0.0,312.0,0.0,1283.0,11092.0,0.0,0.0,0.0,0.0,0.0,0.0,0.0,0.0,0.0,316.0,0.0,0.0,0.0,0.0,19.0
2019-08-16T15:00:00.0,0.0,328.0,0.0,1280.0,11668.0,0.0,0.0,0.0,0.0,0.0,0.0,0.0,0.0,0.0,319.0,0.0,0.0,0.0,0.0,23.0
2019-08-16T16:00:00.0,0.0,271.0,0.0,1282.0,13020.0,0.0,0.0,0.0,0.0,0.0,0.0,0.0,0.0,0.0,319.0,0.0,0.0,0.0,0.0,12.0
2019-08-16T17:00:00.0,0.0,321.0,0.0,1280.0,13472.0,0.0,0.0,0.0,0.0,0.0,0.0,0.0,0.0,0.0,319.0,0.0,0.0,0.0,0.0,9.0
2019-08-16T18:00:00.0,0.0,394.0,0.0,1277.0,13278.0,0.0,0.0,0.0,0.0,0.0,0.0,0.0,0.0,0.0,318.0,0.0,0.0,0.0,0.0,6.0
2019-08-16T19:00:00.0,0.0,458.0,0.0,1276.0,12855.0,0.0,0.0,0.0,0.0,0.0,0.0,0.0,0.0,0.0,352.0,0.0,0.0,0.0,0.0,5.0
2019-08-16T20:00:00.0,0.0,546.0,0.0,1272.0,12673.0,0.0,0.0,0.0,0.0,0.0,0.0,0.0,0.0,0.0,353.0,0.0,0.0,0.0,0.0,4.0
2019-08-16T21:00:00.0,0.0,642.0,0.0,1271.0,11577.0,0.0,0.0,0.0,0.0,0.0,0.0,0.0,0.0,0.0,326.0,0.0,0.0,0.0,0.0,5.0
2019-08-16T22:00:00.0,0.0,730.0,0.0,1267.0,9324.0,0.0,0.0,0.0,0.0,0.0,0.0,0.0,0.0,0.0,328.0,0.0,0.0,0.0,0.0,6.0
2019-08-16T23:00:00.0,0.0,745.0,0.0,1264.0,7461.0,0.0,0.0,0.0,0.0,0.0,0.0,0.0,0.0,0.0,323.0,0.0,0.0,0.0,0.0,9.0
2019-08-17T00:00:00.0,0.0,773.0,0.0,1256.0,6326.0,0.0,0.0,0.0,0.0,0.0,0.0,0.0,0.0,0.0,322.0,0.0,0.0,0.0,0.0,12.0
2019-08-17T01:00:00.0,0.0,784.0,0.0,1253.0,5502.0,0.0,0.0,0.0,0.0,0.0,0.0,0.0,0.0,0.0,321.0,0.0,0.0,0.0,0.0,14.0
2019-08-17T02:00:00.0,0.0,780.0,0.0,1249.0,4978.0,0.0,0.0,0.0,0.0,0.0,0.0,0.0,0.0,0.0,321.0,0.0,0.0,0.0,0.0,12.0
2019-08-17T03:00:00.0,0.0,759.0,0.0,1251.0,5002.0,0.0,0.0,0.0,0.0,0.0,0.0,0.0,0.0,0.0,323.0,0.0,0.0,0.0,0.0,10.0
2019-08-17T04:00:00.0,0.0,801.0,0.0,1254.0,5154.0,0.0,0.0,0.0,0.0,0.0,0.0,0.0,0.0,0.0,325.0,0.0,0.0,0.0,0.0,10.0
2019-08-17T05:00:00.0,0.0,846.0,0.0,1260.0,5780.0,0.0,0.0,0.0,0.0,0.0,0.0,0.0,0.0,0.0,323.0,0.0,0.0,0.0,0.0,12.0
2019-08-17T06:00:00.0,0.0,743.0,0.0,1270.0,6833.0,0.0,0.0,0.0,0.0,0.0,0.0,0.0,0.0,0.0,324.0,0.0,0.0,0.0,0.0,8.0
2019-08-17T07:00:00.0,0.0,814.0,0.0,1283.0,7850.0,0.0,0.0,0.0,0.0,0.0,0.0,0.0,0.0,0.0,324.0,0.0,0.0,0.0,0.0,11.0
2019-08-17T08:00:00.0,0.0,856.0,0.0,1292.0,9298.0,0.0,0.0,0.0,0.0,0.0,0.0,0.0,0.0,0.0,324.0,0.0,0.0,0.0,0.0,12.0
2019-08-17T09:00:00.0,0.0,894.0,0.0,1298.0,9481.0,0.0,0.0,0.0,0.0,0.0,0.0,0.0,0.0,0.0,327.0,0.0,0.0,0.0,0.0,12.0
2019-08-17T10:00:00.0,0.0,948.0,0.0,1307.0,9070.0,0.0,0.0,0.0,0.0,0.0,0.0,0.0,0.0,0.0,326.0,0.0,0.0,0.0,0.0,19.0
2019-08-17T11:00:00.0,0.0,937.0,0.0,1314.0,8283.0,0.0,0.0,0.0,0.0,0.0,0.0,0.0,0.0,0.0,323.0,0.0,0.0,0.0,0.0,25.0
2019-08-17T12:00:00.0,0.0,917.0,0.0,1323.0,8110.0,0.0,0.0,0.0,0.0,0.0,0.0,0.0,0.0,0.0,323.0,0.0,0.0,0.0,0.0,30.0
2019-08-17T13:00:00.0,0.0,914.0,0.0,1327.0,8224.0,0.0,0.0,0.0,0.0,0.0,0.0,0.0,0.0,0.0,324.0,0.0,0.0,0.0,0.0,32.0
2019-08-17T14:00:00.0,0.0,901.0,0.0,1330.0,8323.0,0.0,0.0,0.0,0.0,0.0,0.0,0.0,0.0,0.0,323.0,0.0,0.0,0.0,0.0,34.0
2019-08-17T15:00:00.0,0.0,856.0,0.0,1338.0,8217.0,0.0,0.0,0.0,0.0,0.0,0.0,0.0,0.0,0.0,326.0,0.0,0.0,0.0,0.0,36.0
2019-08-17T16:00:00.0,0.0,854.0,0.0,1344.0,8686.0,0.0,0.0,0.0,0.0,0.0,0.0,0.0,0.0,0.0,327.0,0.0,0.0,0.0,0.0,38.0
2019-08-17T17:00:00.0,0.0,869.0,0.0,1345.0,9041.0,0.0,0.0,0.0,0.0,0.0,0.0,0.0,0.0,0.0,325.0,0.0,0.0,0.0,0.0,35.0
2019-08-17T18:00:00.0,0.0,872.0,0.0,1351.0,10277.0,0.0,0.0,0.0,0.0,0.0,0.0,0.0,0.0,0.0,323.0,0.0,0.0,0.0,0.0,33.0
2019-08-17T19:00:00.0,0.0,797.0,0.0,1352.0,10810.0,0.0,0.0,0.0,0.0,0.0,0.0,0.0,0.0,0.0,318.0,0.0,0.0,0.0,0.0,34.0
2019-08-17T20:00:00.0,0.0,726.0,0.0,1358.0,11029.0,0.0,0.0,0.0,0.0,0.0,0.0,0.0,0.0,0.0,323.0,0.0,0.0,0.0,0.0,33.0
2019-08-17T21:00:00.0,0.0,670.0,0.0,1368.0,10330.0,0.0,0.0,0.0,0.0,0.0,0.0,0.0,0.0,0.0,318.0,0.0,0.0,0.0,0.0,29.0
2019-08-17T22:00:00.0,0.0,581.0,0.0,1374.0,8918.0,0.0,0.0,0.0,0.0,0.0,0.0,0.0,0.0,0.0,321.0,0.0,0.0,0.0,0.0,19.0
2019-08-17T23:00:00.0,0.0,450.0,0.0,1357.0,7456.0,0.0,0.0,0.0,0.0,0.0,0.0,0.0,0.0,0.0,319.0,0.0,0.0,0.0,0.0,14.0
2019-08-18T00:00:00.0,0.0,577.0,0.0,1331.0,6542.0,0.0,0.0,0.0,0.0,0.0,0.0,0.0,0.0,0.0,320.0,0.0,0.0,0.0,0.0,14.0
2019-08-18T01:00:00.0,0.0,556.0,0.0,1328.0,6443.0,0.0,0.0,0.0,0.0,0.0,0.0,0.0,0.0,0.0,320.0,0.0,0.0,0.0,0.0,14.0
2019-08-18T02:00:00.0,0.0,577.0,0.0,1326.0,6332.0,0.0,0.0,0.0,0.0,0.0,0.0,0.0,0.0,0.0,319.0,0.0,0.0,0.0,0.0,14.0
2019-08-18T03:00:00.0,0.0,656.0,0.0,1322.0,6277.0,0.0,0.0,0.0,0.0,0.0,0.0,0.0,0.0,0.0,323.0,0.0,0.0,0.0,0.0,16.0
2019-08-18T04:00:00.0,0.0,621.0,0.0,1315.0,5928.0,0.0,0.0,0.0,0.0,0.0,0.0,0.0,0.0,0.0,322.0,0.0,0.0,0.0,0.0,19.0
2019-08-18T05:00:00.0,0.0,583.0,0.0,1313.0,6347.0,0.0,0.0,0.0,0.0,0.0,0.0,0.0,0.0,0.0,320.0,0.0,0.0,0.0,0.0,13.0
2019-08-18T06:00:00.0,0.0,627.0,0.0,1314.0,8135.0,0.0,0.0,0.0,0.0,0.0,0.0,0.0,0.0,0.0,317.0,0.0,0.0,0.0,0.0,15.0
2019-08-18T07:00:00.0,0.0,663.0,0.0,1326.0,8923.0,0.0,0.0,0.0,0.0,0.0,0.0,0.0,0.0,0.0,317.0,0.0,0.0,0.0,0.0,15.0
2019-08-18T08:00:00.0,0.0,574.0,0.0,1318.0,9675.0,0.0,0.0,0.0,0.0,0.0,0.0,0.0,0.0,0.0,318.0,0.0,0.0,0.0,0.0,10.0
2019-08-18T09:00:00.0,0.0,582.0,0.0,1316.0,10596.0,0.0,0.0,0.0,0.0,0.0,0.0,0.0,0.0,0.0,315.0,0.0,0.0,0.0,0.0,9.0
2019-08-18T10:00:00.0,0.0,588.0,0.0,1310.0,10735.0,0.0,0.0,0.0,0.0,0.0,0.0,0.0,0.0,0.0,302.0,0.0,0.0,0.0,0.0,8.0
2019-08-18T11:00:00.0,0.0,619.0,0.0,1302.0,10280.0,0.0,0.0,0.0,0.0,0.0,0.0,0.0,0.0,0.0,320.0,0.0,0.0,0.0,0.0,8.0
2019-08-18T12:00:00.0,0.0,638.0,0.0,1278.0,10247.0,0.0,0.0,0.0,0.0,0.0,0.0,0.0,0.0,0.0,316.0,0.0,0.0,0.0,0.0,9.0
2019-08-18T13:00:00.0,0.0,687.0,0.0,1278.0,10449.0,0.0,0.0,0.0,0.0,0.0,0.0,0.0,0.0,0.0,313.0,0.0,0.0,0.0,0.0,10.0
2019-08-18T14:00:00.0,0.0,662.0,0.0,1276.0,10435.0,0.0,0.0,0.0,0.0,0.0,0.0,0.0,0.0,0.0,313.0,0.0,0.0,0.0,0.0,11.0
2019-08-18T15:00:00.0,0.0,628.0,0.0,1271.0,10640.0,0.0,0.0,0.0,0.0,0.0,0.0,0.0,0.0,0.0,313.0,0.0,0.0,0.0,0.0,13.0
2019-08-18T16:00:00.0,0.0,577.0,0.0,1267.0,10950.0,0.0,0.0,0.0,0.0,0.0,0.0,0.0,0.0,0.0,314.0,0.0,0.0,0.0,0.0,15.0
2019-08-18T17:00:00.0,0.0,559.0,0.0,1265.0,11340.0,0.0,0.0,0.0,0.0,0.0,0.0,0.0,0.0,0.0,313.0,0.0,0.0,0.0,0.0,18.0
2019-08-18T18:00:00.0,0.0,409.0,0.0,1259.0,11517.0,0.0,0.0,0.0,0.0,0.0,0.0,0.0,0.0,0.0,318.0,0.0,0.0,0.0,0.0,12.0
2019-08-18T19:00:00.0,0.0,430.0,0.0,1257.0,12060.0,0.0,0.0,0.0,0.0,0.0,0.0,0.0,0.0,0.0,316.0,0.0,0.0,0.0,0.0,15.0
2019-08-18T20:00:00.0,0.0,458.0,0.0,1255.0,11739.0,0.0,0.0,0.0,0.0,0.0,0.0,0.0,0.0,0.0,311.0,0.0,0.0,0.0,0.0,21.0
2019-08-18T21:00:00.0,0.0,443.0,0.0,1254.0,10709.0,0.0,0.0,0.0,0.0,0.0,0.0,0.0,0.0,0.0,318.0,0.0,0.0,0.0,0.0,20.0
2019-08-18T22:00:00.0,0.0,538.0,0.0,1245.0,8797.0,0.0,0.0,0.0,0.0,0.0,0.0,0.0,0.0,0.0,317.0,0.0,0.0,0.0,0.0,20.0
2019-08-18T23:00:00.0,0.0,583.0,0.0,1272.0,6679.0,0.0,0.0,0.0,0.0,0.0,0.0,0.0,0.0,0.0,334.0,0.0,0.0,0.0,0.0,21.0
2019-08-19T00:00:00.0,0.0,648.0,0.0,1271.0,6725.0,0.0,0.0,0.0,0.0,0.0,0.0,0.0,0.0,0.0,330.0,0.0,0.0,0.0,0.0,24.0
2019-08-19T01:00:00.0,0.0,665.0,0.0,1269.0,6836.0,0.0,0.0,0.0,0.0,0.0,0.0,0.0,0.0,0.0,327.0,0.0,0.0,0.0,0.0,19.0
2019-08-19T02:00:00.0,0.0,673.0,0.0,1268.0,6802.0,0.0,0.0,0.0,0.0,0.0,0.0,0.0,0.0,0.0,329.0,0.0,0.0,0.0,0.0,16.0
2019-08-19T03:00:00.0,0.0,638.0,0.0,1267.0,6395.0,0.0,0.0,0.0,0.0,0.0,0.0,0.0,0.0,0.0,331.0,0.0,0.0,0.0,0.0,12.0
2019-08-19T04:00:00.0,0.0,661.0,0.0,1264.0,7246.0,0.0,0.0,0.0,0.0,0.0,0.0,0.0,0.0,0.0,329.0,0.0,0.0,0.0,0.0,12.0
2019-08-19T05:00:00.0,0.0,695.0,0.0,1268.0,10869.0,0.0,0.0,0.0,0.0,0.0,0.0,0.0,0.0,0.0,326.0,0.0,0.0,0.0,0.0,13.0
2019-08-19T06:00:00.0,0.0,643.0,0.0,1291.0,12874.0,0.0,0.0,0.0,0.0,0.0,0.0,0.0,0.0,0.0,330.0,0.0,0.0,0.0,0.0,12.0
2019-08-19T07:00:00.0,0.0,633.0,0.0,1304.0,13697.0,0.0,0.0,0.0,0.0,0.0,0.0,0.0,0.0,0.0,330.0,0.0,0.0,0.0,0.0,12.0
2019-08-19T08:00:00.0,0.0,663.0,0.0,1312.0,12870.0,0.0,0.0,0.0,0.0,0.0,0.0,0.0,0.0,0.0,314.0,0.0,0.0,0.0,0.0,10.0
2019-08-19T09:00:00.0,0.0,568.0,0.0,1313.0,11268.0,0.0,0.0,0.0,0.0,0.0,0.0,0.0,0.0,0.0,313.0,0.0,0.0,0.0,0.0,10.0
2019-08-19T10:00:00.0,0.0,558.0,0.0,1316.0,10367.0,0.0,0.0,0.0,0.0,0.0,0.0,0.0,0.0,0.0,311.0,0.0,0.0,0.0,0.0,9.0
2019-08-19T11:00:00.0,0.0,521.0,0.0,1330.0,9963.0,0.0,0.0,0.0,0.0,0.0,0.0,0.0,0.0,0.0,317.0,0.0,0.0,0.0,0.0,9.0
2019-08-19T12:00:00.0,0.0,522.0,0.0,1338.0,9797.0,0.0,0.0,0.0,0.0,0.0,0.0,0.0,0.0,0.0,312.0,0.0,0.0,0.0,0.0,10.0
2019-08-19T13:00:00.0,0.0,469.0,0.0,1354.0,9710.0,0.0,0.0,0.0,0.0,0.0,0.0,0.0,0.0,0.0,311.0,0.0,0.0,0.0,0.0,10.0
2019-08-19T14:00:00.0,0.0,470.0,0.0,1357.0,9359.0,0.0,0.0,0.0,0.0,0.0,0.0,0.0,0.0,0.0,313.0,0.0,0.0,0.0,0.0,10.0
2019-08-19T15:00:00.0,0.0,455.0,0.0,1359.0,9946.0,0.0,0.0,0.0,0.0,0.0,0.0,0.0,0.0,0.0,311.0,0.0,0.0,0.0,0.0,12.0
2019-08-19T16:00:00.0,0.0,489.0,0.0,1350.0,10729.0,0.0,0.0,0.0,0.0,0.0,0.0,0.0,0.0,0.0,313.0,0.0,0.0,0.0,0.0,16.0
2019-08-19T17:00:00.0,0.0,440.0,0.0,1359.0,12067.0,0.0,0.0,0.0,0.0,0.0,0.0,0.0,0.0,0.0,313.0,0.0,0.0,0.0,0.0,17.0
2019-08-19T18:00:00.0,0.0,424.0,0.0,1357.0,12655.0,0.0,0.0,0.0,0.0,0.0,0.0,0.0,0.0,0.0,312.0,0.0,0.0,0.0,0.0,17.0
2019-08-19T19:00:00.0,0.0,427.0,0.0,1361.0,12374.0,0.0,0.0,0.0,0.0,0.0,0.0,0.0,0.0,0.0,329.0,0.0,0.0,0.0,0.0,19.0
2019-08-19T20:00:00.0,0.0,420.0,0.0,1358.0,12307.0,0.0,0.0,0.0,0.0,0.0,0.0,0.0,0.0,0.0,325.0,0.0,0.0,0.0,0.0,14.0
2019-08-19T21:00:00.0,0.0,412.0,0.0,1358.0,11313.0,0.0,0.0,0.0,0.0,0.0,0.0,0.0,0.0,0.0,324.0,0.0,0.0,0.0,0.0,15.0
2019-08-19T22:00:00.0,0.0,420.0,0.0,1361.0,9909.0,0.0,0.0,0.0,0.0,0.0,0.0,0.0,0.0,0.0,327.0,0.0,0.0,0.0,0.0,13.0
2019-08-19T23:00:00.0,0.0,407.0,0.0,1380.0,7910.0,0.0,0.0,0.0,0.0,0.0,0.0,0.0,0.0,0.0,325.0,0.0,0.0,0.0,0.0,14.0
2019-08-20T00:00:00.0,0.0,383.0,0.0,1378.0,7448.0,0.0,0.0,0.0,0.0,0.0,0.0,0.0,0.0,0.0,324.0,0.0,0.0,0.0,0.0,13.0
2019-08-20T01:00:00.0,0.0,429.0,0.0,1381.0,7496.0,0.0,0.0,0.0,0.0,0.0,0.0,0.0,0.0,0.0,326.0,0.0,0.0,0.0,0.0,13.0
2019-08-20T02:00:00.0,0.0,486.0,0.0,1385.0,7478.0,0.0,0.0,0.0,0.0,0.0,0.0,0.0,0.0,0.0,337.0,0.0,0.0,0.0,0.0,15.0
2019-08-20T03:00:00.0,0.0,471.0,0.0,1388.0,7487.0,0.0,0.0,0.0,0.0,0.0,0.0,0.0,0.0,0.0,337.0,0.0,0.0,0.0,0.0,16.0
2019-08-20T04:00:00.0,0.0,531.0,0.0,1381.0,8640.0,0.0,0.0,0.0,0.0,0.0,0.0,0.0,0.0,0.0,340.0,0.0,0.0,0.0,0.0,18.0
2019-08-20T05:00:00.0,0.0,495.0,0.0,1378.0,11712.0,0.0,0.0,0.0,0.0,0.0,0.0,0.0,0.0,0.0,341.0,0.0,0.0,0.0,0.0,18.0
2019-08-20T06:00:00.0,0.0,459.0,0.0,1389.0,13303.0,0.0,0.0,0.0,0.0,0.0,0.0,0.0,0.0,0.0,334.0,0.0,0.0,0.0,0.0,17.0
2019-08-20T07:00:00.0,0.0,428.0,0.0,1397.0,13896.0,0.0,0.0,0.0,0.0,0.0,0.0,0.0,0.0,0.0,323.0,0.0,0.0,0.0,0.0,17.0
2019-08-20T08:00:00.0,0.0,419.0,0.0,1402.0,13483.0,0.0,0.0,0.0,0.0,0.0,0.0,0.0,0.0,0.0,317.0,0.0,0.0,0.0,0.0,20.0
2019-08-20T09:00:00.0,0.0,424.0,0.0,1413.0,13452.0,0.0,0.0,0.0,0.0,0.0,0.0,0.0,0.0,0.0,325.0,0.0,0.0,0.0,0.0,19.0
2019-08-20T10:00:00.0,0.0,407.0,0.0,1415.0,13313.0,0.0,0.0,0.0,0.0,0.0,0.0,0.0,0.0,0.0,326.0,0.0,0.0,0.0,0.0,22.0
2019-08-20T11:00:00.0,0.0,407.0,0.0,1419.0,13023.0,0.0,0.0,0.0,0.0,0.0,0.0,0.0,0.0,0.0,325.0,0.0,0.0,0.0,0.0,23.0
2019-08-20T12:00:00.0,0.0,416.0,0.0,1422.0,12850.0,0.0,0.0,0.0,0.0,0.0,0.0,0.0,0.0,0.0,322.0,0.0,0.0,0.0,0.0,22.0
2019-08-20T13:00:00.0,0.0,380.0,0.0,1420.0,13061.0,0.0,0.0,0.0,0.0,0.0,0.0,0.0,0.0,0.0,323.0,0.0,0.0,0.0,0.0,21.0
2019-08-20T14:00:00.0,0.0,465.0,0.0,1420.0,13458.0,0.0,0.0,0.0,0.0,0.0,0.0,0.0,0.0,0.0,325.0,0.0,0.0,0.0,0.0,24.0
2019-08-20T15:00:00.0,0.0,498.0,0.0,1423.0,13672.0,0.0,0.0,0.0,0.0,0.0,0.0,0.0,0.0,0.0,319.0,0.0,0.0,0.0,0.0,26.0
2019-08-20T16:00:00.0,0.0,557.0,0.0,1417.0,13764.0,0.0,0.0,0.0,0.0,0.0,0.0,0.0,0.0,0.0,320.0,0.0,0.0,0.0,0.0,29.0
2019-08-20T17:00:00.0,0.0,571.0,0.0,1417.0,13579.0,0.0,0.0,0.0,0.0,0.0,0.0,0.0,0.0,0.0,323.0,0.0,0.0,0.0,0.0,32.0
2019-08-20T18:00:00.0,0.0,633.0,0.0,1412.0,13562.0,0.0,0.0,0.0,0.0,0.0,0.0,0.0,0.0,0.0,326.0,0.0,0.0,0.0,0.0,33.0
2019-08-20T19:00:00.0,0.0,596.0,0.0,1410.0,13218.0,0.0,0.0,0.0,0.0,0.0,0.0,0.0,0.0,0.0,328.0,0.0,0.0,0.0,0.0,33.0
2019-08-20T20:00:00.0,0.0,677.0,0.0,1409.0,13346.0,0.0,0.0,0.0,0.0,0.0,0.0,0.0,0.0,0.0,323.0,0.0,0.0,0.0,0.0,33.0
2019-08-20T21:00:00.0,0.0,684.0,0.0,1413.0,12420.0,0.0,0.0,0.0,0.0,0.0,0.0,0.0,0.0,0.0,326.0,0.0,0.0,0.0,0.0,33.0
2019-08-20T22:00:00.0,0.0,687.0,0.0,1407.0,11215.0,0.0,0.0,0.0,0.0,0.0,0.0,0.0,0.0,0.0,324.0,0.0,0.0,0.0,0.0,33.0
2019-08-20T23:00:00.0,0.0,632.0,0.0,1435.0,9391.0,0.0,0.0,0.0,0.0,0.0,0.0,0.0,0.0,0.0,324.0,0.0,0.0,0.0,0.0,31.0
2019-08-21T00:00:00.0,0.0,563.0,0.0,1435.0,9284.0,0.0,0.0,0.0,0.0,0.0,0.0,0.0,0.0,0.0,325.0,0.0,0.0,0.0,0.0,32.0
2019-08-21T01:00:00.0,0.0,531.0,0.0,1432.0,8786.0,0.0,0.0,0.0,0.0,0.0,0.0,0.0,0.0,0.0,329.0,0.0,0.0,0.0,0.0,31.0
2019-08-21T02:00:00.0,0.0,588.0,0.0,1429.0,8591.0,0.0,0.0,0.0,0.0,0.0,0.0,0.0,0.0,0.0,327.0,0.0,0.0,0.0,0.0,31.0
2019-08-21T03:00:00.0,0.0,587.0,0.0,1423.0,9134.0,0.0,0.0,0.0,0.0,0.0,0.0,0.0,0.0,0.0,326.0,0.0,0.0,0.0,0.0,31.0
2019-08-21T04:00:00.0,0.0,564.0,0.0,1422.0,10483.0,0.0,0.0,0.0,0.0,0.0,0.0,0.0,0.0,0.0,328.0,0.0,0.0,0.0,0.0,31.0
2019-08-21T05:00:00.0,0.0,538.0,0.0,1422.0,12756.0,0.0,0.0,0.0,0.0,0.0,0.0,0.0,0.0,0.0,326.0,0.0,0.0,0.0,0.0,31.0
2019-08-21T06:00:00.0,0.0,531.0,0.0,1421.0,13677.0,0.0,0.0,0.0,0.0,0.0,0.0,0.0,0.0,0.0,329.0,0.0,0.0,0.0,0.0,31.0
2019-08-21T07:00:00.0,0.0,508.0,0.0,1419.0,14187.0,0.0,0.0,0.0,0.0,0.0,0.0,0.0,0.0,0.0,329.0,0.0,0.0,0.0,0.0,31.0
2019-08-21T08:00:00.0,0.0,436.0,0.0,1427.0,13903.0,0.0,0.0,0.0,0.0,0.0,0.0,0.0,0.0,0.0,334.0,0.0,0.0,0.0,0.0,31.0
2019-08-21T09:00:00.0,0.0,500.0,0.0,1422.0,13614.0,0.0,0.0,0.0,0.0,0.0,0.0,0.0,0.0,0.0,332.0,0.0,0.0,0.0,0.0,31.0
2019-08-21T10:00:00.0,0.0,511.0,0.0,1422.0,13380.0,0.0,0.0,0.0,0.0,0.0,0.0,0.0,0.0,0.0,325.0,0.0,0.0,0.0,0.0,31.0
2019-08-21T11:00:00.0,0.0,470.0,0.0,1419.0,12675.0,0.0,0.0,0.0,0.0,0.0,0.0,0.0,0.0,0.0,333.0,0.0,0.0,0.0,0.0,30.0
2019-08-21T12:00:00.0,0.0,533.0,0.0,1413.0,12166.0,0.0,0.0,0.0,0.0,0.0,0.0,0.0,0.0,0.0,328.0,0.0,0.0,0.0,0.0,29.0
2019-08-21T13:00:00.0,0.0,465.0,0.0,1405.0,12087.0,0.0,0.0,0.0,0.0,0.0,0.0,0.0,0.0,0.0,329.0,0.0,0.0,0.0,0.0,29.0
2019-08-21T14:00:00.0,0.0,441.0,0.0,1402.0,11868.0,0.0,0.0,0.0,0.0,0.0,0.0,0.0,0.0,0.0,324.0,0.0,0.0,0.0,0.0,30.0
2019-08-21T15:00:00.0,0.0,484.0,0.0,1395.0,12616.0,0.0,0.0,0.0,0.0,0.0,0.0,0.0,0.0,0.0,316.0,0.0,0.0,0.0,0.0,30.0
2019-08-21T16:00:00.0,0.0,405.0,0.0,1395.0,13583.0,0.0,0.0,0.0,0.0,0.0,0.0,0.0,0.0,0.0,324.0,0.0,0.0,0.0,0.0,30.0
2019-08-21T17:00:00.0,0.0,377.0,0.0,1389.0,13500.0,0.0,0.0,0.0,0.0,0.0,0.0,0.0,0.0,0.0,322.0,0.0,0.0,0.0,0.0,30.0
2019-08-21T18:00:00.0,0.0,309.0,0.0,1384.0,13604.0,0.0,0.0,0.0,0.0,0.0,0.0,0.0,0.0,0.0,326.0,0.0,0.0,0.0,0.0,27.0
2019-08-21T19:00:00.0,0.0,276.0,0.0,1381.0,13542.0,0.0,0.0,0.0,0.0,0.0,0.0,0.0,0.0,0.0,323.0,0.0,0.0,0.0,0.0,24.0
2019-08-21T20:00:00.0,0.0,249.0,0.0,1376.0,13596.0,0.0,0.0,0.0,0.0,0.0,0.0,0.0,0.0,0.0,325.0,0.0,0.0,0.0,0.0,21.0
2019-08-21T21:00:00.0,0.0,263.0,0.0,1374.0,12888.0,0.0,0.0,0.0,0.0,0.0,0.0,0.0,0.0,0.0,206.0,0.0,0.0,0.0,0.0,19.0
2019-08-21T22:00:00.0,0.0,282.0,0.0,1372.0,11955.0,0.0,0.0,0.0,0.0,0.0,0.0,0.0,0.0,0.0,202.0,0.0,0.0,0.0,0.0,18.0
2019-08-21T23:00:00.0,0.0,338.0,0.0,1352.0,10603.0,0.0,0.0,0.0,0.0,0.0,0.0,0.0,0.0,0.0,200.0,0.0,0.0,0.0,0.0,19.0
2019-08-22T00:00:00.0,0.0,350.0,0.0,1350.0,9273.0,0.0,0.0,0.0,0.0,0.0,0.0,0.0,0.0,0.0,202.0,0.0,0.0,0.0,0.0,18.0
2019-08-22T01:00:00.0,0.0,369.0,0.0,1350.0,8568.0,0.0,0.0,0.0,0.0,0.0,0.0,0.0,0.0,0.0,202.0,0.0,0.0,0.0,0.0,16.0
2019-08-22T02:00:00.0,0.0,403.0,0.0,1347.0,8562.0,0.0,0.0,0.0,0.0,0.0,0.0,0.0,0.0,0.0,206.0,0.0,0.0,0.0,0.0,15.0
2019-08-22T03:00:00.0,0.0,418.0,0.0,1346.0,8505.0,0.0,0.0,0.0,0.0,0.0,0.0,0.0,0.0,0.0,205.0,0.0,0.0,0.0,0.0,13.0
2019-08-22T04:00:00.0,0.0,483.0,0.0,1342.0,10031.0,0.0,0.0,0.0,0.0,0.0,0.0,0.0,0.0,0.0,206.0,0.0,0.0,0.0,0.0,14.0
2019-08-22T05:00:00.0,0.0,593.0,0.0,1342.0,12204.0,0.0,0.0,0.0,0.0,0.0,0.0,0.0,0.0,0.0,206.0,0.0,0.0,0.0,0.0,14.0
2019-08-22T06:00:00.0,0.0,595.0,0.0,1353.0,13671.0,0.0,0.0,0.0,0.0,0.0,0.0,0.0,0.0,0.0,195.0,0.0,0.0,0.0,0.0,10.0
2019-08-22T07:00:00.0,0.0,605.0,0.0,1361.0,14117.0,0.0,0.0,0.0,0.0,0.0,0.0,0.0,0.0,0.0,196.0,0.0,0.0,0.0,0.0,7.0
2019-08-22T08:00:00.0,0.0,607.0,0.0,1372.0,13703.0,0.0,0.0,0.0,0.0,0.0,0.0,0.0,0.0,0.0,198.0,0.0,0.0,0.0,0.0,7.0
2019-08-22T09:00:00.0,0.0,588.0,0.0,1384.0,13064.0,0.0,0.0,0.0,0.0,0.0,0.0,0.0,0.0,0.0,218.0,0.0,0.0,0.0,0.0,6.0
2019-08-22T10:00:00.0,0.0,571.0,0.0,1402.0,12281.0,0.0,0.0,0.0,0.0,0.0,0.0,0.0,0.0,0.0,215.0,0.0,0.0,0.0,0.0,8.0
2019-08-22T11:00:00.0,0.0,532.0,0.0,1414.0,11948.0,0.0,0.0,0.0,0.0,0.0,0.0,0.0,0.0,0.0,213.0,0.0,0.0,0.0,0.0,9.0
2019-08-22T12:00:00.0,0.0,542.0,0.0,1422.0,11445.0,0.0,0.0,0.0,0.0,0.0,0.0,0.0,0.0,0.0,212.0,0.0,0.0,0.0,0.0,12.0
2019-08-22T13:00:00.0,0.0,543.0,0.0,1406.0,11436.0,0.0,0.0,0.0,0.0,0.0,0.0,0.0,0.0,0.0,237.0,0.0,0.0,0.0,0.0,12.0
2019-08-22T14:00:00.0,0.0,499.0,0.0,1406.0,11537.0,0.0,0.0,0.0,0.0,0.0,0.0,0.0,0.0,0.0,223.0,0.0,0.0,0.0,0.0,10.0
2019-08-22T15:00:00.0,0.0,471.0,0.0,1411.0,12242.0,0.0,0.0,0.0,0.0,0.0,0.0,0.0,0.0,0.0,206.0,0.0,0.0,0.0,0.0,8.0
2019-08-22T16:00:00.0,0.0,464.0,0.0,1411.0,13637.0,0.0,0.0,0.0,0.0,0.0,0.0,0.0,0.0,0.0,227.0,0.0,0.0,0.0,0.0,6.0
2019-08-22T17:00:00.0,0.0,543.0,0.0,1413.0,13758.0,0.0,0.0,0.0,0.0,0.0,0.0,0.0,0.0,0.0,211.0,0.0,0.0,0.0,0.0,6.0
2019-08-22T18:00:00.0,0.0,520.0,0.0,1419.0,13794.0,0.0,0.0,0.0,0.0,0.0,0.0,0.0,0.0,0.0,212.0,0.0,0.0,0.0,0.0,6.0
2019-08-22T19:00:00.0,0.0,552.0,0.0,1418.0,13593.0,0.0,0.0,0.0,0.0,0.0,0.0,0.0,0.0,0.0,220.0,0.0,0.0,0.0,0.0,8.0
2019-08-22T20:00:00.0,0.0,508.0,0.0,1420.0,13514.0,0.0,0.0,0.0,0.0,0.0,0.0,0.0,0.0,0.0,239.0,0.0,0.0,0.0,0.0,8.0
2019-08-22T21:00:00.0,0.0,564.0,0.0,1416.0,12749.0,0.0,0.0,0.0,0.0,0.0,0.0,0.0,0.0,0.0,264.0,0.0,0.0,0.0,0.0,16.0
2019-08-22T22:00:00.0,0.0,559.0,0.0,1414.0,11722.0,0.0,0.0,0.0,0.0,0.0,0.0,0.0,0.0,0.0,289.0,0.0,0.0,0.0,0.0,13.0
2019-08-22T23:00:00.0,0.0,609.0,0.0,1371.0,9607.0,0.0,0.0,0.0,0.0,0.0,0.0,0.0,0.0,0.0,292.0,0.0,0.0,0.0,0.0,15.0
2019-08-23T00:00:00.0,0.0,540.0,0.0,1367.0,8811.0,0.0,0.0,0.0,0.0,0.0,0.0,0.0,0.0,0.0,311.0,0.0,0.0,0.0,0.0,10.0
2019-08-23T01:00:00.0,0.0,560.0,0.0,1369.0,8744.0,0.0,0.0,0.0,0.0,0.0,0.0,0.0,0.0,0.0,293.0,0.0,0.0,0.0,0.0,10.0
2019-08-23T02:00:00.0,0.0,582.0,0.0,1368.0,8433.0,0.0,0.0,0.0,0.0,0.0,0.0,0.0,0.0,0.0,296.0,0.0,0.0,0.0,0.0,10.0
2019-08-23T03:00:00.0,0.0,557.0,0.0,1370.0,8806.0,0.0,0.0,0.0,0.0,0.0,0.0,0.0,0.0,0.0,308.0,0.0,0.0,0.0,0.0,7.0
2019-08-23T04:00:00.0,0.0,553.0,0.0,1377.0,10091.0,0.0,0.0,0.0,0.0,0.0,0.0,0.0,0.0,0.0,312.0,0.0,0.0,0.0,0.0,9.0
2019-08-23T05:00:00.0,0.0,428.0,0.0,1381.0,12048.0,0.0,0.0,0.0,0.0,0.0,0.0,0.0,0.0,0.0,324.0,0.0,0.0,0.0,0.0,5.0
2019-08-23T06:00:00.0,0.0,353.0,0.0,1394.0,13709.0,0.0,0.0,0.0,0.0,0.0,0.0,0.0,0.0,0.0,333.0,0.0,0.0,0.0,0.0,4.0
2019-08-23T07:00:00.0,0.0,306.0,0.0,1395.0,14317.0,0.0,0.0,0.0,0.0,0.0,0.0,0.0,0.0,0.0,324.0,0.0,0.0,0.0,0.0,5.0
2019-08-23T08:00:00.0,0.0,299.0,0.0,1394.0,14479.0,0.0,0.0,0.0,0.0,0.0,0.0,0.0,0.0,0.0,331.0,0.0,0.0,0.0,0.0,10.0
2019-08-23T09:00:00.0,0.0,306.0,0.0,1406.0,13882.0,0.0,0.0,0.0,0.0,0.0,0.0,0.0,0.0,0.0,328.0,0.0,0.0,0.0,0.0,10.0
2019-08-23T10:00:00.0,0.0,282.0,0.0,1405.0,13371.0,0.0,0.0,0.0,0.0,0.0,0.0,0.0,0.0,0.0,325.0,0.0,0.0,0.0,0.0,10.0
2019-08-23T11:00:00.0,0.0,276.0,0.0,1400.0,12750.0,0.0,0.0,0.0,0.0,0.0,0.0,0.0,0.0,0.0,323.0,0.0,0.0,0.0,0.0,11.0
2019-08-23T12:00:00.0,0.0,264.0,0.0,1403.0,12044.0,0.0,0.0,0.0,0.0,0.0,0.0,0.0,0.0,0.0,326.0,0.0,0.0,0.0,0.0,12.0
2019-08-23T13:00:00.0,0.0,267.0,0.0,1402.0,11779.0,0.0,0.0,0.0,0.0,0.0,0.0,0.0,0.0,0.0,323.0,0.0,0.0,0.0,0.0,14.0
2019-08-23T14:00:00.0,0.0,256.0,0.0,1398.0,12046.0,0.0,0.0,0.0,0.0,0.0,0.0,0.0,0.0,0.0,325.0,0.0,0.0,0.0,0.0,15.0
2019-08-23T15:00:00.0,0.0,252.0,0.0,1396.0,13282.0,0.0,0.0,0.0,0.0,0.0,0.0,0.0,0.0,0.0,326.0,0.0,0.0,0.0,0.0,17.0
2019-08-23T16:00:00.0,0.0,203.0,0.0,1390.0,14216.0,0.0,0.0,0.0,0.0,0.0,0.0,0.0,0.0,0.0,325.0,0.0,0.0,0.0,0.0,18.0
2019-08-23T17:00:00.0,0.0,196.0,0.0,1387.0,14000.0,0.0,0.0,0.0,0.0,0.0,0.0,0.0,0.0,0.0,330.0,0.0,0.0,0.0,0.0,18.0
2019-08-23T18:00:00.0,0.0,193.0,0.0,1382.0,13641.0,0.0,0.0,0.0,0.0,0.0,0.0,0.0,0.0,0.0,328.0,0.0,0.0,0.0,0.0,19.0
2019-08-23T19:00:00.0,0.0,210.0,0.0,1383.0,13487.0,0.0,0.0,0.0,0.0,0.0,0.0,0.0,0.0,0.0,332.0,0.0,0.0,0.0,0.0,18.0
2019-08-23T20:00:00.0,0.0,201.0,0.0,1379.0,13264.0,0.0,0.0,0.0,0.0,0.0,0.0,0.0,0.0,0.0,331.0,0.0,0.0,0.0,0.0,17.0
2019-08-23T21:00:00.0,0.0,199.0,0.0,1375.0,12833.0,0.0,0.0,0.0,0.0,0.0,0.0,0.0,0.0,0.0,331.0,0.0,0.0,0.0,0.0,16.0
2019-08-23T22:00:00.0,0.0,168.0,0.0,1379.0,11802.0,0.0,0.0,0.0,0.0,0.0,0.0,0.0,0.0,0.0,332.0,0.0,0.0,0.0,0.0,16.0
2019-08-23T23:00:00.0,0.0,157.0,0.0,1368.0,11063.0,0.0,0.0,0.0,0.0,0.0,0.0,0.0,0.0,0.0,334.0,0.0,0.0,0.0,0.0,18.0
2019-08-24T00:00:00.0,0.0,140.0,0.0,1346.0,9805.0,0.0,0.0,0.0,0.0,0.0,0.0,0.0,0.0,0.0,334.0,0.0,0.0,0.0,0.0,18.0
2019-08-24T01:00:00.0,0.0,145.0,0.0,1331.0,8617.0,0.0,0.0,0.0,0.0,0.0,0.0,0.0,0.0,0.0,330.0,0.0,0.0,0.0,0.0,17.0
2019-08-24T02:00:00.0,0.0,153.0,0.0,1324.0,8669.0,0.0,0.0,0.0,0.0,0.0,0.0,0.0,0.0,0.0,334.0,0.0,0.0,0.0,0.0,17.0
2019-08-24T03:00:00.0,0.0,166.0,0.0,1322.0,8517.0,0.0,0.0,0.0,0.0,0.0,0.0,0.0,0.0,0.0,334.0,0.0,0.0,0.0,0.0,17.0
2019-08-24T04:00:00.0,0.0,179.0,0.0,1319.0,8698.0,0.0,0.0,0.0,0.0,0.0,0.0,0.0,0.0,0.0,273.0,0.0,0.0,0.0,0.0,17.0
2019-08-24T05:00:00.0,0.0,193.0,0.0,1312.0,10012.0,0.0,0.0,0.0,0.0,0.0,0.0,0.0,0.0,0.0,275.0,0.0,0.0,0.0,0.0,16.0
2019-08-24T06:00:00.0,0.0,211.0,0.0,1315.0,11597.0,0.0,0.0,0.0,0.0,0.0,0.0,0.0,0.0,0.0,277.0,0.0,0.0,0.0,0.0,15.0
2019-08-24T07:00:00.0,0.0,227.0,0.0,1316.0,12783.0,0.0,0.0,0.0,0.0,0.0,0.0,0.0,0.0,0.0,272.0,0.0,0.0,0.0,0.0,14.0
2019-08-24T08:00:00.0,0.0,249.0,0.0,1314.0,13055.0,0.0,0.0,0.0,0.0,0.0,0.0,0.0,0.0,0.0,270.0,0.0,0.0,0.0,0.0,13.0
2019-08-24T09:00:00.0,0.0,304.0,0.0,1314.0,12582.0,0.0,0.0,0.0,0.0,0.0,0.0,0.0,0.0,0.0,275.0,0.0,0.0,0.0,0.0,13.0
2019-08-24T10:00:00.0,0.0,309.0,0.0,1309.0,11719.0,0.0,0.0,0.0,0.0,0.0,0.0,0.0,0.0,0.0,274.0,0.0,0.0,0.0,0.0,12.0
2019-08-24T11:00:00.0,0.0,323.0,0.0,1308.0,11559.0,0.0,0.0,0.0,0.0,0.0,0.0,0.0,0.0,0.0,273.0,0.0,0.0,0.0,0.0,12.0
2019-08-24T12:00:00.0,0.0,347.0,0.0,1308.0,11442.0,0.0,0.0,0.0,0.0,0.0,0.0,0.0,0.0,0.0,273.0,0.0,0.0,0.0,0.0,9.0
2019-08-24T13:00:00.0,0.0,353.0,0.0,1305.0,11168.0,0.0,0.0,0.0,0.0,0.0,0.0,0.0,0.0,0.0,270.0,0.0,0.0,0.0,0.0,9.0
2019-08-24T14:00:00.0,0.0,354.0,0.0,1303.0,11079.0,0.0,0.0,0.0,0.0,0.0,0.0,0.0,0.0,0.0,274.0,0.0,0.0,0.0,0.0,9.0
2019-08-24T15:00:00.0,0.0,352.0,0.0,1299.0,11463.0,0.0,0.0,0.0,0.0,0.0,0.0,0.0,0.0,0.0,267.0,0.0,0.0,0.0,0.0,9.0
2019-08-24T16:00:00.0,0.0,351.0,0.0,1299.0,11916.0,0.0,0.0,0.0,0.0,0.0,0.0,0.0,0.0,0.0,272.0,0.0,0.0,0.0,0.0,10.0
2019-08-24T17:00:00.0,0.0,350.0,0.0,1298.0,12993.0,0.0,0.0,0.0,0.0,0.0,0.0,0.0,0.0,0.0,273.0,0.0,0.0,0.0,0.0,11.0
2019-08-24T18:00:00.0,0.0,349.0,0.0,1294.0,13096.0,0.0,0.0,0.0,0.0,0.0,0.0,0.0,0.0,0.0,273.0,0.0,0.0,0.0,0.0,13.0
2019-08-24T19:00:00.0,0.0,373.0,0.0,1289.0,12938.0,0.0,0.0,0.0,0.0,0.0,0.0,0.0,0.0,0.0,273.0,0.0,0.0,0.0,0.0,14.0
2019-08-24T20:00:00.0,0.0,380.0,0.0,1282.0,12683.0,0.0,0.0,0.0,0.0,0.0,0.0,0.0,0.0,0.0,272.0,0.0,0.0,0.0,0.0,18.0
2019-08-24T21:00:00.0,0.0,398.0,0.0,1277.0,11628.0,0.0,0.0,0.0,0.0,0.0,0.0,0.0,0.0,0.0,279.0,0.0,0.0,0.0,0.0,24.0
2019-08-24T22:00:00.0,0.0,414.0,0.0,1269.0,9771.0,0.0,0.0,0.0,0.0,0.0,0.0,0.0,0.0,0.0,273.0,0.0,0.0,0.0,0.0,25.0
2019-08-24T23:00:00.0,0.0,396.0,0.0,1227.0,8384.0,0.0,0.0,0.0,0.0,0.0,0.0,0.0,0.0,0.0,270.0,0.0,0.0,0.0,0.0,14.0
2019-08-25T00:00:00.0,0.0,399.0,0.0,1210.0,7659.0,0.0,0.0,0.0,0.0,0.0,0.0,0.0,0.0,0.0,272.0,0.0,0.0,0.0,0.0,13.0
2019-08-25T01:00:00.0,0.0,390.0,0.0,1202.0,7347.0,0.0,0.0,0.0,0.0,0.0,0.0,0.0,0.0,0.0,273.0,0.0,0.0,0.0,0.0,12.0
2019-08-25T02:00:00.0,0.0,387.0,0.0,1193.0,7428.0,0.0,0.0,0.0,0.0,0.0,0.0,0.0,0.0,0.0,274.0,0.0,0.0,0.0,0.0,12.0
2019-08-25T03:00:00.0,0.0,387.0,0.0,1189.0,7737.0,0.0,0.0,0.0,0.0,0.0,0.0,0.0,0.0,0.0,274.0,0.0,0.0,0.0,0.0,14.0
2019-08-25T04:00:00.0,0.0,405.0,0.0,1183.0,7435.0,0.0,0.0,0.0,0.0,0.0,0.0,0.0,0.0,0.0,276.0,0.0,0.0,0.0,0.0,16.0
2019-08-25T05:00:00.0,0.0,402.0,0.0,1181.0,7240.0,0.0,0.0,0.0,0.0,0.0,0.0,0.0,0.0,0.0,277.0,0.0,0.0,0.0,0.0,18.0
2019-08-25T06:00:00.0,0.0,399.0,0.0,1178.0,8379.0,0.0,0.0,0.0,0.0,0.0,0.0,0.0,0.0,0.0,280.0,0.0,0.0,0.0,0.0,20.0
2019-08-25T07:00:00.0,0.0,430.0,0.0,1176.0,10373.0,0.0,0.0,0.0,0.0,0.0,0.0,0.0,0.0,0.0,274.0,0.0,0.0,0.0,0.0,21.0
2019-08-25T08:00:00.0,0.0,484.0,0.0,1177.0,11076.0,0.0,0.0,0.0,0.0,0.0,0.0,0.0,0.0,0.0,277.0,0.0,0.0,0.0,0.0,21.0
2019-08-25T09:00:00.0,0.0,512.0,0.0,1172.0,11192.0,0.0,0.0,0.0,0.0,0.0,0.0,0.0,0.0,0.0,277.0,0.0,0.0,0.0,0.0,27.0
2019-08-25T10:00:00.0,0.0,634.0,0.0,1171.0,11005.0,0.0,0.0,0.0,0.0,0.0,0.0,0.0,0.0,0.0,268.0,0.0,0.0,0.0,0.0,31.0
2019-08-25T11:00:00.0,0.0,731.0,0.0,1171.0,10727.0,0.0,0.0,0.0,0.0,0.0,0.0,0.0,0.0,0.0,270.0,0.0,0.0,0.0,0.0,31.0
2019-08-25T12:00:00.0,0.0,782.0,0.0,1166.0,10441.0,0.0,0.0,0.0,0.0,0.0,0.0,0.0,0.0,0.0,270.0,0.0,0.0,0.0,0.0,30.0
2019-08-25T13:00:00.0,0.0,841.0,0.0,1164.0,10737.0,0.0,0.0,0.0,0.0,0.0,0.0,0.0,0.0,0.0,272.0,0.0,0.0,0.0,0.0,31.0
2019-08-25T14:00:00.0,0.0,760.0,0.0,1163.0,10754.0,0.0,0.0,0.0,0.0,0.0,0.0,0.0,0.0,0.0,270.0,0.0,0.0,0.0,0.0,32.0
2019-08-25T15:00:00.0,0.0,632.0,0.0,1160.0,10978.0,0.0,0.0,0.0,0.0,0.0,0.0,0.0,0.0,0.0,268.0,0.0,0.0,0.0,0.0,32.0
2019-08-25T16:00:00.0,0.0,596.0,0.0,1160.0,11893.0,0.0,0.0,0.0,0.0,0.0,0.0,0.0,0.0,0.0,266.0,0.0,0.0,0.0,0.0,31.0
2019-08-25T17:00:00.0,0.0,448.0,0.0,1156.0,13294.0,0.0,0.0,0.0,0.0,0.0,0.0,0.0,0.0,0.0,268.0,0.0,0.0,0.0,0.0,31.0
2019-08-25T18:00:00.0,0.0,345.0,0.0,1153.0,13445.0,0.0,0.0,0.0,0.0,0.0,0.0,0.0,0.0,0.0,268.0,0.0,0.0,0.0,0.0,30.0
2019-08-25T19:00:00.0,0.0,280.0,0.0,1152.0,13638.0,0.0,0.0,0.0,0.0,0.0,0.0,0.0,0.0,0.0,266.0,0.0,0.0,0.0,0.0,26.0
2019-08-25T20:00:00.0,0.0,315.0,0.0,1149.0,13650.0,0.0,0.0,0.0,0.0,0.0,0.0,0.0,0.0,0.0,267.0,0.0,0.0,0.0,0.0,30.0
2019-08-25T21:00:00.0,0.0,349.0,0.0,1149.0,12710.0,0.0,0.0,0.0,0.0,0.0,0.0,0.0,0.0,0.0,266.0,0.0,0.0,0.0,0.0,28.0
2019-08-25T22:00:00.0,0.0,311.0,0.0,1147.0,11641.0,0.0,0.0,0.0,0.0,0.0,0.0,0.0,0.0,0.0,265.0,0.0,0.0,0.0,0.0,27.0
2019-08-25T23:00:00.0,0.0,357.0,0.0,1123.0,9992.0,0.0,0.0,0.0,0.0,0.0,0.0,0.0,0.0,0.0,279.0,0.0,0.0,0.0,0.0,15.0
2019-08-26T00:00:00.0,0.0,372.0,0.0,1122.0,9370.0,0.0,0.0,0.0,0.0,0.0,0.0,0.0,0.0,0.0,280.0,0.0,0.0,0.0,0.0,14.0
2019-08-26T01:00:00.0,0.0,403.0,0.0,1121.0,9064.0,0.0,0.0,0.0,0.0,0.0,0.0,0.0,0.0,0.0,281.0,0.0,0.0,0.0,0.0,14.0
2019-08-26T02:00:00.0,0.0,412.0,0.0,1119.0,9251.0,0.0,0.0,0.0,0.0,0.0,0.0,0.0,0.0,0.0,261.0,0.0,0.0,0.0,0.0,14.0
2019-08-26T03:00:00.0,0.0,442.0,0.0,1117.0,10024.0,0.0,0.0,0.0,0.0,0.0,0.0,0.0,0.0,0.0,261.0,0.0,0.0,0.0,0.0,14.0
2019-08-26T04:00:00.0,0.0,438.0,0.0,1117.0,10784.0,0.0,0.0,0.0,0.0,0.0,0.0,0.0,0.0,0.0,261.0,0.0,0.0,0.0,0.0,16.0
2019-08-26T05:00:00.0,0.0,343.0,0.0,1118.0,12797.0,0.0,0.0,0.0,0.0,0.0,0.0,0.0,0.0,0.0,261.0,0.0,0.0,0.0,0.0,15.0
2019-08-26T06:00:00.0,0.0,346.0,0.0,1141.0,13846.0,0.0,0.0,0.0,0.0,0.0,0.0,0.0,0.0,0.0,251.0,0.0,0.0,0.0,0.0,14.0
2019-08-26T07:00:00.0,0.0,371.0,0.0,1156.0,14323.0,0.0,0.0,0.0,0.0,0.0,0.0,0.0,0.0,0.0,262.0,0.0,0.0,0.0,0.0,14.0
2019-08-26T08:00:00.0,0.0,368.0,0.0,1164.0,14282.0,0.0,0.0,0.0,0.0,0.0,0.0,0.0,0.0,0.0,260.0,0.0,0.0,0.0,0.0,18.0
2019-08-26T09:00:00.0,0.0,371.0,0.0,1176.0,14477.0,0.0,0.0,0.0,0.0,0.0,0.0,0.0,0.0,0.0,260.0,0.0,0.0,0.0,0.0,28.0
2019-08-26T10:00:00.0,0.0,397.0,0.0,1174.0,14422.0,0.0,0.0,0.0,0.0,0.0,0.0,0.0,0.0,0.0,256.0,0.0,0.0,0.0,0.0,30.0
2019-08-26T11:00:00.0,0.0,419.0,0.0,1175.0,13945.0,0.0,0.0,0.0,0.0,0.0,0.0,0.0,0.0,0.0,262.0,0.0,0.0,0.0,0.0,29.0
2019-08-26T12:00:00.0,0.0,380.0,0.0,1175.0,14133.0,0.0,0.0,0.0,0.0,0.0,0.0,0.0,0.0,0.0,260.0,0.0,0.0,0.0,0.0,22.0
2019-08-26T13:00:00.0,0.0,413.0,0.0,1175.0,14152.0,0.0,0.0,0.0,0.0,0.0,0.0,0.0,0.0,0.0,256.0,0.0,0.0,0.0,0.0,21.0
2019-08-26T14:00:00.0,0.0,421.0,0.0,1172.0,14123.0,0.0,0.0,0.0,0.0,0.0,0.0,0.0,0.0,0.0,257.0,0.0,0.0,0.0,0.0,16.0
2019-08-26T15:00:00.0,0.0,383.0,0.0,1171.0,14280.0,0.0,0.0,0.0,0.0,0.0,0.0,0.0,0.0,0.0,258.0,0.0,0.0,0.0,0.0,12.0
2019-08-26T16:00:00.0,0.0,324.0,0.0,1173.0,14334.0,0.0,0.0,0.0,0.0,0.0,0.0,0.0,0.0,0.0,253.0,0.0,0.0,0.0,0.0,9.0
2019-08-26T17:00:00.0,0.0,384.0,0.0,1165.0,13793.0,0.0,0.0,0.0,0.0,0.0,0.0,0.0,0.0,0.0,255.0,0.0,0.0,0.0,0.0,9.0
2019-08-26T18:00:00.0,0.0,394.0,0.0,1161.0,13690.0,0.0,0.0,0.0,0.0,0.0,0.0,0.0,0.0,0.0,257.0,0.0,0.0,0.0,0.0,9.0
2019-08-26T19:00:00.0,0.0,382.0,0.0,1169.0,13632.0,0.0,0.0,0.0,0.0,0.0,0.0,0.0,0.0,0.0,258.0,0.0,0.0,0.0,0.0,11.0
2019-08-26T20:00:00.0,0.0,394.0,0.0,1167.0,13668.0,0.0,0.0,0.0,0.0,0.0,0.0,0.0,0.0,0.0,254.0,0.0,0.0,0.0,0.0,13.0
2019-08-26T21:00:00.0,0.0,442.0,0.0,1158.0,13072.0,0.0,0.0,0.0,0.0,0.0,0.0,0.0,0.0,0.0,253.0,0.0,0.0,0.0,0.0,28.0
2019-08-26T22:00:00.0,0.0,389.0,0.0,1154.0,12256.0,0.0,0.0,0.0,0.0,0.0,0.0,0.0,0.0,0.0,257.0,0.0,0.0,0.0,0.0,27.0
2019-08-26T23:00:00.0,0.0,385.0,0.0,1140.0,11946.0,0.0,0.0,0.0,0.0,0.0,0.0,0.0,0.0,0.0,254.0,0.0,0.0,0.0,0.0,21.0
2019-08-27T00:00:00.0,0.0,361.0,0.0,1138.0,11400.0,0.0,0.0,0.0,0.0,0.0,0.0,0.0,0.0,0.0,256.0,0.0,0.0,0.0,0.0,19.0
2019-08-27T01:00:00.0,0.0,397.0,0.0,1135.0,11096.0,0.0,0.0,0.0,0.0,0.0,0.0,0.0,0.0,0.0,255.0,0.0,0.0,0.0,0.0,17.0
2019-08-27T02:00:00.0,0.0,390.0,0.0,1135.0,10517.0,0.0,0.0,0.0,0.0,0.0,0.0,0.0,0.0,0.0,256.0,0.0,0.0,0.0,0.0,17.0
2019-08-27T03:00:00.0,0.0,383.0,0.0,1134.0,10913.0,0.0,0.0,0.0,0.0,0.0,0.0,0.0,0.0,0.0,255.0,0.0,0.0,0.0,0.0,17.0
2019-08-27T04:00:00.0,0.0,404.0,0.0,1135.0,11625.0,0.0,0.0,0.0,0.0,0.0,0.0,0.0,0.0,0.0,254.0,0.0,0.0,0.0,0.0,16.0
2019-08-27T05:00:00.0,0.0,386.0,0.0,1136.0,12363.0,0.0,0.0,0.0,0.0,0.0,0.0,0.0,0.0,0.0,253.0,0.0,0.0,0.0,0.0,13.0
2019-08-27T06:00:00.0,0.0,395.0,0.0,1144.0,13227.0,0.0,0.0,0.0,0.0,0.0,0.0,0.0,0.0,0.0,251.0,0.0,0.0,0.0,0.0,11.0
2019-08-27T07:00:00.0,0.0,373.0,0.0,1145.0,13875.0,0.0,0.0,0.0,0.0,0.0,0.0,0.0,0.0,0.0,249.0,0.0,0.0,0.0,0.0,11.0
2019-08-27T08:00:00.0,0.0,376.0,0.0,1149.0,14375.0,0.0,0.0,0.0,0.0,0.0,0.0,0.0,0.0,0.0,247.0,0.0,0.0,0.0,0.0,12.0
2019-08-27T09:00:00.0,0.0,371.0,0.0,1144.0,14396.0,0.0,0.0,0.0,0.0,0.0,0.0,0.0,0.0,0.0,251.0,0.0,0.0,0.0,0.0,13.0
2019-08-27T10:00:00.0,0.0,342.0,0.0,1142.0,14272.0,0.0,0.0,0.0,0.0,0.0,0.0,0.0,0.0,0.0,248.0,0.0,0.0,0.0,0.0,13.0
2019-08-27T11:00:00.0,0.0,372.0,0.0,1140.0,14459.0,0.0,0.0,0.0,0.0,0.0,0.0,0.0,0.0,0.0,247.0,0.0,0.0,0.0,0.0,14.0
2019-08-27T12:00:00.0,0.0,387.0,0.0,1140.0,14424.0,0.0,0.0,0.0,0.0,0.0,0.0,0.0,0.0,0.0,248.0,0.0,0.0,0.0,0.0,11.0
2019-08-27T13:00:00.0,0.0,384.0,0.0,1138.0,14032.0,0.0,0.0,0.0,0.0,0.0,0.0,0.0,0.0,0.0,242.0,0.0,0.0,0.0,0.0,10.0
2019-08-27T14:00:00.0,0.0,353.0,0.0,1138.0,14120.0,0.0,0.0,0.0,0.0,0.0,0.0,0.0,0.0,0.0,245.0,0.0,0.0,0.0,0.0,9.0
2019-08-27T15:00:00.0,0.0,318.0,0.0,1139.0,14037.0,0.0,0.0,0.0,0.0,0.0,0.0,0.0,0.0,0.0,241.0,0.0,0.0,0.0,0.0,8.0
2019-08-27T16:00:00.0,0.0,299.0,0.0,1140.0,14112.0,0.0,0.0,0.0,0.0,0.0,0.0,0.0,0.0,0.0,241.0,0.0,0.0,0.0,0.0,8.0
2019-08-27T17:00:00.0,0.0,293.0,0.0,1140.0,13935.0,0.0,0.0,0.0,0.0,0.0,0.0,0.0,0.0,0.0,243.0,0.0,0.0,0.0,0.0,8.0
2019-08-27T18:00:00.0,0.0,301.0,0.0,1142.0,13624.0,0.0,0.0,0.0,0.0,0.0,0.0,0.0,0.0,0.0,247.0,0.0,0.0,0.0,0.0,6.0
2019-08-27T19:00:00.0,0.0,343.0,0.0,1139.0,13275.0,0.0,0.0,0.0,0.0,0.0,0.0,0.0,0.0,0.0,244.0,0.0,0.0,0.0,0.0,8.0
2019-08-27T20:00:00.0,0.0,372.0,0.0,1133.0,13103.0,0.0,0.0,0.0,0.0,0.0,0.0,0.0,0.0,0.0,246.0,0.0,0.0,0.0,0.0,5.0
2019-08-27T21:00:00.0,0.0,428.0,0.0,1131.0,12610.0,0.0,0.0,0.0,0.0,0.0,0.0,0.0,0.0,0.0,244.0,0.0,0.0,0.0,0.0,6.0
2019-08-27T22:00:00.0,0.0,459.0,0.0,1129.0,11716.0,0.0,0.0,0.0,0.0,0.0,0.0,0.0,0.0,0.0,253.0,0.0,0.0,0.0,0.0,4.0
2019-08-27T23:00:00.0,0.0,474.0,0.0,1113.0,11284.0,0.0,0.0,0.0,0.0,0.0,0.0,0.0,0.0,0.0,248.0,0.0,0.0,0.0,0.0,4.0
2019-08-28T00:00:00.0,0.0,496.0,0.0,1112.0,10767.0,0.0,0.0,0.0,0.0,0.0,0.0,0.0,0.0,0.0,249.0,0.0,0.0,0.0,0.0,4.0
2019-08-28T01:00:00.0,0.0,474.0,0.0,1113.0,10240.0,0.0,0.0,0.0,0.0,0.0,0.0,0.0,0.0,0.0,250.0,0.0,0.0,0.0,0.0,3.0
2019-08-28T02:00:00.0,0.0,484.0,0.0,1114.0,9778.0,0.0,0.0,0.0,0.0,0.0,0.0,0.0,0.0,0.0,252.0,0.0,0.0,0.0,0.0,2.0
2019-08-28T03:00:00.0,0.0,515.0,0.0,1116.0,10203.0,0.0,0.0,0.0,0.0,0.0,0.0,0.0,0.0,0.0,250.0,0.0,0.0,0.0,0.0,2.0
2019-08-28T04:00:00.0,0.0,564.0,0.0,1115.0,11245.0,0.0,0.0,0.0,0.0,0.0,0.0,0.0,0.0,0.0,247.0,0.0,0.0,0.0,0.0,2.0
2019-08-28T05:00:00.0,0.0,553.0,0.0,1116.0,12560.0,0.0,0.0,0.0,0.0,0.0,0.0,0.0,0.0,0.0,251.0,0.0,0.0,0.0,0.0,3.0
2019-08-28T06:00:00.0,0.0,499.0,0.0,1136.0,13443.0,0.0,0.0,0.0,0.0,0.0,0.0,0.0,0.0,0.0,253.0,0.0,0.0,0.0,0.0,2.0
2019-08-28T07:00:00.0,0.0,463.0,0.0,1152.0,13647.0,0.0,0.0,0.0,0.0,0.0,0.0,0.0,0.0,0.0,254.0,0.0,0.0,0.0,0.0,3.0
2019-08-28T08:00:00.0,0.0,483.0,0.0,1157.0,13826.0,0.0,0.0,0.0,0.0,0.0,0.0,0.0,0.0,0.0,259.0,0.0,0.0,0.0,0.0,4.0
2019-08-28T09:00:00.0,0.0,496.0,0.0,1164.0,13591.0,0.0,0.0,0.0,0.0,0.0,0.0,0.0,0.0,0.0,255.0,0.0,0.0,0.0,0.0,4.0
2019-08-28T10:00:00.0,0.0,493.0,0.0,1165.0,13300.0,0.0,0.0,0.0,0.0,0.0,0.0,0.0,0.0,0.0,249.0,0.0,0.0,0.0,0.0,4.0
2019-08-28T11:00:00.0,0.0,511.0,0.0,1170.0,13136.0,0.0,0.0,0.0,0.0,0.0,0.0,0.0,0.0,0.0,250.0,0.0,0.0,0.0,0.0,4.0
2019-08-28T12:00:00.0,0.0,537.0,0.0,1171.0,13222.0,0.0,0.0,0.0,0.0,0.0,0.0,0.0,0.0,0.0,253.0,0.0,0.0,0.0,0.0,4.0
2019-08-28T13:00:00.0,0.0,507.0,0.0,1169.0,13559.0,0.0,0.0,0.0,0.0,0.0,0.0,0.0,0.0,0.0,252.0,0.0,0.0,0.0,0.0,4.0
2019-08-28T14:00:00.0,0.0,475.0,0.0,1161.0,13627.0,0.0,0.0,0.0,0.0,0.0,0.0,0.0,0.0,0.0,252.0,0.0,0.0,0.0,0.0,4.0
2019-08-28T15:00:00.0,0.0,472.0,0.0,1161.0,13424.0,0.0,0.0,0.0,0.0,0.0,0.0,0.0,0.0,0.0,247.0,0.0,0.0,0.0,0.0,4.0
2019-08-28T16:00:00.0,0.0,541.0,0.0,1160.0,13533.0,0.0,0.0,0.0,0.0,0.0,0.0,0.0,0.0,0.0,245.0,0.0,0.0,0.0,0.0,7.0
2019-08-28T17:00:00.0,0.0,537.0,0.0,1159.0,13207.0,0.0,0.0,0.0,0.0,0.0,0.0,0.0,0.0,0.0,249.0,0.0,0.0,0.0,0.0,13.0
2019-08-28T18:00:00.0,0.0,575.0,0.0,1157.0,13141.0,0.0,0.0,0.0,0.0,0.0,0.0,0.0,0.0,0.0,249.0,0.0,0.0,0.0,0.0,21.0
2019-08-28T19:00:00.0,0.0,622.0,0.0,1160.0,13240.0,0.0,0.0,0.0,0.0,0.0,0.0,0.0,0.0,0.0,249.0,0.0,0.0,0.0,0.0,24.0
2019-08-28T20:00:00.0,0.0,706.0,0.0,1164.0,13100.0,0.0,0.0,0.0,0.0,0.0,0.0,0.0,0.0,0.0,245.0,0.0,0.0,0.0,0.0,26.0
2019-08-28T21:00:00.0,0.0,782.0,0.0,1180.0,12554.0,0.0,0.0,0.0,0.0,0.0,0.0,0.0,0.0,0.0,242.0,0.0,0.0,0.0,0.0,28.0
2019-08-28T22:00:00.0,0.0,677.0,0.0,1187.0,11645.0,0.0,0.0,0.0,0.0,0.0,0.0,0.0,0.0,0.0,251.0,0.0,0.0,0.0,0.0,31.0
2019-08-28T23:00:00.0,0.0,577.0,0.0,1183.0,11270.0,0.0,0.0,0.0,0.0,0.0,0.0,0.0,0.0,0.0,249.0,0.0,0.0,0.0,0.0,36.0
2019-08-29T00:00:00.0,0.0,452.0,0.0,1196.0,10745.0,0.0,0.0,0.0,0.0,0.0,0.0,0.0,0.0,0.0,269.0,0.0,0.0,0.0,0.0,37.0
2019-08-29T01:00:00.0,0.0,377.0,0.0,1206.0,10764.0,0.0,0.0,0.0,0.0,0.0,0.0,0.0,0.0,0.0,267.0,0.0,0.0,0.0,0.0,40.0
2019-08-29T02:00:00.0,0.0,432.0,0.0,1214.0,10336.0,0.0,0.0,0.0,0.0,0.0,0.0,0.0,0.0,0.0,264.0,0.0,0.0,0.0,0.0,41.0
2019-08-29T03:00:00.0,0.0,369.0,0.0,1224.0,10406.0,0.0,0.0,0.0,0.0,0.0,0.0,0.0,0.0,0.0,263.0,0.0,0.0,0.0,0.0,32.0
2019-08-29T04:00:00.0,0.0,332.0,0.0,1227.0,11210.0,0.0,0.0,0.0,0.0,0.0,0.0,0.0,0.0,0.0,267.0,0.0,0.0,0.0,0.0,25.0
2019-08-29T05:00:00.0,0.0,339.0,0.0,1231.0,12506.0,0.0,0.0,0.0,0.0,0.0,0.0,0.0,0.0,0.0,264.0,0.0,0.0,0.0,0.0,21.0
2019-08-29T06:00:00.0,0.0,340.0,0.0,1241.0,13298.0,0.0,0.0,0.0,0.0,0.0,0.0,0.0,0.0,0.0,256.0,0.0,0.0,0.0,0.0,20.0
2019-08-29T07:00:00.0,0.0,405.0,0.0,1250.0,13930.0,0.0,0.0,0.0,0.0,0.0,0.0,0.0,0.0,0.0,262.0,0.0,0.0,0.0,0.0,19.0
2019-08-29T08:00:00.0,0.0,421.0,0.0,1257.0,13926.0,0.0,0.0,0.0,0.0,0.0,0.0,0.0,0.0,0.0,257.0,0.0,0.0,0.0,0.0,17.0
2019-08-29T09:00:00.0,0.0,401.0,0.0,1265.0,13918.0,0.0,0.0,0.0,0.0,0.0,0.0,0.0,0.0,0.0,264.0,0.0,0.0,0.0,0.0,16.0
2019-08-29T10:00:00.0,0.0,404.0,0.0,1271.0,14048.0,0.0,0.0,0.0,0.0,0.0,0.0,0.0,0.0,0.0,263.0,0.0,0.0,0.0,0.0,15.0
2019-08-29T11:00:00.0,0.0,408.0,0.0,1281.0,13973.0,0.0,0.0,0.0,0.0,0.0,0.0,0.0,0.0,0.0,266.0,0.0,0.0,0.0,0.0,14.0
2019-08-29T12:00:00.0,0.0,459.0,0.0,1285.0,14117.0,0.0,0.0,0.0,0.0,0.0,0.0,0.0,0.0,0.0,264.0,0.0,0.0,0.0,0.0,12.0
2019-08-29T13:00:00.0,0.0,555.0,0.0,1281.0,13926.0,0.0,0.0,0.0,0.0,0.0,0.0,0.0,0.0,0.0,263.0,0.0,0.0,0.0,0.0,12.0
2019-08-29T14:00:00.0,0.0,520.0,0.0,1287.0,13735.0,0.0,0.0,0.0,0.0,0.0,0.0,0.0,0.0,0.0,258.0,0.0,0.0,0.0,0.0,12.0
2019-08-29T15:00:00.0,0.0,529.0,0.0,1295.0,13576.0,0.0,0.0,0.0,0.0,0.0,0.0,0.0,0.0,0.0,264.0,0.0,0.0,0.0,0.0,13.0
2019-08-29T16:00:00.0,0.0,484.0,0.0,1301.0,13707.0,0.0,0.0,0.0,0.0,0.0,0.0,0.0,0.0,0.0,263.0,0.0,0.0,0.0,0.0,12.0
2019-08-29T17:00:00.0,0.0,522.0,0.0,1307.0,13411.0,0.0,0.0,0.0,0.0,0.0,0.0,0.0,0.0,0.0,254.0,0.0,0.0,0.0,0.0,11.0
2019-08-29T18:00:00.0,0.0,484.0,0.0,1309.0,13518.0,0.0,0.0,0.0,0.0,0.0,0.0,0.0,0.0,0.0,254.0,0.0,0.0,0.0,0.0,10.0
2019-08-29T19:00:00.0,0.0,555.0,0.0,1308.0,13562.0,0.0,0.0,0.0,0.0,0.0,0.0,0.0,0.0,0.0,262.0,0.0,0.0,0.0,0.0,9.0
2019-08-29T20:00:00.0,0.0,595.0,0.0,1306.0,13364.0,0.0,0.0,0.0,0.0,0.0,0.0,0.0,0.0,0.0,261.0,0.0,0.0,0.0,0.0,9.0
2019-08-29T21:00:00.0,0.0,600.0,0.0,1304.0,12739.0,0.0,0.0,0.0,0.0,0.0,0.0,0.0,0.0,0.0,258.0,0.0,0.0,0.0,0.0,15.0
2019-08-29T22:00:00.0,0.0,605.0,0.0,1301.0,12038.0,0.0,0.0,0.0,0.0,0.0,0.0,0.0,0.0,0.0,261.0,0.0,0.0,0.0,0.0,18.0
2019-08-29T23:00:00.0,0.0,682.0,0.0,1318.0,11314.0,0.0,0.0,0.0,0.0,0.0,0.0,0.0,0.0,0.0,266.0,0.0,0.0,0.0,0.0,12.0
2019-08-30T00:00:00.0,0.0,677.0,0.0,1316.0,10863.0,0.0,0.0,0.0,0.0,0.0,0.0,0.0,0.0,0.0,260.0,0.0,0.0,0.0,0.0,13.0
2019-08-30T01:00:00.0,0.0,738.0,0.0,1317.0,10308.0,0.0,0.0,0.0,0.0,0.0,0.0,0.0,0.0,0.0,258.0,0.0,0.0,0.0,0.0,14.0
2019-08-30T02:00:00.0,0.0,785.0,0.0,1315.0,10124.0,0.0,0.0,0.0,0.0,0.0,0.0,0.0,0.0,0.0,257.0,0.0,0.0,0.0,0.0,12.0
2019-08-30T03:00:00.0,0.0,799.0,0.0,1318.0,10166.0,0.0,0.0,0.0,0.0,0.0,0.0,0.0,0.0,0.0,263.0,0.0,0.0,0.0,0.0,10.0
2019-08-30T04:00:00.0,0.0,869.0,0.0,1320.0,11237.0,0.0,0.0,0.0,0.0,0.0,0.0,0.0,0.0,0.0,263.0,0.0,0.0,0.0,0.0,9.0
2019-08-30T05:00:00.0,0.0,850.0,0.0,1321.0,12340.0,0.0,0.0,0.0,0.0,0.0,0.0,0.0,0.0,0.0,262.0,0.0,0.0,0.0,0.0,8.0
2019-08-30T06:00:00.0,0.0,859.0,0.0,1328.0,13238.0,0.0,0.0,0.0,0.0,0.0,0.0,0.0,0.0,0.0,257.0,0.0,0.0,0.0,0.0,9.0
2019-08-30T07:00:00.0,0.0,833.0,0.0,1331.0,13533.0,0.0,0.0,0.0,0.0,0.0,0.0,0.0,0.0,0.0,261.0,0.0,0.0,0.0,0.0,12.0
2019-08-30T08:00:00.0,0.0,850.0,0.0,1335.0,13882.0,0.0,0.0,0.0,0.0,0.0,0.0,0.0,0.0,0.0,260.0,0.0,0.0,0.0,0.0,12.0
2019-08-30T09:00:00.0,0.0,859.0,0.0,1337.0,13741.0,0.0,0.0,0.0,0.0,0.0,0.0,0.0,0.0,0.0,261.0,0.0,0.0,0.0,0.0,15.0
2019-08-30T10:00:00.0,0.0,924.0,0.0,1343.0,13700.0,0.0,0.0,0.0,0.0,0.0,0.0,0.0,0.0,0.0,267.0,0.0,0.0,0.0,0.0,14.0
2019-08-30T11:00:00.0,0.0,826.0,0.0,1346.0,13250.0,0.0,0.0,0.0,0.0,0.0,0.0,0.0,0.0,0.0,265.0,0.0,0.0,0.0,0.0,14.0
2019-08-30T12:00:00.0,0.0,742.0,0.0,1349.0,13315.0,0.0,0.0,0.0,0.0,0.0,0.0,0.0,0.0,0.0,267.0,0.0,0.0,0.0,0.0,14.0
2019-08-30T13:00:00.0,0.0,753.0,0.0,1349.0,13167.0,0.0,0.0,0.0,0.0,0.0,0.0,0.0,0.0,0.0,263.0,0.0,0.0,0.0,0.0,13.0
2019-08-30T14:00:00.0,0.0,743.0,0.0,1347.0,13243.0,0.0,0.0,0.0,0.0,0.0,0.0,0.0,0.0,0.0,272.0,0.0,0.0,0.0,0.0,12.0
2019-08-30T15:00:00.0,0.0,905.0,0.0,1347.0,13857.0,0.0,0.0,0.0,0.0,0.0,0.0,0.0,0.0,0.0,273.0,0.0,0.0,0.0,0.0,13.0
2019-08-30T16:00:00.0,0.0,840.0,0.0,1345.0,13446.0,0.0,0.0,0.0,0.0,0.0,0.0,0.0,0.0,0.0,296.0,0.0,0.0,0.0,0.0,13.0
2019-08-30T17:00:00.0,0.0,863.0,0.0,1346.0,13411.0,0.0,0.0,0.0,0.0,0.0,0.0,0.0,0.0,0.0,283.0,0.0,0.0,0.0,0.0,14.0
2019-08-30T18:00:00.0,0.0,853.0,0.0,1345.0,13598.0,0.0,0.0,0.0,0.0,0.0,0.0,0.0,0.0,0.0,298.0,0.0,0.0,0.0,0.0,14.0
2019-08-30T19:00:00.0,0.0,824.0,0.0,1351.0,13366.0,0.0,0.0,0.0,0.0,0.0,0.0,0.0,0.0,0.0,299.0,0.0,0.0,0.0,0.0,13.0
2019-08-30T20:00:00.0,0.0,754.0,0.0,1354.0,12997.0,0.0,0.0,0.0,0.0,0.0,0.0,0.0,0.0,0.0,298.0,0.0,0.0,0.0,0.0,16.0
2019-08-30T21:00:00.0,0.0,761.0,0.0,1355.0,12183.0,0.0,0.0,0.0,0.0,0.0,0.0,0.0,0.0,0.0,298.0,0.0,0.0,0.0,0.0,17.0
2019-08-30T22:00:00.0,0.0,796.0,0.0,1356.0,11745.0,0.0,0.0,0.0,0.0,0.0,0.0,0.0,0.0,0.0,294.0,0.0,0.0,0.0,0.0,17.0
2019-08-30T23:00:00.0,0.0,779.0,0.0,1360.0,11159.0,0.0,0.0,0.0,0.0,0.0,0.0,0.0,0.0,0.0,293.0,0.0,0.0,0.0,0.0,15.0
2019-08-31T00:00:00.0,0.0,968.0,0.0,1343.0,10028.0,0.0,0.0,0.0,0.0,0.0,0.0,0.0,0.0,0.0,299.0,0.0,0.0,0.0,0.0,16.0
2019-08-31T01:00:00.0,0.0,965.0,0.0,1339.0,9022.0,0.0,0.0,0.0,0.0,0.0,0.0,0.0,0.0,0.0,298.0,0.0,0.0,0.0,0.0,17.0
2019-08-31T02:00:00.0,0.0,924.0,0.0,1340.0,8620.0,0.0,0.0,0.0,0.0,0.0,0.0,0.0,0.0,0.0,296.0,0.0,0.0,0.0,0.0,19.0
2019-08-31T03:00:00.0,0.0,812.0,0.0,1344.0,8135.0,0.0,0.0,0.0,0.0,0.0,0.0,0.0,0.0,0.0,296.0,0.0,0.0,0.0,0.0,19.0
2019-08-31T04:00:00.0,0.0,724.0,0.0,1347.0,8051.0,0.0,0.0,0.0,0.0,0.0,0.0,0.0,0.0,0.0,297.0,0.0,0.0,0.0,0.0,19.0
2019-08-31T05:00:00.0,0.0,695.0,0.0,1345.0,8723.0,0.0,0.0,0.0,0.0,0.0,0.0,0.0,0.0,0.0,300.0,0.0,0.0,0.0,0.0,19.0
2019-08-31T06:00:00.0,0.0,665.0,0.0,1346.0,9783.0,0.0,0.0,0.0,0.0,0.0,0.0,0.0,0.0,0.0,300.0,0.0,0.0,0.0,0.0,18.0
2019-08-31T07:00:00.0,0.0,632.0,0.0,1350.0,11338.0,0.0,0.0,0.0,0.0,0.0,0.0,0.0,0.0,0.0,298.0,0.0,0.0,0.0,0.0,15.0
2019-08-31T08:00:00.0,0.0,665.0,0.0,1362.0,12585.0,0.0,0.0,0.0,0.0,0.0,0.0,0.0,0.0,0.0,298.0,0.0,0.0,0.0,0.0,15.0
2019-08-31T09:00:00.0,0.0,666.0,0.0,1361.0,12803.0,0.0,0.0,0.0,0.0,0.0,0.0,0.0,0.0,0.0,301.0,0.0,0.0,0.0,0.0,15.0
2019-08-31T10:00:00.0,0.0,696.0,0.0,1361.0,12101.0,0.0,0.0,0.0,0.0,0.0,0.0,0.0,0.0,0.0,302.0,0.0,0.0,0.0,0.0,15.0
2019-08-31T11:00:00.0,0.0,708.0,0.0,1362.0,11550.0,0.0,0.0,0.0,0.0,0.0,0.0,0.0,0.0,0.0,300.0,0.0,0.0,0.0,0.0,15.0
2019-08-31T12:00:00.0,0.0,756.0,0.0,1360.0,11083.0,0.0,0.0,0.0,0.0,0.0,0.0,0.0,0.0,0.0,302.0,0.0,0.0,0.0,0.0,17.0
2019-08-31T13:00:00.0,0.0,747.0,0.0,1358.0,10849.0,0.0,0.0,0.0,0.0,0.0,0.0,0.0,0.0,0.0,299.0,0.0,0.0,0.0,0.0,18.0
2019-08-31T14:00:00.0,0.0,773.0,0.0,1350.0,10896.0,0.0,0.0,0.0,0.0,0.0,0.0,0.0,0.0,0.0,300.0,0.0,0.0,0.0,0.0,17.0
2019-08-31T15:00:00.0,0.0,820.0,0.0,1351.0,11483.0,0.0,0.0,0.0,0.0,0.0,0.0,0.0,0.0,0.0,303.0,0.0,0.0,0.0,0.0,17.0
2019-08-31T16:00:00.0,0.0,822.0,0.0,1351.0,12252.0,0.0,0.0,0.0,0.0,0.0,0.0,0.0,0.0,0.0,299.0,0.0,0.0,0.0,0.0,19.0
2019-08-31T17:00:00.0,0.0,824.0,0.0,1346.0,13282.0,0.0,0.0,0.0,0.0,0.0,0.0,0.0,0.0,0.0,299.0,0.0,0.0,0.0,0.0,17.0
2019-08-31T18:00:00.0,0.0,859.0,0.0,1343.0,12909.0,0.0,0.0,0.0,0.0,0.0,0.0,0.0,0.0,0.0,298.0,0.0,0.0,0.0,0.0,18.0
2019-08-31T19:00:00.0,0.0,853.0,0.0,1342.0,12640.0,0.0,0.0,0.0,0.0,0.0,0.0,0.0,0.0,0.0,298.0,0.0,0.0,0.0,0.0,17.0
2019-08-31T20:00:00.0,0.0,829.0,0.0,1339.0,12257.0,0.0,0.0,0.0,0.0,0.0,0.0,0.0,0.0,0.0,303.0,0.0,0.0,0.0,0.0,16.0
2019-08-31T21:00:00.0,0.0,892.0,0.0,1333.0,11861.0,0.0,0.0,0.0,0.0,0.0,0.0,0.0,0.0,0.0,300.0,0.0,0.0,0.0,0.0,15.0
2019-08-31T22:00:00.0,0.0,876.0,0.0,1330.0,10297.0,0.0,0.0,0.0,0.0,0.0,0.0,0.0,0.0,0.0,301.0,0.0,0.0,0.0,0.0,15.0
2019-08-31T23:00:00.0,0.0,922.0,0.0,1318.0,7561.0,0.0,0.0,0.0,0.0,0.0,0.0,0.0,0.0,0.0,297.0,0.0,0.0,0.0,0.0,11.0
2019-09-01T00:00:00.0,0.0,744.0,0.0,1315.0,6375.0,0.0,0.0,0.0,0.0,0.0,0.0,0.0,0.0,0.0,295.0,0.0,0.0,0.0,0.0,11.0
2019-09-01T01:00:00.0,0.0,613.0,0.0,1310.0,6018.0,0.0,0.0,0.0,0.0,0.0,0.0,0.0,0.0,0.0,295.0,0.0,0.0,0.0,0.0,10.0
2019-09-01T02:00:00.0,0.0,673.0,0.0,1312.0,6298.0,0.0,0.0,0.0,0.0,0.0,0.0,0.0,0.0,0.0,295.0,0.0,0.0,0.0,0.0,10.0
2019-09-01T03:00:00.0,0.0,718.0,0.0,1310.0,6528.0,0.0,0.0,0.0,0.0,0.0,0.0,0.0,0.0,0.0,296.0,0.0,0.0,0.0,0.0,10.0
2019-09-01T04:00:00.0,0.0,780.0,0.0,1316.0,6840.0,0.0,0.0,0.0,0.0,0.0,0.0,0.0,0.0,0.0,297.0,0.0,0.0,0.0,0.0,10.0
2019-09-01T05:00:00.0,0.0,749.0,0.0,1321.0,6797.0,0.0,0.0,0.0,0.0,0.0,0.0,0.0,0.0,0.0,299.0,0.0,0.0,0.0,0.0,11.0
2019-09-01T06:00:00.0,0.0,809.0,0.0,1325.0,7560.0,0.0,0.0,0.0,0.0,0.0,0.0,0.0,0.0,0.0,301.0,0.0,0.0,0.0,0.0,12.0
2019-09-01T07:00:00.0,0.0,536.0,0.0,1341.0,9745.0,0.0,0.0,0.0,0.0,0.0,0.0,0.0,0.0,0.0,297.0,0.0,0.0,0.0,0.0,12.0
2019-09-01T08:00:00.0,0.0,421.0,0.0,1351.0,11742.0,0.0,0.0,0.0,0.0,0.0,0.0,0.0,0.0,0.0,300.0,0.0,0.0,0.0,0.0,12.0
2019-09-01T09:00:00.0,0.0,398.0,0.0,1397.0,12390.0,0.0,0.0,0.0,0.0,0.0,0.0,0.0,0.0,0.0,301.0,0.0,0.0,0.0,0.0,11.0
2019-09-01T10:00:00.0,0.0,429.0,0.0,1399.0,12013.0,0.0,0.0,0.0,0.0,0.0,0.0,0.0,0.0,0.0,268.0,0.0,0.0,0.0,0.0,11.0
2019-09-01T11:00:00.0,0.0,459.0,0.0,1404.0,11646.0,0.0,0.0,0.0,0.0,0.0,0.0,0.0,0.0,0.0,267.0,0.0,0.0,0.0,0.0,12.0
2019-09-01T12:00:00.0,0.0,455.0,0.0,1404.0,11107.0,0.0,0.0,0.0,0.0,0.0,0.0,0.0,0.0,0.0,265.0,0.0,0.0,0.0,0.0,13.0
2019-09-01T13:00:00.0,0.0,510.0,0.0,1393.0,10727.0,0.0,0.0,0.0,0.0,0.0,0.0,0.0,0.0,0.0,264.0,0.0,0.0,0.0,0.0,14.0
2019-09-01T14:00:00.0,0.0,550.0,0.0,1392.0,10499.0,0.0,0.0,0.0,0.0,0.0,0.0,0.0,0.0,0.0,266.0,0.0,0.0,0.0,0.0,16.0
2019-09-01T15:00:00.0,0.0,615.0,0.0,1386.0,10864.0,0.0,0.0,0.0,0.0,0.0,0.0,0.0,0.0,0.0,262.0,0.0,0.0,0.0,0.0,18.0
2019-09-01T16:00:00.0,0.0,610.0,0.0,1381.0,12138.0,0.0,0.0,0.0,0.0,0.0,0.0,0.0,0.0,0.0,263.0,0.0,0.0,0.0,0.0,19.0
2019-09-01T17:00:00.0,0.0,709.0,0.0,1383.0,13114.0,0.0,0.0,0.0,0.0,0.0,0.0,0.0,0.0,0.0,266.0,0.0,0.0,0.0,0.0,20.0
2019-09-01T18:00:00.0,0.0,646.0,0.0,1382.0,13058.0,0.0,0.0,0.0,0.0,0.0,0.0,0.0,0.0,0.0,296.0,0.0,0.0,0.0,0.0,21.0
2019-09-01T19:00:00.0,0.0,687.0,0.0,1384.0,13501.0,0.0,0.0,0.0,0.0,0.0,0.0,0.0,0.0,0.0,288.0,0.0,0.0,0.0,0.0,22.0
2019-09-01T20:00:00.0,0.0,590.0,0.0,1383.0,13398.0,0.0,0.0,0.0,0.0,0.0,0.0,0.0,0.0,0.0,295.0,0.0,0.0,0.0,0.0,22.0
2019-09-01T21:00:00.0,0.0,656.0,0.0,1380.0,13097.0,0.0,0.0,0.0,0.0,0.0,0.0,0.0,0.0,0.0,304.0,0.0,0.0,0.0,0.0,22.0
2019-09-01T22:00:00.0,0.0,584.0,0.0,1381.0,12286.0,0.0,0.0,0.0,0.0,0.0,0.0,0.0,0.0,0.0,302.0,0.0,0.0,0.0,0.0,22.0
2019-09-01T23:00:00.0,0.0,716.0,0.0,1348.0,9682.0,0.0,0.0,0.0,0.0,0.0,0.0,0.0,0.0,0.0,299.0,0.0,0.0,0.0,0.0,20.0
2019-09-02T00:00:00.0,0.0,685.0,0.0,1347.0,8444.0,0.0,0.0,0.0,0.0,0.0,0.0,0.0,0.0,0.0,299.0,0.0,0.0,0.0,0.0,17.0
2019-09-02T01:00:00.0,0.0,694.0,0.0,1347.0,8265.0,0.0,0.0,0.0,0.0,0.0,0.0,0.0,0.0,0.0,297.0,0.0,0.0,0.0,0.0,16.0
2019-09-02T02:00:00.0,0.0,544.0,0.0,1345.0,7815.0,0.0,0.0,0.0,0.0,0.0,0.0,0.0,0.0,0.0,301.0,0.0,0.0,0.0,0.0,15.0
2019-09-02T03:00:00.0,0.0,550.0,0.0,1346.0,8012.0,0.0,0.0,0.0,0.0,0.0,0.0,0.0,0.0,0.0,303.0,0.0,0.0,0.0,0.0,14.0
2019-09-02T04:00:00.0,0.0,531.0,0.0,1344.0,9557.0,0.0,0.0,0.0,0.0,0.0,0.0,0.0,0.0,0.0,287.0,0.0,0.0,0.0,0.0,15.0
2019-09-02T05:00:00.0,0.0,543.0,0.0,1346.0,12179.0,0.0,0.0,0.0,0.0,0.0,0.0,0.0,0.0,0.0,284.0,0.0,0.0,0.0,0.0,14.0
2019-09-02T06:00:00.0,0.0,481.0,0.0,1356.0,13566.0,0.0,0.0,0.0,0.0,0.0,0.0,0.0,0.0,0.0,292.0,0.0,0.0,0.0,0.0,14.0
2019-09-02T07:00:00.0,0.0,357.0,0.0,1362.0,13880.0,0.0,0.0,0.0,0.0,0.0,0.0,0.0,0.0,0.0,290.0,0.0,0.0,0.0,0.0,21.0
2019-09-02T08:00:00.0,0.0,404.0,0.0,1361.0,14004.0,0.0,0.0,0.0,0.0,0.0,0.0,0.0,0.0,0.0,291.0,0.0,0.0,0.0,0.0,21.0
2019-09-02T09:00:00.0,0.0,348.0,0.0,1359.0,14139.0,0.0,0.0,0.0,0.0,0.0,0.0,0.0,0.0,0.0,301.0,0.0,0.0,0.0,0.0,18.0
2019-09-02T10:00:00.0,0.0,323.0,0.0,1354.0,14106.0,0.0,0.0,0.0,0.0,0.0,0.0,0.0,0.0,0.0,293.0,0.0,0.0,0.0,0.0,18.0
2019-09-02T11:00:00.0,0.0,416.0,0.0,1371.0,13948.0,0.0,0.0,0.0,0.0,0.0,0.0,0.0,0.0,0.0,295.0,0.0,0.0,0.0,0.0,21.0
2019-09-02T12:00:00.0,0.0,441.0,0.0,1370.0,14020.0,0.0,0.0,0.0,0.0,0.0,0.0,0.0,0.0,0.0,295.0,0.0,0.0,0.0,0.0,21.0
2019-09-02T13:00:00.0,0.0,462.0,0.0,1365.0,13930.0,0.0,0.0,0.0,0.0,0.0,0.0,0.0,0.0,0.0,296.0,0.0,0.0,0.0,0.0,20.0
2019-09-02T14:00:00.0,0.0,362.0,0.0,1363.0,13708.0,0.0,0.0,0.0,0.0,0.0,0.0,0.0,0.0,0.0,297.0,0.0,0.0,0.0,0.0,17.0
2019-09-02T15:00:00.0,0.0,443.0,0.0,1359.0,13517.0,0.0,0.0,0.0,0.0,0.0,0.0,0.0,0.0,0.0,291.0,0.0,0.0,0.0,0.0,18.0
2019-09-02T16:00:00.0,0.0,450.0,0.0,1357.0,14009.0,0.0,0.0,0.0,0.0,0.0,0.0,0.0,0.0,0.0,298.0,0.0,0.0,0.0,0.0,18.0
2019-09-02T17:00:00.0,0.0,409.0,0.0,1343.0,13784.0,0.0,0.0,0.0,0.0,0.0,0.0,0.0,0.0,0.0,292.0,0.0,0.0,0.0,0.0,18.0
2019-09-02T18:00:00.0,0.0,421.0,0.0,1341.0,13718.0,0.0,0.0,0.0,0.0,0.0,0.0,0.0,0.0,0.0,296.0,0.0,0.0,0.0,0.0,18.0
2019-09-02T19:00:00.0,0.0,471.0,0.0,1342.0,13827.0,0.0,0.0,0.0,0.0,0.0,0.0,0.0,0.0,0.0,296.0,0.0,0.0,0.0,0.0,19.0
2019-09-02T20:00:00.0,0.0,471.0,0.0,1344.0,13611.0,0.0,0.0,0.0,0.0,0.0,0.0,0.0,0.0,0.0,300.0,0.0,0.0,0.0,0.0,18.0
2019-09-02T21:00:00.0,0.0,597.0,0.0,1343.0,13001.0,0.0,0.0,0.0,0.0,0.0,0.0,0.0,0.0,0.0,292.0,0.0,0.0,0.0,0.0,19.0
2019-09-02T22:00:00.0,0.0,654.0,0.0,1342.0,11789.0,0.0,0.0,0.0,0.0,0.0,0.0,0.0,0.0,0.0,300.0,0.0,0.0,0.0,0.0,18.0
2019-09-02T23:00:00.0,0.0,758.0,0.0,1334.0,10819.0,0.0,0.0,0.0,0.0,0.0,0.0,0.0,0.0,0.0,289.0,0.0,0.0,0.0,0.0,23.0
2019-09-03T00:00:00.0,0.0,714.0,0.0,1336.0,9609.0,0.0,0.0,0.0,0.0,0.0,0.0,0.0,0.0,0.0,292.0,0.0,0.0,0.0,0.0,19.0
2019-09-03T01:00:00.0,0.0,718.0,0.0,1342.0,9522.0,0.0,0.0,0.0,0.0,0.0,0.0,0.0,0.0,0.0,289.0,0.0,0.0,0.0,0.0,18.0
2019-09-03T02:00:00.0,0.0,687.0,0.0,1349.0,9438.0,0.0,0.0,0.0,0.0,0.0,0.0,0.0,0.0,0.0,286.0,0.0,0.0,0.0,0.0,21.0
2019-09-03T03:00:00.0,0.0,479.0,0.0,1356.0,9636.0,0.0,0.0,0.0,0.0,0.0,0.0,0.0,0.0,0.0,286.0,0.0,0.0,0.0,0.0,20.0
2019-09-03T04:00:00.0,0.0,456.0,0.0,1363.0,10373.0,0.0,0.0,0.0,0.0,0.0,0.0,0.0,0.0,0.0,290.0,0.0,0.0,0.0,0.0,21.0
2019-09-03T05:00:00.0,0.0,495.0,0.0,1371.0,12078.0,0.0,0.0,0.0,0.0,0.0,0.0,0.0,0.0,0.0,285.0,0.0,0.0,0.0,0.0,23.0
2019-09-03T06:00:00.0,0.0,536.0,0.0,1389.0,13679.0,0.0,0.0,0.0,0.0,0.0,0.0,0.0,0.0,0.0,286.0,0.0,0.0,0.0,0.0,24.0
2019-09-03T07:00:00.0,0.0,573.0,0.0,1392.0,14010.0,0.0,0.0,0.0,0.0,0.0,0.0,0.0,0.0,0.0,281.0,0.0,0.0,0.0,0.0,27.0
2019-09-03T08:00:00.0,0.0,652.0,0.0,1404.0,13729.0,0.0,0.0,0.0,0.0,0.0,0.0,0.0,0.0,0.0,276.0,0.0,0.0,0.0,0.0,21.0
2019-09-03T09:00:00.0,0.0,672.0,0.0,1404.0,13485.0,0.0,0.0,0.0,0.0,0.0,0.0,0.0,0.0,0.0,280.0,0.0,0.0,0.0,0.0,24.0
2019-09-03T10:00:00.0,0.0,719.0,0.0,1411.0,12773.0,0.0,0.0,0.0,0.0,0.0,0.0,0.0,0.0,0.0,287.0,0.0,0.0,0.0,0.0,26.0
2019-09-03T11:00:00.0,0.0,767.0,0.0,1416.0,12236.0,0.0,0.0,0.0,0.0,0.0,0.0,0.0,0.0,0.0,285.0,0.0,0.0,0.0,0.0,28.0
2019-09-03T12:00:00.0,0.0,736.0,0.0,1413.0,12380.0,0.0,0.0,0.0,0.0,0.0,0.0,0.0,0.0,0.0,285.0,0.0,0.0,0.0,0.0,31.0
2019-09-03T13:00:00.0,0.0,750.0,0.0,1412.0,12431.0,0.0,0.0,0.0,0.0,0.0,0.0,0.0,0.0,0.0,293.0,0.0,0.0,0.0,0.0,30.0
2019-09-03T14:00:00.0,0.0,758.0,0.0,1412.0,12661.0,0.0,0.0,0.0,0.0,0.0,0.0,0.0,0.0,0.0,293.0,0.0,0.0,0.0,0.0,24.0
2019-09-03T15:00:00.0,0.0,706.0,0.0,1411.0,13207.0,0.0,0.0,0.0,0.0,0.0,0.0,0.0,0.0,0.0,292.0,0.0,0.0,0.0,0.0,19.0
2019-09-03T16:00:00.0,0.0,688.0,0.0,1405.0,13885.0,0.0,0.0,0.0,0.0,0.0,0.0,0.0,0.0,0.0,296.0,0.0,0.0,0.0,0.0,27.0
2019-09-03T17:00:00.0,0.0,691.0,0.0,1400.0,14009.0,0.0,0.0,0.0,0.0,0.0,0.0,0.0,0.0,0.0,293.0,0.0,0.0,0.0,0.0,27.0
2019-09-03T18:00:00.0,0.0,604.0,0.0,1395.0,14015.0,0.0,0.0,0.0,0.0,0.0,0.0,0.0,0.0,0.0,293.0,0.0,0.0,0.0,0.0,30.0
2019-09-03T19:00:00.0,0.0,645.0,0.0,1394.0,14172.0,0.0,0.0,0.0,0.0,0.0,0.0,0.0,0.0,0.0,295.0,0.0,0.0,0.0,0.0,34.0
2019-09-03T20:00:00.0,0.0,602.0,0.0,1388.0,14317.0,0.0,0.0,0.0,0.0,0.0,0.0,0.0,0.0,0.0,296.0,0.0,0.0,0.0,0.0,37.0
2019-09-03T21:00:00.0,0.0,564.0,0.0,1384.0,13790.0,0.0,0.0,0.0,0.0,0.0,0.0,0.0,0.0,0.0,296.0,0.0,0.0,0.0,0.0,39.0
2019-09-03T22:00:00.0,0.0,542.0,0.0,1375.0,12783.0,0.0,0.0,0.0,0.0,0.0,0.0,0.0,0.0,0.0,296.0,0.0,0.0,0.0,0.0,38.0
2019-09-03T23:00:00.0,0.0,496.0,0.0,1353.0,10826.0,0.0,0.0,0.0,0.0,0.0,0.0,0.0,0.0,0.0,291.0,0.0,0.0,0.0,0.0,38.0
2019-09-04T00:00:00.0,0.0,591.0,0.0,1351.0,9301.0,0.0,0.0,0.0,0.0,0.0,0.0,0.0,0.0,0.0,293.0,0.0,0.0,0.0,0.0,40.0
2019-09-04T01:00:00.0,0.0,540.0,0.0,1348.0,8799.0,0.0,0.0,0.0,0.0,0.0,0.0,0.0,0.0,0.0,296.0,0.0,0.0,0.0,0.0,39.0
2019-09-04T02:00:00.0,0.0,623.0,0.0,1346.0,9006.0,0.0,0.0,0.0,0.0,0.0,0.0,0.0,0.0,0.0,297.0,0.0,0.0,0.0,0.0,40.0
2019-09-04T03:00:00.0,0.0,668.0,0.0,1343.0,10363.0,0.0,0.0,0.0,0.0,0.0,0.0,0.0,0.0,0.0,296.0,0.0,0.0,0.0,0.0,39.0
2019-09-04T04:00:00.0,0.0,694.0,0.0,1338.0,11840.0,0.0,0.0,0.0,0.0,0.0,0.0,0.0,0.0,0.0,298.0,0.0,0.0,0.0,0.0,39.0
2019-09-04T05:00:00.0,0.0,649.0,0.0,1337.0,13412.0,0.0,0.0,0.0,0.0,0.0,0.0,0.0,0.0,0.0,296.0,0.0,0.0,0.0,0.0,36.0
2019-09-04T06:00:00.0,0.0,536.0,0.0,1343.0,14716.0,0.0,0.0,0.0,0.0,0.0,0.0,0.0,0.0,0.0,291.0,0.0,0.0,0.0,0.0,32.0
2019-09-04T07:00:00.0,0.0,497.0,0.0,1340.0,14769.0,0.0,0.0,0.0,0.0,0.0,0.0,0.0,0.0,0.0,292.0,0.0,0.0,0.0,0.0,33.0
2019-09-04T08:00:00.0,0.0,471.0,0.0,1340.0,14957.0,0.0,0.0,0.0,0.0,0.0,0.0,0.0,0.0,0.0,292.0,0.0,0.0,0.0,0.0,31.0
2019-09-04T09:00:00.0,0.0,491.0,0.0,1358.0,14868.0,0.0,0.0,0.0,0.0,0.0,0.0,0.0,0.0,0.0,294.0,0.0,0.0,0.0,0.0,29.0
2019-09-04T10:00:00.0,0.0,512.0,0.0,1388.0,14412.0,0.0,0.0,0.0,0.0,0.0,0.0,0.0,0.0,0.0,295.0,0.0,0.0,0.0,0.0,29.0
2019-09-04T11:00:00.0,0.0,462.0,0.0,1423.0,13175.0,0.0,0.0,0.0,0.0,0.0,0.0,0.0,0.0,0.0,293.0,0.0,0.0,0.0,0.0,29.0
2019-09-04T12:00:00.0,0.0,414.0,0.0,1451.0,12825.0,0.0,0.0,0.0,0.0,0.0,0.0,0.0,0.0,0.0,289.0,0.0,0.0,0.0,0.0,28.0
2019-09-04T13:00:00.0,0.0,415.0,0.0,1463.0,13069.0,0.0,0.0,0.0,0.0,0.0,0.0,0.0,0.0,0.0,284.0,0.0,0.0,0.0,0.0,29.0
2019-09-04T14:00:00.0,0.0,432.0,0.0,1474.0,12773.0,0.0,0.0,0.0,0.0,0.0,0.0,0.0,0.0,0.0,284.0,0.0,0.0,0.0,0.0,29.0
2019-09-04T15:00:00.0,0.0,432.0,0.0,1501.0,13410.0,0.0,0.0,0.0,0.0,0.0,0.0,0.0,0.0,0.0,279.0,0.0,0.0,0.0,0.0,30.0
2019-09-04T16:00:00.0,0.0,452.0,0.0,1507.0,14392.0,0.0,0.0,0.0,0.0,0.0,0.0,0.0,0.0,0.0,282.0,0.0,0.0,0.0,0.0,32.0
2019-09-04T17:00:00.0,0.0,490.0,0.0,1511.0,14923.0,0.0,0.0,0.0,0.0,0.0,0.0,0.0,0.0,0.0,287.0,0.0,0.0,0.0,0.0,35.0
2019-09-04T18:00:00.0,0.0,511.0,0.0,1515.0,14632.0,0.0,0.0,0.0,0.0,0.0,0.0,0.0,0.0,0.0,285.0,0.0,0.0,0.0,0.0,37.0
2019-09-04T19:00:00.0,0.0,493.0,0.0,1510.0,14264.0,0.0,0.0,0.0,0.0,0.0,0.0,0.0,0.0,0.0,283.0,0.0,0.0,0.0,0.0,34.0
2019-09-04T20:00:00.0,0.0,480.0,0.0,1510.0,13915.0,0.0,0.0,0.0,0.0,0.0,0.0,0.0,0.0,0.0,283.0,0.0,0.0,0.0,0.0,36.0
2019-09-04T21:00:00.0,0.0,531.0,0.0,1509.0,13162.0,0.0,0.0,0.0,0.0,0.0,0.0,0.0,0.0,0.0,286.0,0.0,0.0,0.0,0.0,38.0
2019-09-04T22:00:00.0,0.0,527.0,0.0,1500.0,11620.0,0.0,0.0,0.0,0.0,0.0,0.0,0.0,0.0,0.0,287.0,0.0,0.0,0.0,0.0,37.0
2019-09-04T23:00:00.0,0.0,417.0,0.0,1536.0,9706.0,0.0,0.0,0.0,0.0,0.0,0.0,0.0,0.0,0.0,290.0,0.0,0.0,0.0,0.0,31.0
2019-09-05T00:00:00.0,0.0,376.0,0.0,1540.0,9075.0,0.0,0.0,0.0,0.0,0.0,0.0,0.0,0.0,0.0,291.0,0.0,0.0,0.0,0.0,30.0
2019-09-05T01:00:00.0,0.0,368.0,0.0,1545.0,8630.0,0.0,0.0,0.0,0.0,0.0,0.0,0.0,0.0,0.0,294.0,0.0,0.0,0.0,0.0,29.0
2019-09-05T02:00:00.0,0.0,403.0,0.0,1545.0,8532.0,0.0,0.0,0.0,0.0,0.0,0.0,0.0,0.0,0.0,293.0,0.0,0.0,0.0,0.0,28.0
2019-09-05T03:00:00.0,0.0,401.0,0.0,1543.0,8555.0,0.0,0.0,0.0,0.0,0.0,0.0,0.0,0.0,0.0,293.0,0.0,0.0,0.0,0.0,26.0
2019-09-05T04:00:00.0,0.0,391.0,0.0,1543.0,9592.0,0.0,0.0,0.0,0.0,0.0,0.0,0.0,0.0,0.0,292.0,0.0,0.0,0.0,0.0,25.0
2019-09-05T05:00:00.0,0.0,389.0,0.0,1549.0,11508.0,0.0,0.0,0.0,0.0,0.0,0.0,0.0,0.0,0.0,295.0,0.0,0.0,0.0,0.0,24.0
2019-09-05T06:00:00.0,0.0,271.0,0.0,1577.0,13581.0,0.0,0.0,0.0,0.0,0.0,0.0,0.0,0.0,0.0,290.0,0.0,0.0,0.0,0.0,22.0
2019-09-05T07:00:00.0,0.0,378.0,0.0,1605.0,13825.0,0.0,0.0,0.0,0.0,0.0,0.0,0.0,0.0,0.0,293.0,0.0,0.0,0.0,0.0,26.0
2019-09-05T08:00:00.0,0.0,441.0,0.0,1616.0,13450.0,0.0,0.0,0.0,0.0,0.0,0.0,0.0,0.0,0.0,286.0,0.0,0.0,0.0,0.0,24.0
2019-09-05T09:00:00.0,0.0,584.0,0.0,1624.0,12864.0,0.0,0.0,0.0,0.0,0.0,0.0,0.0,0.0,0.0,291.0,0.0,0.0,0.0,0.0,24.0
2019-09-05T10:00:00.0,0.0,655.0,0.0,1606.0,11587.0,0.0,0.0,0.0,0.0,0.0,0.0,0.0,0.0,0.0,363.0,0.0,0.0,0.0,0.0,24.0
2019-09-05T11:00:00.0,0.0,733.0,0.0,1614.0,10766.0,0.0,0.0,0.0,0.0,0.0,0.0,0.0,0.0,0.0,370.0,0.0,0.0,0.0,0.0,24.0
2019-09-05T12:00:00.0,0.0,806.0,0.0,1616.0,10651.0,0.0,0.0,0.0,0.0,0.0,0.0,0.0,0.0,0.0,366.0,0.0,0.0,0.0,0.0,24.0
2019-09-05T13:00:00.0,0.0,837.0,0.0,1674.0,10276.0,0.0,0.0,0.0,0.0,0.0,0.0,0.0,0.0,0.0,368.0,0.0,0.0,0.0,0.0,24.0
2019-09-05T14:00:00.0,0.0,872.0,0.0,1675.0,10516.0,0.0,0.0,0.0,0.0,0.0,0.0,0.0,0.0,0.0,371.0,0.0,0.0,0.0,0.0,26.0
2019-09-05T15:00:00.0,0.0,834.0,0.0,1675.0,11483.0,0.0,0.0,0.0,0.0,0.0,0.0,0.0,0.0,0.0,368.0,0.0,0.0,0.0,0.0,27.0
2019-09-05T16:00:00.0,0.0,938.0,0.0,1685.0,12375.0,0.0,0.0,0.0,0.0,0.0,0.0,0.0,0.0,0.0,367.0,0.0,0.0,0.0,0.0,28.0
2019-09-05T17:00:00.0,0.0,869.0,0.0,1682.0,12905.0,0.0,0.0,0.0,0.0,0.0,0.0,0.0,0.0,0.0,371.0,0.0,0.0,0.0,0.0,27.0
2019-09-05T18:00:00.0,0.0,866.0,0.0,1676.0,12772.0,0.0,0.0,0.0,0.0,0.0,0.0,0.0,0.0,0.0,372.0,0.0,0.0,0.0,0.0,25.0
2019-09-05T19:00:00.0,0.0,781.0,0.0,1676.0,13125.0,0.0,0.0,0.0,0.0,0.0,0.0,0.0,0.0,0.0,370.0,0.0,0.0,0.0,0.0,25.0
2019-09-05T20:00:00.0,0.0,699.0,0.0,1673.0,13246.0,0.0,0.0,0.0,0.0,0.0,0.0,0.0,0.0,0.0,371.0,0.0,0.0,0.0,0.0,24.0
2019-09-05T21:00:00.0,0.0,598.0,0.0,1670.0,12612.0,0.0,0.0,0.0,0.0,0.0,0.0,0.0,0.0,0.0,370.0,0.0,0.0,0.0,0.0,24.0
2019-09-05T22:00:00.0,0.0,480.0,0.0,1661.0,10917.0,0.0,0.0,0.0,0.0,0.0,0.0,0.0,0.0,0.0,366.0,0.0,0.0,0.0,0.0,25.0
2019-09-05T23:00:00.0,0.0,468.0,0.0,1682.0,8867.0,0.0,0.0,0.0,0.0,0.0,0.0,0.0,0.0,0.0,369.0,0.0,0.0,0.0,0.0,30.0
2019-09-06T00:00:00.0,0.0,358.0,0.0,1683.0,8377.0,0.0,0.0,0.0,0.0,0.0,0.0,0.0,0.0,0.0,370.0,0.0,0.0,0.0,0.0,30.0
2019-09-06T01:00:00.0,0.0,279.0,0.0,1678.0,8097.0,0.0,0.0,0.0,0.0,0.0,0.0,0.0,0.0,0.0,367.0,0.0,0.0,0.0,0.0,28.0
2019-09-06T02:00:00.0,0.0,320.0,0.0,1676.0,8171.0,0.0,0.0,0.0,0.0,0.0,0.0,0.0,0.0,0.0,368.0,0.0,0.0,0.0,0.0,28.0
2019-09-06T03:00:00.0,0.0,358.0,0.0,1673.0,8611.0,0.0,0.0,0.0,0.0,0.0,0.0,0.0,0.0,0.0,368.0,0.0,0.0,0.0,0.0,27.0
2019-09-06T04:00:00.0,0.0,439.0,0.0,1669.0,9607.0,0.0,0.0,0.0,0.0,0.0,0.0,0.0,0.0,0.0,367.0,0.0,0.0,0.0,0.0,28.0
2019-09-06T05:00:00.0,0.0,338.0,0.0,1667.0,12317.0,0.0,0.0,0.0,0.0,0.0,0.0,0.0,0.0,0.0,369.0,0.0,0.0,0.0,0.0,24.0
2019-09-06T06:00:00.0,0.0,335.0,0.0,1680.0,14462.0,0.0,0.0,0.0,0.0,0.0,0.0,0.0,0.0,0.0,364.0,0.0,0.0,0.0,0.0,22.0
2019-09-06T07:00:00.0,0.0,304.0,0.0,1682.0,14733.0,0.0,0.0,0.0,0.0,0.0,0.0,0.0,0.0,0.0,367.0,0.0,0.0,0.0,0.0,21.0
2019-09-06T08:00:00.0,0.0,367.0,0.0,1691.0,14907.0,0.0,0.0,0.0,0.0,0.0,0.0,0.0,0.0,0.0,367.0,0.0,0.0,0.0,0.0,19.0
2019-09-06T09:00:00.0,0.0,393.0,0.0,1693.0,14698.0,0.0,0.0,0.0,0.0,0.0,0.0,0.0,0.0,0.0,366.0,0.0,0.0,0.0,0.0,19.0
2019-09-06T10:00:00.0,0.0,440.0,0.0,1695.0,13341.0,0.0,0.0,0.0,0.0,0.0,0.0,0.0,0.0,0.0,365.0,0.0,0.0,0.0,0.0,34.0
2019-09-06T11:00:00.0,0.0,378.0,0.0,1689.0,12965.0,0.0,0.0,0.0,0.0,0.0,0.0,0.0,0.0,0.0,366.0,0.0,0.0,0.0,0.0,28.0
2019-09-06T12:00:00.0,0.0,365.0,0.0,1692.0,12279.0,0.0,0.0,0.0,0.0,0.0,0.0,0.0,0.0,0.0,370.0,0.0,0.0,0.0,0.0,24.0
2019-09-06T13:00:00.0,0.0,365.0,0.0,1682.0,12281.0,0.0,0.0,0.0,0.0,0.0,0.0,0.0,0.0,0.0,369.0,0.0,0.0,0.0,0.0,25.0
2019-09-06T14:00:00.0,0.0,271.0,0.0,1685.0,12158.0,0.0,0.0,0.0,0.0,0.0,0.0,0.0,0.0,0.0,362.0,0.0,0.0,0.0,0.0,21.0
2019-09-06T15:00:00.0,0.0,244.0,0.0,1692.0,13071.0,0.0,0.0,0.0,0.0,0.0,0.0,0.0,0.0,0.0,292.0,0.0,0.0,0.0,0.0,20.0
2019-09-06T16:00:00.0,0.0,210.0,0.0,1688.0,14490.0,0.0,0.0,0.0,0.0,0.0,0.0,0.0,0.0,0.0,295.0,0.0,0.0,0.0,0.0,25.0
2019-09-06T17:00:00.0,0.0,229.0,0.0,1681.0,14972.0,0.0,0.0,0.0,0.0,0.0,0.0,0.0,0.0,0.0,296.0,0.0,0.0,0.0,0.0,28.0
2019-09-06T18:00:00.0,0.0,238.0,0.0,1675.0,14957.0,0.0,0.0,0.0,0.0,0.0,0.0,0.0,0.0,0.0,295.0,0.0,0.0,0.0,0.0,27.0
2019-09-06T19:00:00.0,0.0,227.0,0.0,1673.0,14731.0,0.0,0.0,0.0,0.0,0.0,0.0,0.0,0.0,0.0,371.0,0.0,0.0,0.0,0.0,28.0
2019-09-06T20:00:00.0,0.0,236.0,0.0,1674.0,14509.0,0.0,0.0,0.0,0.0,0.0,0.0,0.0,0.0,0.0,369.0,0.0,0.0,0.0,0.0,27.0
2019-09-06T21:00:00.0,0.0,261.0,0.0,1673.0,14056.0,0.0,0.0,0.0,0.0,0.0,0.0,0.0,0.0,0.0,366.0,0.0,0.0,0.0,0.0,26.0
2019-09-06T22:00:00.0,0.0,220.0,0.0,1667.0,13207.0,0.0,0.0,0.0,0.0,0.0,0.0,0.0,0.0,0.0,368.0,0.0,0.0,0.0,0.0,21.0
2019-09-06T23:00:00.0,0.0,224.0,0.0,1680.0,12468.0,0.0,0.0,0.0,0.0,0.0,0.0,0.0,0.0,0.0,290.0,0.0,0.0,0.0,0.0,23.0
2019-09-07T00:00:00.0,0.0,240.0,0.0,1681.0,11573.0,0.0,0.0,0.0,0.0,0.0,0.0,0.0,0.0,0.0,287.0,0.0,0.0,0.0,0.0,22.0
2019-09-07T01:00:00.0,0.0,256.0,0.0,1680.0,10886.0,0.0,0.0,0.0,0.0,0.0,0.0,0.0,0.0,0.0,289.0,0.0,0.0,0.0,0.0,20.0
2019-09-07T02:00:00.0,0.0,246.0,0.0,1679.0,10623.0,0.0,0.0,0.0,0.0,0.0,0.0,0.0,0.0,0.0,292.0,0.0,0.0,0.0,0.0,22.0
2019-09-07T03:00:00.0,0.0,238.0,0.0,1674.0,10852.0,0.0,0.0,0.0,0.0,0.0,0.0,0.0,0.0,0.0,290.0,0.0,0.0,0.0,0.0,22.0
2019-09-07T04:00:00.0,0.0,235.0,0.0,1671.0,11343.0,0.0,0.0,0.0,0.0,0.0,0.0,0.0,0.0,0.0,290.0,0.0,0.0,0.0,0.0,24.0
2019-09-07T05:00:00.0,0.0,220.0,0.0,1671.0,12232.0,0.0,0.0,0.0,0.0,0.0,0.0,0.0,0.0,0.0,299.0,0.0,0.0,0.0,0.0,25.0
2019-09-07T06:00:00.0,0.0,212.0,0.0,1669.0,13047.0,0.0,0.0,0.0,0.0,0.0,0.0,0.0,0.0,0.0,298.0,0.0,0.0,0.0,0.0,27.0
2019-09-07T07:00:00.0,0.0,216.0,0.0,1664.0,13934.0,0.0,0.0,0.0,0.0,0.0,0.0,0.0,0.0,0.0,298.0,0.0,0.0,0.0,0.0,32.0
2019-09-07T08:00:00.0,0.0,219.0,0.0,1671.0,14599.0,0.0,0.0,0.0,0.0,0.0,0.0,0.0,0.0,0.0,290.0,0.0,0.0,0.0,0.0,29.0
2019-09-07T09:00:00.0,0.0,286.0,0.0,1665.0,14835.0,0.0,0.0,0.0,0.0,0.0,0.0,0.0,0.0,0.0,291.0,0.0,0.0,0.0,0.0,29.0
2019-09-07T10:00:00.0,0.0,322.0,0.0,1674.0,14463.0,0.0,0.0,0.0,0.0,0.0,0.0,0.0,0.0,0.0,292.0,0.0,0.0,0.0,0.0,28.0
2019-09-07T11:00:00.0,0.0,366.0,0.0,1671.0,13948.0,0.0,0.0,0.0,0.0,0.0,0.0,0.0,0.0,0.0,272.0,0.0,0.0,0.0,0.0,39.0
2019-09-07T12:00:00.0,0.0,382.0,0.0,1674.0,13746.0,0.0,0.0,0.0,0.0,0.0,0.0,0.0,0.0,0.0,271.0,0.0,0.0,0.0,0.0,40.0
2019-09-07T13:00:00.0,0.0,310.0,0.0,1669.0,13543.0,0.0,0.0,0.0,0.0,0.0,0.0,0.0,0.0,0.0,269.0,0.0,0.0,0.0,0.0,24.0
2019-09-07T14:00:00.0,0.0,342.0,0.0,1660.0,13373.0,0.0,0.0,0.0,0.0,0.0,0.0,0.0,0.0,0.0,345.0,0.0,0.0,0.0,0.0,30.0
2019-09-07T15:00:00.0,0.0,355.0,0.0,1655.0,13394.0,0.0,0.0,0.0,0.0,0.0,0.0,0.0,0.0,0.0,345.0,0.0,0.0,0.0,0.0,29.0
2019-09-07T16:00:00.0,0.0,313.0,0.0,1655.0,13986.0,0.0,0.0,0.0,0.0,0.0,0.0,0.0,0.0,0.0,342.0,0.0,0.0,0.0,0.0,21.0
2019-09-07T17:00:00.0,0.0,346.0,0.0,1661.0,13963.0,0.0,0.0,0.0,0.0,0.0,0.0,0.0,0.0,0.0,348.0,0.0,0.0,0.0,0.0,26.0
2019-09-07T18:00:00.0,0.0,323.0,0.0,1667.0,14062.0,0.0,0.0,0.0,0.0,0.0,0.0,0.0,0.0,0.0,350.0,0.0,0.0,0.0,0.0,24.0
2019-09-07T19:00:00.0,0.0,281.0,0.0,1662.0,14382.0,0.0,0.0,0.0,0.0,0.0,0.0,0.0,0.0,0.0,348.0,0.0,0.0,0.0,0.0,25.0
2019-09-07T20:00:00.0,0.0,243.0,0.0,1657.0,14211.0,0.0,0.0,0.0,0.0,0.0,0.0,0.0,0.0,0.0,309.0,0.0,0.0,0.0,0.0,23.0
2019-09-07T21:00:00.0,0.0,193.0,0.0,1583.0,14024.0,0.0,0.0,0.0,0.0,0.0,0.0,0.0,0.0,0.0,304.0,0.0,0.0,0.0,0.0,16.0
2019-09-07T22:00:00.0,0.0,161.0,0.0,1577.0,13219.0,0.0,0.0,0.0,0.0,0.0,0.0,0.0,0.0,0.0,307.0,0.0,0.0,0.0,0.0,15.0
2019-09-07T23:00:00.0,0.0,141.0,0.0,1560.0,12981.0,0.0,0.0,0.0,0.0,0.0,0.0,0.0,0.0,0.0,301.0,0.0,0.0,0.0,0.0,13.0
2019-09-08T00:00:00.0,0.0,151.0,0.0,1557.0,12329.0,0.0,0.0,0.0,0.0,0.0,0.0,0.0,0.0,0.0,298.0,0.0,0.0,0.0,0.0,13.0
2019-09-08T01:00:00.0,0.0,132.0,0.0,1554.0,12225.0,0.0,0.0,0.0,0.0,0.0,0.0,0.0,0.0,0.0,307.0,0.0,0.0,0.0,0.0,13.0
2019-09-08T02:00:00.0,0.0,114.0,0.0,1550.0,12063.0,0.0,0.0,0.0,0.0,0.0,0.0,0.0,0.0,0.0,309.0,0.0,0.0,0.0,0.0,12.0
2019-09-08T03:00:00.0,0.0,108.0,0.0,1547.0,11992.0,0.0,0.0,0.0,0.0,0.0,0.0,0.0,0.0,0.0,305.0,0.0,0.0,0.0,0.0,14.0
2019-09-08T04:00:00.0,0.0,110.0,0.0,1546.0,11875.0,0.0,0.0,0.0,0.0,0.0,0.0,0.0,0.0,0.0,309.0,0.0,0.0,0.0,0.0,15.0
2019-09-08T05:00:00.0,0.0,93.0,0.0,1540.0,12185.0,0.0,0.0,0.0,0.0,0.0,0.0,0.0,0.0,0.0,310.0,0.0,0.0,0.0,0.0,18.0
2019-09-08T06:00:00.0,0.0,99.0,0.0,1540.0,12700.0,0.0,0.0,0.0,0.0,0.0,0.0,0.0,0.0,0.0,307.0,0.0,0.0,0.0,0.0,25.0
2019-09-08T07:00:00.0,0.0,97.0,0.0,1534.0,13342.0,0.0,0.0,0.0,0.0,0.0,0.0,0.0,0.0,0.0,306.0,0.0,0.0,0.0,0.0,33.0
2019-09-08T08:00:00.0,0.0,73.0,0.0,1526.0,14180.0,0.0,0.0,0.0,0.0,0.0,0.0,0.0,0.0,0.0,311.0,0.0,0.0,0.0,0.0,28.0
2019-09-08T09:00:00.0,0.0,78.0,0.0,1515.0,14186.0,0.0,0.0,0.0,0.0,0.0,0.0,0.0,0.0,0.0,348.0,0.0,0.0,0.0,0.0,30.0
2019-09-08T10:00:00.0,0.0,112.0,0.0,1516.0,14382.0,0.0,0.0,0.0,0.0,0.0,0.0,0.0,0.0,0.0,345.0,0.0,0.0,0.0,0.0,41.0
2019-09-08T11:00:00.0,0.0,93.0,0.0,1514.0,14686.0,0.0,0.0,0.0,0.0,0.0,0.0,0.0,0.0,0.0,339.0,0.0,0.0,0.0,0.0,31.0
2019-09-08T12:00:00.0,0.0,112.0,0.0,1513.0,14526.0,0.0,0.0,0.0,0.0,0.0,0.0,0.0,0.0,0.0,339.0,0.0,0.0,0.0,0.0,38.0
2019-09-08T13:00:00.0,0.0,147.0,0.0,1512.0,14485.0,0.0,0.0,0.0,0.0,0.0,0.0,0.0,0.0,0.0,342.0,0.0,0.0,0.0,0.0,46.0
2019-09-08T14:00:00.0,0.0,157.0,0.0,1509.0,14504.0,0.0,0.0,0.0,0.0,0.0,0.0,0.0,0.0,0.0,345.0,0.0,0.0,0.0,0.0,45.0
2019-09-08T15:00:00.0,0.0,128.0,0.0,1500.0,14489.0,0.0,0.0,0.0,0.0,0.0,0.0,0.0,0.0,0.0,343.0,0.0,0.0,0.0,0.0,35.0
2019-09-08T16:00:00.0,0.0,144.0,0.0,1498.0,14546.0,0.0,0.0,0.0,0.0,0.0,0.0,0.0,0.0,0.0,343.0,0.0,0.0,0.0,0.0,34.0
2019-09-08T17:00:00.0,0.0,143.0,0.0,1496.0,14642.0,0.0,0.0,0.0,0.0,0.0,0.0,0.0,0.0,0.0,339.0,0.0,0.0,0.0,0.0,33.0
2019-09-08T18:00:00.0,0.0,154.0,0.0,1499.0,14478.0,0.0,0.0,0.0,0.0,0.0,0.0,0.0,0.0,0.0,342.0,0.0,0.0,0.0,0.0,36.0
2019-09-08T19:00:00.0,0.0,168.0,0.0,1496.0,14544.0,0.0,0.0,0.0,0.0,0.0,0.0,0.0,0.0,0.0,302.0,0.0,0.0,0.0,0.0,39.0
2019-09-08T20:00:00.0,0.0,171.0,0.0,1494.0,14433.0,0.0,0.0,0.0,0.0,0.0,0.0,0.0,0.0,0.0,306.0,0.0,0.0,0.0,0.0,33.0
2019-09-08T21:00:00.0,0.0,187.0,0.0,1490.0,14105.0,0.0,0.0,0.0,0.0,0.0,0.0,0.0,0.0,0.0,308.0,0.0,0.0,0.0,0.0,34.0
2019-09-08T22:00:00.0,0.0,175.0,0.0,1488.0,13755.0,0.0,0.0,0.0,0.0,0.0,0.0,0.0,0.0,0.0,306.0,0.0,0.0,0.0,0.0,29.0
2019-09-08T23:00:00.0,0.0,273.0,0.0,1438.0,13200.0,0.0,0.0,0.0,0.0,0.0,0.0,0.0,0.0,0.0,347.0,0.0,0.0,0.0,0.0,35.0
2019-09-09T00:00:00.0,0.0,261.0,0.0,1436.0,12350.0,0.0,0.0,0.0,0.0,0.0,0.0,0.0,0.0,0.0,349.0,0.0,0.0,0.0,0.0,29.0
2019-09-09T01:00:00.0,0.0,306.0,0.0,1434.0,11710.0,0.0,0.0,0.0,0.0,0.0,0.0,0.0,0.0,0.0,347.0,0.0,0.0,0.0,0.0,27.0
2019-09-09T02:00:00.0,0.0,329.0,0.0,1433.0,11272.0,0.0,0.0,0.0,0.0,0.0,0.0,0.0,0.0,0.0,346.0,0.0,0.0,0.0,0.0,27.0
2019-09-09T03:00:00.0,0.0,369.0,0.0,1424.0,11513.0,0.0,0.0,0.0,0.0,0.0,0.0,0.0,0.0,0.0,304.0,0.0,0.0,0.0,0.0,29.0
2019-09-09T04:00:00.0,0.0,474.0,0.0,1414.0,12549.0,0.0,0.0,0.0,0.0,0.0,0.0,0.0,0.0,0.0,303.0,0.0,0.0,0.0,0.0,38.0
2019-09-09T05:00:00.0,0.0,495.0,0.0,1414.0,13811.0,0.0,0.0,0.0,0.0,0.0,0.0,0.0,0.0,0.0,302.0,0.0,0.0,0.0,0.0,40.0
2019-09-09T06:00:00.0,0.0,485.0,0.0,1417.0,14961.0,0.0,0.0,0.0,0.0,0.0,0.0,0.0,0.0,0.0,303.0,0.0,0.0,0.0,0.0,43.0
2019-09-09T07:00:00.0,0.0,498.0,0.0,1424.0,15387.0,0.0,0.0,0.0,0.0,0.0,0.0,0.0,0.0,0.0,343.0,0.0,0.0,0.0,0.0,45.0
2019-09-09T08:00:00.0,0.0,519.0,0.0,1462.0,15396.0,0.0,0.0,0.0,0.0,0.0,0.0,0.0,0.0,0.0,302.0,0.0,0.0,0.0,0.0,41.0
2019-09-09T09:00:00.0,0.0,538.0,0.0,1464.0,15402.0,0.0,0.0,0.0,0.0,0.0,0.0,0.0,0.0,0.0,329.0,0.0,0.0,0.0,0.0,34.0
2019-09-09T10:00:00.0,0.0,539.0,0.0,1465.0,15145.0,0.0,0.0,0.0,0.0,0.0,0.0,0.0,0.0,0.0,329.0,0.0,0.0,0.0,0.0,27.0
2019-09-09T11:00:00.0,0.0,493.0,0.0,1463.0,14809.0,0.0,0.0,0.0,0.0,0.0,0.0,0.0,0.0,0.0,332.0,0.0,0.0,0.0,0.0,21.0
2019-09-09T12:00:00.0,0.0,427.0,0.0,1463.0,14405.0,0.0,0.0,0.0,0.0,0.0,0.0,0.0,0.0,0.0,335.0,0.0,0.0,0.0,0.0,15.0
2019-09-09T13:00:00.0,0.0,386.0,0.0,1462.0,14295.0,0.0,0.0,0.0,0.0,0.0,0.0,0.0,0.0,0.0,329.0,0.0,0.0,0.0,0.0,12.0
2019-09-09T14:00:00.0,0.0,343.0,0.0,1467.0,14191.0,0.0,0.0,0.0,0.0,0.0,0.0,0.0,0.0,0.0,333.0,0.0,0.0,0.0,0.0,11.0
2019-09-09T15:00:00.0,0.0,282.0,0.0,1465.0,14064.0,0.0,0.0,0.0,0.0,0.0,0.0,0.0,0.0,0.0,328.0,0.0,0.0,0.0,0.0,11.0
2019-09-09T16:00:00.0,0.0,271.0,0.0,1467.0,14061.0,0.0,0.0,0.0,0.0,0.0,0.0,0.0,0.0,0.0,328.0,0.0,0.0,0.0,0.0,12.0
2019-09-09T17:00:00.0,0.0,258.0,0.0,1467.0,13890.0,0.0,0.0,0.0,0.0,0.0,0.0,0.0,0.0,0.0,328.0,0.0,0.0,0.0,0.0,13.0
2019-09-09T18:00:00.0,0.0,208.0,0.0,1465.0,14119.0,0.0,0.0,0.0,0.0,0.0,0.0,0.0,0.0,0.0,326.0,0.0,0.0,0.0,0.0,14.0
2019-09-09T19:00:00.0,0.0,188.0,0.0,1464.0,14141.0,0.0,0.0,0.0,0.0,0.0,0.0,0.0,0.0,0.0,327.0,0.0,0.0,0.0,0.0,17.0
2019-09-09T20:00:00.0,0.0,168.0,0.0,1463.0,13940.0,0.0,0.0,0.0,0.0,0.0,0.0,0.0,0.0,0.0,321.0,0.0,0.0,0.0,0.0,18.0
2019-09-09T21:00:00.0,0.0,204.0,0.0,1460.0,13443.0,0.0,0.0,0.0,0.0,0.0,0.0,0.0,0.0,0.0,328.0,0.0,0.0,0.0,0.0,26.0
2019-09-09T22:00:00.0,0.0,217.0,0.0,1460.0,12555.0,0.0,0.0,0.0,0.0,0.0,0.0,0.0,0.0,0.0,329.0,0.0,0.0,0.0,0.0,30.0
2019-09-09T23:00:00.0,0.0,273.0,0.0,1433.0,11528.0,0.0,0.0,0.0,0.0,0.0,0.0,0.0,0.0,0.0,337.0,0.0,0.0,0.0,0.0,65.0
2019-09-10T00:00:00.0,0.0,191.0,0.0,1432.0,10878.0,0.0,0.0,0.0,0.0,0.0,0.0,0.0,0.0,0.0,334.0,0.0,0.0,0.0,0.0,50.0
2019-09-10T01:00:00.0,0.0,179.0,0.0,1432.0,10179.0,0.0,0.0,0.0,0.0,0.0,0.0,0.0,0.0,0.0,336.0,0.0,0.0,0.0,0.0,47.0
2019-09-10T02:00:00.0,0.0,173.0,0.0,1436.0,10015.0,0.0,0.0,0.0,0.0,0.0,0.0,0.0,0.0,0.0,334.0,0.0,0.0,0.0,0.0,42.0
2019-09-10T03:00:00.0,0.0,214.0,0.0,1435.0,9892.0,0.0,0.0,0.0,0.0,0.0,0.0,0.0,0.0,0.0,339.0,0.0,0.0,0.0,0.0,50.0
2019-09-10T04:00:00.0,0.0,229.0,0.0,1435.0,11113.0,0.0,0.0,0.0,0.0,0.0,0.0,0.0,0.0,0.0,337.0,0.0,0.0,0.0,0.0,44.0
2019-09-10T05:00:00.0,0.0,188.0,0.0,1437.0,12905.0,0.0,0.0,0.0,0.0,0.0,0.0,0.0,0.0,0.0,339.0,0.0,0.0,0.0,0.0,27.0
2019-09-10T06:00:00.0,0.0,200.0,0.0,1441.0,14007.0,0.0,0.0,0.0,0.0,0.0,0.0,0.0,0.0,0.0,337.0,0.0,0.0,0.0,0.0,25.0
2019-09-10T07:00:00.0,0.0,194.0,0.0,1439.0,14389.0,0.0,0.0,0.0,0.0,0.0,0.0,0.0,0.0,0.0,346.0,0.0,0.0,0.0,0.0,20.0
2019-09-10T08:00:00.0,0.0,211.0,0.0,1440.0,14331.0,0.0,0.0,0.0,0.0,0.0,0.0,0.0,0.0,0.0,340.0,0.0,0.0,0.0,0.0,14.0
2019-09-10T09:00:00.0,0.0,270.0,0.0,1439.0,14226.0,0.0,0.0,0.0,0.0,0.0,0.0,0.0,0.0,0.0,345.0,0.0,0.0,0.0,0.0,19.0
2019-09-10T10:00:00.0,0.0,305.0,0.0,1439.0,13608.0,0.0,0.0,0.0,0.0,0.0,0.0,0.0,0.0,0.0,349.0,0.0,0.0,0.0,0.0,16.0
2019-09-10T11:00:00.0,0.0,287.0,0.0,1437.0,12953.0,0.0,0.0,0.0,0.0,0.0,0.0,0.0,0.0,0.0,339.0,0.0,0.0,0.0,0.0,10.0
2019-09-10T12:00:00.0,0.0,274.0,0.0,1437.0,12722.0,0.0,0.0,0.0,0.0,0.0,0.0,0.0,0.0,0.0,345.0,0.0,0.0,0.0,0.0,9.0
2019-09-10T13:00:00.0,0.0,270.0,0.0,1440.0,12744.0,0.0,0.0,0.0,0.0,0.0,0.0,0.0,0.0,0.0,343.0,0.0,0.0,0.0,0.0,12.0
2019-09-10T14:00:00.0,0.0,288.0,0.0,1434.0,12611.0,0.0,0.0,0.0,0.0,0.0,0.0,0.0,0.0,0.0,340.0,0.0,0.0,0.0,0.0,9.0
2019-09-10T15:00:00.0,0.0,308.0,0.0,1435.0,13070.0,0.0,0.0,0.0,0.0,0.0,0.0,0.0,0.0,0.0,324.0,0.0,0.0,0.0,0.0,14.0
2019-09-10T16:00:00.0,0.0,282.0,0.0,1435.0,13554.0,0.0,0.0,0.0,0.0,0.0,0.0,0.0,0.0,0.0,324.0,0.0,0.0,0.0,0.0,10.0
2019-09-10T17:00:00.0,0.0,261.0,0.0,1436.0,13381.0,0.0,0.0,0.0,0.0,0.0,0.0,0.0,0.0,0.0,324.0,0.0,0.0,0.0,0.0,13.0
2019-09-10T18:00:00.0,0.0,269.0,0.0,1432.0,13660.0,0.0,0.0,0.0,0.0,0.0,0.0,0.0,0.0,0.0,345.0,0.0,0.0,0.0,0.0,14.0
2019-09-10T19:00:00.0,0.0,335.0,0.0,1432.0,13636.0,0.0,0.0,0.0,0.0,0.0,0.0,0.0,0.0,0.0,347.0,0.0,0.0,0.0,0.0,24.0
2019-09-10T20:00:00.0,0.0,334.0,0.0,1430.0,13153.0,0.0,0.0,0.0,0.0,0.0,0.0,0.0,0.0,0.0,347.0,0.0,0.0,0.0,0.0,15.0
2019-09-10T21:00:00.0,0.0,393.0,0.0,1390.0,12223.0,0.0,0.0,0.0,0.0,0.0,0.0,0.0,0.0,0.0,343.0,0.0,0.0,0.0,0.0,33.0
2019-09-10T22:00:00.0,0.0,477.0,0.0,1386.0,10753.0,0.0,0.0,0.0,0.0,0.0,0.0,0.0,0.0,0.0,342.0,0.0,0.0,0.0,0.0,59.0
2019-09-10T23:00:00.0,0.0,586.0,0.0,1377.0,11027.0,0.0,0.0,0.0,0.0,0.0,0.0,0.0,0.0,0.0,341.0,0.0,0.0,0.0,0.0,66.0
2019-09-11T00:00:00.0,0.0,594.0,0.0,1377.0,10075.0,0.0,0.0,0.0,0.0,0.0,0.0,0.0,0.0,0.0,346.0,0.0,0.0,0.0,0.0,80.0
2019-09-11T01:00:00.0,0.0,651.0,0.0,1375.0,9046.0,0.0,0.0,0.0,0.0,0.0,0.0,0.0,0.0,0.0,345.0,0.0,0.0,0.0,0.0,97.0
2019-09-11T02:00:00.0,0.0,645.0,0.0,1375.0,8663.0,0.0,0.0,0.0,0.0,0.0,0.0,0.0,0.0,0.0,344.0,0.0,0.0,0.0,0.0,92.0
2019-09-11T03:00:00.0,0.0,675.0,0.0,1375.0,8655.0,0.0,0.0,0.0,0.0,0.0,0.0,0.0,0.0,0.0,343.0,0.0,0.0,0.0,0.0,83.0
2019-09-11T04:00:00.0,0.0,794.0,0.0,1373.0,10204.0,0.0,0.0,0.0,0.0,0.0,0.0,0.0,0.0,0.0,347.0,0.0,0.0,0.0,0.0,95.0
2019-09-11T05:00:00.0,0.0,866.0,0.0,1377.0,12325.0,0.0,0.0,0.0,0.0,0.0,0.0,0.0,0.0,0.0,344.0,0.0,0.0,0.0,0.0,99.0
2019-09-11T06:00:00.0,0.0,919.0,0.0,1384.0,13522.0,0.0,0.0,0.0,0.0,0.0,0.0,0.0,0.0,0.0,346.0,0.0,0.0,0.0,0.0,98.0
2019-09-11T07:00:00.0,0.0,977.0,0.0,1383.0,13694.0,0.0,0.0,0.0,0.0,0.0,0.0,0.0,0.0,0.0,339.0,0.0,0.0,0.0,0.0,113.0
2019-09-11T08:00:00.0,0.0,1039.0,0.0,1383.0,13250.0,0.0,0.0,0.0,0.0,0.0,0.0,0.0,0.0,0.0,341.0,0.0,0.0,0.0,0.0,117.0
2019-09-11T09:00:00.0,0.0,1046.0,0.0,1390.0,13488.0,0.0,0.0,0.0,0.0,0.0,0.0,0.0,0.0,0.0,339.0,0.0,0.0,0.0,0.0,118.0
2019-09-11T10:00:00.0,0.0,1014.0,0.0,1400.0,12538.0,0.0,0.0,0.0,0.0,0.0,0.0,0.0,0.0,0.0,332.0,0.0,0.0,0.0,0.0,112.0
2019-09-11T11:00:00.0,0.0,963.0,0.0,1436.0,11820.0,0.0,0.0,0.0,0.0,0.0,0.0,0.0,0.0,0.0,335.0,0.0,0.0,0.0,0.0,94.0
2019-09-11T12:00:00.0,0.0,827.0,0.0,1445.0,11420.0,0.0,0.0,0.0,0.0,0.0,0.0,0.0,0.0,0.0,337.0,0.0,0.0,0.0,0.0,68.0
2019-09-11T13:00:00.0,0.0,682.0,0.0,1453.0,11361.0,0.0,0.0,0.0,0.0,0.0,0.0,0.0,0.0,0.0,334.0,0.0,0.0,0.0,0.0,59.0
2019-09-11T14:00:00.0,0.0,650.0,0.0,1465.0,11686.0,0.0,0.0,0.0,0.0,0.0,0.0,0.0,0.0,0.0,336.0,0.0,0.0,0.0,0.0,67.0
2019-09-11T15:00:00.0,0.0,681.0,0.0,1476.0,11721.0,0.0,0.0,0.0,0.0,0.0,0.0,0.0,0.0,0.0,332.0,0.0,0.0,0.0,0.0,71.0
2019-09-11T16:00:00.0,0.0,787.0,0.0,1487.0,12474.0,0.0,0.0,0.0,0.0,0.0,0.0,0.0,0.0,0.0,332.0,0.0,0.0,0.0,0.0,79.0
2019-09-11T17:00:00.0,0.0,800.0,0.0,1500.0,12774.0,0.0,0.0,0.0,0.0,0.0,0.0,0.0,0.0,0.0,332.0,0.0,0.0,0.0,0.0,79.0
2019-09-11T18:00:00.0,0.0,904.0,0.0,1509.0,12877.0,0.0,0.0,0.0,0.0,0.0,0.0,0.0,0.0,0.0,331.0,0.0,0.0,0.0,0.0,95.0
2019-09-11T19:00:00.0,0.0,808.0,0.0,1515.0,12679.0,0.0,0.0,0.0,0.0,0.0,0.0,0.0,0.0,0.0,330.0,0.0,0.0,0.0,0.0,96.0
2019-09-11T20:00:00.0,0.0,869.0,0.0,1520.0,12164.0,0.0,0.0,0.0,0.0,0.0,0.0,0.0,0.0,0.0,331.0,0.0,0.0,0.0,0.0,107.0
2019-09-11T21:00:00.0,0.0,969.0,0.0,1523.0,11613.0,0.0,0.0,0.0,0.0,0.0,0.0,0.0,0.0,0.0,336.0,0.0,0.0,0.0,0.0,142.0
2019-09-11T22:00:00.0,0.0,980.0,0.0,1526.0,10359.0,0.0,0.0,0.0,0.0,0.0,0.0,0.0,0.0,0.0,331.0,0.0,0.0,0.0,0.0,145.0
2019-09-11T23:00:00.0,0.0,1091.0,0.0,1553.0,9364.0,0.0,0.0,0.0,0.0,0.0,0.0,0.0,0.0,0.0,328.0,0.0,0.0,0.0,0.0,10.0
2019-09-12T00:00:00.0,0.0,1138.0,0.0,1557.0,9024.0,0.0,0.0,0.0,0.0,0.0,0.0,0.0,0.0,0.0,330.0,0.0,0.0,0.0,0.0,10.0
2019-09-12T01:00:00.0,0.0,1267.0,0.0,1556.0,8894.0,0.0,0.0,0.0,0.0,0.0,0.0,0.0,0.0,0.0,327.0,0.0,0.0,0.0,0.0,10.0
2019-09-12T02:00:00.0,0.0,1129.0,0.0,1558.0,8909.0,0.0,0.0,0.0,0.0,0.0,0.0,0.0,0.0,0.0,330.0,0.0,0.0,0.0,0.0,10.0
2019-09-12T03:00:00.0,0.0,1198.0,0.0,1560.0,9551.0,0.0,0.0,0.0,0.0,0.0,0.0,0.0,0.0,0.0,331.0,0.0,0.0,0.0,0.0,10.0
2019-09-12T04:00:00.0,0.0,1120.0,0.0,1563.0,10788.0,0.0,0.0,0.0,0.0,0.0,0.0,0.0,0.0,0.0,333.0,0.0,0.0,0.0,0.0,11.0
2019-09-12T05:00:00.0,0.0,1141.0,0.0,1570.0,12283.0,0.0,0.0,0.0,0.0,0.0,0.0,0.0,0.0,0.0,333.0,0.0,0.0,0.0,0.0,10.0
2019-09-12T06:00:00.0,0.0,1088.0,0.0,1561.0,13483.0,0.0,0.0,0.0,0.0,0.0,0.0,0.0,0.0,0.0,334.0,0.0,0.0,0.0,0.0,10.0
2019-09-12T07:00:00.0,0.0,1068.0,0.0,1561.0,14170.0,0.0,0.0,0.0,0.0,0.0,0.0,0.0,0.0,0.0,329.0,0.0,0.0,0.0,0.0,10.0
2019-09-12T08:00:00.0,0.0,1033.0,0.0,1562.0,13924.0,0.0,0.0,0.0,0.0,0.0,0.0,0.0,0.0,0.0,326.0,0.0,0.0,0.0,0.0,10.0
2019-09-12T09:00:00.0,0.0,1043.0,0.0,1560.0,13778.0,0.0,0.0,0.0,0.0,0.0,0.0,0.0,0.0,0.0,330.0,0.0,0.0,0.0,0.0,12.0
2019-09-12T10:00:00.0,0.0,997.0,0.0,1560.0,13374.0,0.0,0.0,0.0,0.0,0.0,0.0,0.0,0.0,0.0,331.0,0.0,0.0,0.0,0.0,13.0
2019-09-12T11:00:00.0,0.0,968.0,0.0,1554.0,13322.0,0.0,0.0,0.0,0.0,0.0,0.0,0.0,0.0,0.0,331.0,0.0,0.0,0.0,0.0,13.0
2019-09-12T12:00:00.0,0.0,1024.0,0.0,1557.0,13239.0,0.0,0.0,0.0,0.0,0.0,0.0,0.0,0.0,0.0,322.0,0.0,0.0,0.0,0.0,13.0
2019-09-12T13:00:00.0,0.0,1019.0,0.0,1558.0,12330.0,0.0,0.0,0.0,0.0,0.0,0.0,0.0,0.0,0.0,318.0,0.0,0.0,0.0,0.0,13.0
2019-09-12T14:00:00.0,0.0,1118.0,0.0,1551.0,12491.0,0.0,0.0,0.0,0.0,0.0,0.0,0.0,0.0,0.0,316.0,0.0,0.0,0.0,0.0,13.0
2019-09-12T15:00:00.0,0.0,1166.0,0.0,1552.0,12792.0,0.0,0.0,0.0,0.0,0.0,0.0,0.0,0.0,0.0,310.0,0.0,0.0,0.0,0.0,13.0
2019-09-12T16:00:00.0,0.0,1153.0,0.0,1550.0,13077.0,0.0,0.0,0.0,0.0,0.0,0.0,0.0,0.0,0.0,310.0,0.0,0.0,0.0,0.0,13.0
2019-09-12T17:00:00.0,0.0,1149.0,0.0,1560.0,13061.0,0.0,0.0,0.0,0.0,0.0,0.0,0.0,0.0,0.0,318.0,0.0,0.0,0.0,0.0,13.0
2019-09-12T18:00:00.0,0.0,1082.0,0.0,1567.0,13417.0,0.0,0.0,0.0,0.0,0.0,0.0,0.0,0.0,0.0,323.0,0.0,0.0,0.0,0.0,13.0
2019-09-12T19:00:00.0,0.0,1093.0,0.0,1568.0,13120.0,0.0,0.0,0.0,0.0,0.0,0.0,0.0,0.0,0.0,324.0,0.0,0.0,0.0,0.0,13.0
2019-09-12T20:00:00.0,0.0,1070.0,0.0,1576.0,12769.0,0.0,0.0,0.0,0.0,0.0,0.0,0.0,0.0,0.0,325.0,0.0,0.0,0.0,0.0,13.0
2019-09-12T21:00:00.0,0.0,1183.0,0.0,1578.0,12139.0,0.0,0.0,0.0,0.0,0.0,0.0,0.0,0.0,0.0,323.0,0.0,0.0,0.0,0.0,13.0
2019-09-12T22:00:00.0,0.0,1206.0,0.0,1575.0,11398.0,0.0,0.0,0.0,0.0,0.0,0.0,0.0,0.0,0.0,324.0,0.0,0.0,0.0,0.0,13.0
2019-09-12T23:00:00.0,0.0,1105.0,0.0,1599.0,11210.0,0.0,0.0,0.0,0.0,0.0,0.0,0.0,0.0,0.0,326.0,0.0,0.0,0.0,0.0,0.0
2019-09-13T00:00:00.0,0.0,1059.0,0.0,1593.0,9943.0,0.0,0.0,0.0,0.0,0.0,0.0,0.0,0.0,0.0,328.0,0.0,0.0,0.0,0.0,0.0
2019-09-13T01:00:00.0,0.0,1134.0,0.0,1591.0,9272.0,0.0,0.0,0.0,0.0,0.0,0.0,0.0,0.0,0.0,327.0,0.0,0.0,0.0,0.0,0.0
2019-09-13T02:00:00.0,0.0,1108.0,0.0,1588.0,8908.0,0.0,0.0,0.0,0.0,0.0,0.0,0.0,0.0,0.0,325.0,0.0,0.0,0.0,0.0,0.0
2019-09-13T03:00:00.0,0.0,1094.0,0.0,1589.0,8875.0,0.0,0.0,0.0,0.0,0.0,0.0,0.0,0.0,0.0,325.0,0.0,0.0,0.0,0.0,0.0
2019-09-13T04:00:00.0,0.0,1174.0,0.0,1590.0,10335.0,0.0,0.0,0.0,0.0,0.0,0.0,0.0,0.0,0.0,331.0,0.0,0.0,0.0,0.0,0.0
2019-09-13T05:00:00.0,0.0,1148.0,0.0,1591.0,12355.0,0.0,0.0,0.0,0.0,0.0,0.0,0.0,0.0,0.0,326.0,0.0,0.0,0.0,0.0,0.0
2019-09-13T06:00:00.0,0.0,1152.0,0.0,1595.0,13722.0,0.0,0.0,0.0,0.0,0.0,0.0,0.0,0.0,0.0,333.0,0.0,0.0,0.0,0.0,0.0
2019-09-13T07:00:00.0,0.0,1090.0,0.0,1596.0,14465.0,0.0,0.0,0.0,0.0,0.0,0.0,0.0,0.0,0.0,334.0,0.0,0.0,0.0,0.0,0.0
2019-09-13T08:00:00.0,0.0,1068.0,0.0,1602.0,14307.0,0.0,0.0,0.0,0.0,0.0,0.0,0.0,0.0,0.0,329.0,0.0,0.0,0.0,0.0,0.0
2019-09-13T09:00:00.0,0.0,1016.0,0.0,1602.0,13802.0,0.0,0.0,0.0,0.0,0.0,0.0,0.0,0.0,0.0,328.0,0.0,0.0,0.0,0.0,0.0
2019-09-13T10:00:00.0,0.0,1009.0,0.0,1601.0,13079.0,0.0,0.0,0.0,0.0,0.0,0.0,0.0,0.0,0.0,323.0,0.0,0.0,0.0,0.0,0.0
2019-09-13T11:00:00.0,0.0,1054.0,0.0,1623.0,12809.0,0.0,0.0,0.0,0.0,0.0,0.0,0.0,0.0,0.0,324.0,0.0,0.0,0.0,0.0,0.0
2019-09-13T12:00:00.0,0.0,1082.0,0.0,1622.0,12625.0,0.0,0.0,0.0,0.0,0.0,0.0,0.0,0.0,0.0,314.0,0.0,0.0,0.0,0.0,0.0
2019-09-13T13:00:00.0,0.0,1078.0,0.0,1618.0,12325.0,0.0,0.0,0.0,0.0,0.0,0.0,0.0,0.0,0.0,323.0,0.0,0.0,0.0,0.0,0.0
2019-09-13T14:00:00.0,0.0,1124.0,0.0,1620.0,12423.0,0.0,0.0,0.0,0.0,0.0,0.0,0.0,0.0,0.0,325.0,0.0,0.0,0.0,0.0,0.0
2019-09-13T15:00:00.0,0.0,1166.0,0.0,1616.0,12338.0,0.0,0.0,0.0,0.0,0.0,0.0,0.0,0.0,0.0,328.0,0.0,0.0,0.0,0.0,0.0
2019-09-13T16:00:00.0,0.0,1141.0,0.0,1613.0,12851.0,0.0,0.0,0.0,0.0,0.0,0.0,0.0,0.0,0.0,326.0,0.0,0.0,0.0,0.0,0.0
2019-09-13T17:00:00.0,0.0,1192.0,0.0,1617.0,13268.0,0.0,0.0,0.0,0.0,0.0,0.0,0.0,0.0,0.0,329.0,0.0,0.0,0.0,0.0,0.0
2019-09-13T18:00:00.0,0.0,1206.0,0.0,1616.0,13350.0,0.0,0.0,0.0,0.0,0.0,0.0,0.0,0.0,0.0,331.0,0.0,0.0,0.0,0.0,0.0
2019-09-13T19:00:00.0,0.0,1186.0,0.0,1614.0,13227.0,0.0,0.0,0.0,0.0,0.0,0.0,0.0,0.0,0.0,306.0,0.0,0.0,0.0,0.0,0.0
2019-09-13T20:00:00.0,0.0,1245.0,0.0,1613.0,12990.0,0.0,0.0,0.0,0.0,0.0,0.0,0.0,0.0,0.0,322.0,0.0,0.0,0.0,0.0,0.0
2019-09-13T21:00:00.0,0.0,1210.0,0.0,1613.0,12297.0,0.0,0.0,0.0,0.0,0.0,0.0,0.0,0.0,0.0,322.0,0.0,0.0,0.0,0.0,0.0
2019-09-13T22:00:00.0,0.0,1226.0,0.0,1613.0,11520.0,0.0,0.0,0.0,0.0,0.0,0.0,0.0,0.0,0.0,326.0,0.0,0.0,0.0,0.0,0.0
2019-09-13T23:00:00.0,0.0,1240.0,0.0,1608.0,11305.0,0.0,0.0,0.0,0.0,0.0,0.0,0.0,0.0,0.0,338.0,0.0,0.0,0.0,0.0,0.0
2019-09-14T00:00:00.0,0.0,1284.0,0.0,1591.0,10562.0,0.0,0.0,0.0,0.0,0.0,0.0,0.0,0.0,0.0,338.0,0.0,0.0,0.0,0.0,0.0
2019-09-14T01:00:00.0,0.0,1294.0,0.0,1584.0,10368.0,0.0,0.0,0.0,0.0,0.0,0.0,0.0,0.0,0.0,339.0,0.0,0.0,0.0,0.0,0.0
2019-09-14T02:00:00.0,0.0,1299.0,0.0,1576.0,10614.0,0.0,0.0,0.0,0.0,0.0,0.0,0.0,0.0,0.0,338.0,0.0,0.0,0.0,0.0,0.0
2019-09-14T03:00:00.0,0.0,1194.0,0.0,1574.0,10955.0,0.0,0.0,0.0,0.0,0.0,0.0,0.0,0.0,0.0,342.0,0.0,0.0,0.0,0.0,0.0
2019-09-14T04:00:00.0,0.0,1198.0,0.0,1573.0,11670.0,0.0,0.0,0.0,0.0,0.0,0.0,0.0,0.0,0.0,339.0,0.0,0.0,0.0,0.0,0.0
2019-09-14T05:00:00.0,0.0,1152.0,0.0,1571.0,12088.0,0.0,0.0,0.0,0.0,0.0,0.0,0.0,0.0,0.0,340.0,0.0,0.0,0.0,0.0,0.0
2019-09-14T06:00:00.0,0.0,1080.0,0.0,1573.0,12953.0,0.0,0.0,0.0,0.0,0.0,0.0,0.0,0.0,0.0,339.0,0.0,0.0,0.0,0.0,0.0
2019-09-14T07:00:00.0,0.0,1002.0,0.0,1574.0,13602.0,0.0,0.0,0.0,0.0,0.0,0.0,0.0,0.0,0.0,340.0,0.0,0.0,0.0,0.0,0.0
2019-09-14T08:00:00.0,0.0,1014.0,0.0,1569.0,14059.0,0.0,0.0,0.0,0.0,0.0,0.0,0.0,0.0,0.0,344.0,0.0,0.0,0.0,0.0,0.0
2019-09-14T09:00:00.0,0.0,938.0,0.0,1566.0,13937.0,0.0,0.0,0.0,0.0,0.0,0.0,0.0,0.0,0.0,344.0,0.0,0.0,0.0,0.0,0.0
2019-09-14T10:00:00.0,0.0,890.0,0.0,1562.0,13505.0,0.0,0.0,0.0,0.0,0.0,0.0,0.0,0.0,0.0,342.0,0.0,0.0,0.0,0.0,0.0
2019-09-14T11:00:00.0,0.0,914.0,0.0,1561.0,13071.0,0.0,0.0,0.0,0.0,0.0,0.0,0.0,0.0,0.0,342.0,0.0,0.0,0.0,0.0,0.0
2019-09-14T12:00:00.0,0.0,1011.0,0.0,1558.0,12308.0,0.0,0.0,0.0,0.0,0.0,0.0,0.0,0.0,0.0,341.0,0.0,0.0,0.0,0.0,0.0
2019-09-14T13:00:00.0,0.0,912.0,0.0,1566.0,11721.0,0.0,0.0,0.0,0.0,0.0,0.0,0.0,0.0,0.0,343.0,0.0,0.0,0.0,0.0,0.0
2019-09-14T14:00:00.0,0.0,858.0,0.0,1562.0,11763.0,0.0,0.0,0.0,0.0,0.0,0.0,0.0,0.0,0.0,341.0,0.0,0.0,0.0,0.0,0.0
2019-09-14T15:00:00.0,0.0,833.0,0.0,1574.0,13403.0,0.0,0.0,0.0,0.0,0.0,0.0,0.0,0.0,0.0,344.0,0.0,0.0,0.0,0.0,0.0
2019-09-14T16:00:00.0,0.0,936.0,0.0,1580.0,13548.0,0.0,0.0,0.0,0.0,0.0,0.0,0.0,0.0,0.0,339.0,0.0,0.0,0.0,0.0,0.0
2019-09-14T17:00:00.0,0.0,1041.0,0.0,1587.0,13709.0,0.0,0.0,0.0,0.0,0.0,0.0,0.0,0.0,0.0,336.0,0.0,0.0,0.0,0.0,0.0
2019-09-14T18:00:00.0,0.0,1146.0,0.0,1593.0,13575.0,0.0,0.0,0.0,0.0,0.0,0.0,0.0,0.0,0.0,343.0,0.0,0.0,0.0,0.0,0.0
2019-09-14T19:00:00.0,0.0,1258.0,0.0,1594.0,12705.0,0.0,0.0,0.0,0.0,0.0,0.0,0.0,0.0,0.0,341.0,0.0,0.0,0.0,0.0,0.0
2019-09-14T20:00:00.0,0.0,1304.0,0.0,1599.0,11846.0,0.0,0.0,0.0,0.0,0.0,0.0,0.0,0.0,0.0,344.0,0.0,0.0,0.0,0.0,0.0
2019-09-14T21:00:00.0,0.0,1441.0,0.0,1602.0,11315.0,0.0,0.0,0.0,0.0,0.0,0.0,0.0,0.0,0.0,335.0,0.0,0.0,0.0,0.0,0.0
2019-09-14T22:00:00.0,0.0,1422.0,0.0,1600.0,10158.0,0.0,0.0,0.0,0.0,0.0,0.0,0.0,0.0,0.0,331.0,0.0,0.0,0.0,0.0,0.0
2019-09-14T23:00:00.0,0.0,1425.0,0.0,1580.0,9874.0,0.0,0.0,0.0,0.0,0.0,0.0,0.0,0.0,0.0,308.0,0.0,0.0,0.0,0.0,0.0
2019-09-15T00:00:00.0,0.0,1410.0,0.0,1559.0,8491.0,0.0,0.0,0.0,0.0,0.0,0.0,0.0,0.0,0.0,339.0,0.0,0.0,0.0,0.0,0.0
2019-09-15T01:00:00.0,0.0,1371.0,0.0,1554.0,7664.0,0.0,0.0,0.0,0.0,0.0,0.0,0.0,0.0,0.0,342.0,0.0,0.0,0.0,0.0,0.0
2019-09-15T02:00:00.0,0.0,1407.0,0.0,1547.0,7415.0,0.0,0.0,0.0,0.0,0.0,0.0,0.0,0.0,0.0,340.0,0.0,0.0,0.0,0.0,0.0
2019-09-15T03:00:00.0,0.0,1399.0,0.0,1550.0,6960.0,0.0,0.0,0.0,0.0,0.0,0.0,0.0,0.0,0.0,339.0,0.0,0.0,0.0,0.0,0.0
2019-09-15T04:00:00.0,0.0,1414.0,0.0,1553.0,7216.0,0.0,0.0,0.0,0.0,0.0,0.0,0.0,0.0,0.0,339.0,0.0,0.0,0.0,0.0,0.0
2019-09-15T05:00:00.0,0.0,1460.0,0.0,1560.0,7541.0,0.0,0.0,0.0,0.0,0.0,0.0,0.0,0.0,0.0,338.0,0.0,0.0,0.0,0.0,0.0
2019-09-15T06:00:00.0,0.0,1475.0,0.0,1552.0,8113.0,0.0,0.0,0.0,0.0,0.0,0.0,0.0,0.0,0.0,338.0,0.0,0.0,0.0,0.0,0.0
2019-09-15T07:00:00.0,0.0,1433.0,0.0,1552.0,9611.0,0.0,0.0,0.0,0.0,0.0,0.0,0.0,0.0,0.0,338.0,0.0,0.0,0.0,0.0,0.0
2019-09-15T08:00:00.0,0.0,1447.0,0.0,1557.0,10159.0,0.0,0.0,0.0,0.0,0.0,0.0,0.0,0.0,0.0,337.0,0.0,0.0,0.0,0.0,0.0
2019-09-15T09:00:00.0,0.0,1467.0,0.0,1556.0,9875.0,0.0,0.0,0.0,0.0,0.0,0.0,0.0,0.0,0.0,338.0,0.0,0.0,0.0,0.0,0.0
2019-09-15T10:00:00.0,0.0,1479.0,0.0,1564.0,9243.0,0.0,0.0,0.0,0.0,0.0,0.0,0.0,0.0,0.0,340.0,0.0,0.0,0.0,0.0,0.0
2019-09-15T11:00:00.0,0.0,1450.0,0.0,1565.0,9246.0,0.0,0.0,0.0,0.0,0.0,0.0,0.0,0.0,0.0,337.0,0.0,0.0,0.0,0.0,0.0
2019-09-15T12:00:00.0,0.0,1454.0,0.0,1563.0,9190.0,0.0,0.0,0.0,0.0,0.0,0.0,0.0,0.0,0.0,329.0,0.0,0.0,0.0,0.0,0.0
2019-09-15T13:00:00.0,0.0,1452.0,0.0,1561.0,8961.0,0.0,0.0,0.0,0.0,0.0,0.0,0.0,0.0,0.0,327.0,0.0,0.0,0.0,0.0,0.0
2019-09-15T14:00:00.0,0.0,1355.0,0.0,1558.0,8933.0,0.0,0.0,0.0,0.0,0.0,0.0,0.0,0.0,0.0,326.0,0.0,0.0,0.0,0.0,0.0
2019-09-15T15:00:00.0,0.0,1250.0,0.0,1563.0,9688.0,0.0,0.0,0.0,0.0,0.0,0.0,0.0,0.0,0.0,329.0,0.0,0.0,0.0,0.0,0.0
2019-09-15T16:00:00.0,0.0,1274.0,0.0,1564.0,11641.0,0.0,0.0,0.0,0.0,0.0,0.0,0.0,0.0,0.0,331.0,0.0,0.0,0.0,0.0,0.0
2019-09-15T17:00:00.0,0.0,1247.0,0.0,1546.0,12456.0,0.0,0.0,0.0,0.0,0.0,0.0,0.0,0.0,0.0,323.0,0.0,0.0,0.0,0.0,0.0
2019-09-15T18:00:00.0,0.0,1208.0,0.0,1542.0,13023.0,0.0,0.0,0.0,0.0,0.0,0.0,0.0,0.0,0.0,327.0,0.0,0.0,0.0,0.0,0.0
2019-09-15T19:00:00.0,0.0,1180.0,0.0,1541.0,12532.0,0.0,0.0,0.0,0.0,0.0,0.0,0.0,0.0,0.0,333.0,0.0,0.0,0.0,0.0,0.0
2019-09-15T20:00:00.0,0.0,1281.0,0.0,1545.0,11765.0,0.0,0.0,0.0,0.0,0.0,0.0,0.0,0.0,0.0,334.0,0.0,0.0,0.0,0.0,0.0
2019-09-15T21:00:00.0,0.0,1271.0,0.0,1538.0,10229.0,0.0,0.0,0.0,0.0,0.0,0.0,0.0,0.0,0.0,333.0,0.0,0.0,0.0,0.0,0.0
2019-09-15T22:00:00.0,0.0,1324.0,0.0,1539.0,9495.0,0.0,0.0,0.0,0.0,0.0,0.0,0.0,0.0,0.0,332.0,0.0,0.0,0.0,0.0,0.0
2019-09-15T23:00:00.0,0.0,1312.0,0.0,1487.0,8696.0,0.0,0.0,0.0,0.0,0.0,0.0,0.0,0.0,0.0,328.0,0.0,0.0,0.0,0.0,0.0
2019-09-16T00:00:00.0,0.0,1257.0,0.0,1488.0,8009.0,0.0,0.0,0.0,0.0,0.0,0.0,0.0,0.0,0.0,331.0,0.0,0.0,0.0,0.0,0.0
2019-09-16T01:00:00.0,0.0,1197.0,0.0,1492.0,7957.0,0.0,0.0,0.0,0.0,0.0,0.0,0.0,0.0,0.0,333.0,0.0,0.0,0.0,0.0,0.0
2019-09-16T02:00:00.0,0.0,1171.0,0.0,1492.0,8337.0,0.0,0.0,0.0,0.0,0.0,0.0,0.0,0.0,0.0,332.0,0.0,0.0,0.0,0.0,0.0
2019-09-16T03:00:00.0,0.0,1262.0,0.0,1491.0,8934.0,0.0,0.0,0.0,0.0,0.0,0.0,0.0,0.0,0.0,331.0,0.0,0.0,0.0,0.0,0.0
2019-09-16T04:00:00.0,0.0,1241.0,0.0,1494.0,10740.0,0.0,0.0,0.0,0.0,0.0,0.0,0.0,0.0,0.0,331.0,0.0,0.0,0.0,0.0,0.0
2019-09-16T05:00:00.0,0.0,1186.0,0.0,1498.0,13294.0,0.0,0.0,0.0,0.0,0.0,0.0,0.0,0.0,0.0,329.0,0.0,0.0,0.0,0.0,0.0
2019-09-16T06:00:00.0,0.0,1127.0,0.0,1523.0,14309.0,0.0,0.0,0.0,0.0,0.0,0.0,0.0,0.0,0.0,325.0,0.0,0.0,0.0,0.0,0.0
2019-09-16T07:00:00.0,0.0,1088.0,0.0,1542.0,14512.0,0.0,0.0,0.0,0.0,0.0,0.0,0.0,0.0,0.0,332.0,0.0,0.0,0.0,0.0,0.0
2019-09-16T08:00:00.0,0.0,1139.0,0.0,1550.0,14293.0,0.0,0.0,0.0,0.0,0.0,0.0,0.0,0.0,0.0,326.0,0.0,0.0,0.0,0.0,0.0
2019-09-16T09:00:00.0,0.0,1164.0,0.0,1554.0,14104.0,0.0,0.0,0.0,0.0,0.0,0.0,0.0,0.0,0.0,303.0,0.0,0.0,0.0,0.0,0.0
2019-09-16T10:00:00.0,0.0,1166.0,0.0,1545.0,14231.0,0.0,0.0,0.0,0.0,0.0,0.0,0.0,0.0,0.0,305.0,0.0,0.0,0.0,0.0,0.0
2019-09-16T11:00:00.0,0.0,1125.0,0.0,1550.0,13883.0,0.0,0.0,0.0,0.0,0.0,0.0,0.0,0.0,0.0,304.0,0.0,0.0,0.0,0.0,0.0
2019-09-16T12:00:00.0,0.0,1091.0,0.0,1550.0,13804.0,0.0,0.0,0.0,0.0,0.0,0.0,0.0,0.0,0.0,311.0,0.0,0.0,0.0,0.0,0.0
2019-09-16T13:00:00.0,0.0,1091.0,0.0,1558.0,13729.0,0.0,0.0,0.0,0.0,0.0,0.0,0.0,0.0,0.0,310.0,0.0,0.0,0.0,0.0,0.0
2019-09-16T14:00:00.0,0.0,1046.0,0.0,1550.0,13728.0,0.0,0.0,0.0,0.0,0.0,0.0,0.0,0.0,0.0,309.0,0.0,0.0,0.0,0.0,0.0
2019-09-16T15:00:00.0,0.0,1008.0,0.0,1551.0,13886.0,0.0,0.0,0.0,0.0,0.0,0.0,0.0,0.0,0.0,306.0,0.0,0.0,0.0,0.0,0.0
2019-09-16T16:00:00.0,0.0,1124.0,0.0,1586.0,14266.0,0.0,0.0,0.0,0.0,0.0,0.0,0.0,0.0,0.0,304.0,0.0,0.0,0.0,0.0,0.0
2019-09-16T17:00:00.0,0.0,1087.0,0.0,1589.0,14233.0,0.0,0.0,0.0,0.0,0.0,0.0,0.0,0.0,0.0,308.0,0.0,0.0,0.0,0.0,0.0
2019-09-16T18:00:00.0,0.0,1021.0,0.0,1593.0,14557.0,0.0,0.0,0.0,0.0,0.0,0.0,0.0,0.0,0.0,308.0,0.0,0.0,0.0,0.0,0.0
2019-09-16T19:00:00.0,0.0,963.0,0.0,1592.0,13997.0,0.0,0.0,0.0,0.0,0.0,0.0,0.0,0.0,0.0,283.0,0.0,0.0,0.0,0.0,0.0
2019-09-16T20:00:00.0,0.0,977.0,0.0,1588.0,13779.0,0.0,0.0,0.0,0.0,0.0,0.0,0.0,0.0,0.0,283.0,0.0,0.0,0.0,0.0,0.0
2019-09-16T21:00:00.0,0.0,907.0,0.0,1583.0,13518.0,0.0,0.0,0.0,0.0,0.0,0.0,0.0,0.0,0.0,284.0,0.0,0.0,0.0,0.0,0.0
2019-09-16T22:00:00.0,0.0,833.0,0.0,1584.0,12831.0,0.0,0.0,0.0,0.0,0.0,0.0,0.0,0.0,0.0,306.0,0.0,0.0,0.0,0.0,0.0
2019-09-16T23:00:00.0,0.0,921.0,0.0,1580.0,12324.0,0.0,0.0,0.0,0.0,0.0,0.0,0.0,0.0,0.0,314.0,0.0,0.0,0.0,0.0,0.0
2019-09-17T00:00:00.0,0.0,891.0,0.0,1573.0,12025.0,0.0,0.0,0.0,0.0,0.0,0.0,0.0,0.0,0.0,312.0,0.0,0.0,0.0,0.0,0.0
2019-09-17T01:00:00.0,0.0,805.0,0.0,1568.0,11729.0,0.0,0.0,0.0,0.0,0.0,0.0,0.0,0.0,0.0,310.0,0.0,0.0,0.0,0.0,0.0
2019-09-17T02:00:00.0,0.0,796.0,0.0,1563.0,11667.0,0.0,0.0,0.0,0.0,0.0,0.0,0.0,0.0,0.0,311.0,0.0,0.0,0.0,0.0,0.0
2019-09-17T03:00:00.0,0.0,869.0,0.0,1562.0,11859.0,0.0,0.0,0.0,0.0,0.0,0.0,0.0,0.0,0.0,312.0,0.0,0.0,0.0,0.0,0.0
2019-09-17T04:00:00.0,0.0,790.0,0.0,1555.0,12526.0,0.0,0.0,0.0,0.0,0.0,0.0,0.0,0.0,0.0,306.0,0.0,0.0,0.0,0.0,0.0
2019-09-17T05:00:00.0,0.0,749.0,0.0,1556.0,13833.0,0.0,0.0,0.0,0.0,0.0,0.0,0.0,0.0,0.0,310.0,0.0,0.0,0.0,0.0,0.0
2019-09-17T06:00:00.0,0.0,813.0,0.0,1552.0,15061.0,0.0,0.0,0.0,0.0,0.0,0.0,0.0,0.0,0.0,304.0,0.0,0.0,0.0,0.0,0.0
2019-09-17T07:00:00.0,0.0,850.0,0.0,1555.0,15210.0,0.0,0.0,0.0,0.0,0.0,0.0,0.0,0.0,0.0,298.0,0.0,0.0,0.0,0.0,0.0
2019-09-17T08:00:00.0,0.0,783.0,0.0,1555.0,14949.0,0.0,0.0,0.0,0.0,0.0,0.0,0.0,0.0,0.0,301.0,0.0,0.0,0.0,0.0,0.0
2019-09-17T09:00:00.0,0.0,796.0,0.0,1555.0,14800.0,0.0,0.0,0.0,0.0,0.0,0.0,0.0,0.0,0.0,298.0,0.0,0.0,0.0,0.0,0.0
2019-09-17T10:00:00.0,0.0,914.0,0.0,1552.0,14071.0,0.0,0.0,0.0,0.0,0.0,0.0,0.0,0.0,0.0,307.0,0.0,0.0,0.0,0.0,0.0
2019-09-17T11:00:00.0,0.0,799.0,0.0,1555.0,12643.0,0.0,0.0,0.0,0.0,0.0,0.0,0.0,0.0,0.0,309.0,0.0,0.0,0.0,0.0,0.0
2019-09-17T12:00:00.0,0.0,837.0,0.0,1556.0,12336.0,0.0,0.0,0.0,0.0,0.0,0.0,0.0,0.0,0.0,325.0,0.0,0.0,0.0,0.0,0.0
2019-09-17T13:00:00.0,0.0,699.0,0.0,1552.0,11790.0,0.0,0.0,0.0,0.0,0.0,0.0,0.0,0.0,0.0,310.0,0.0,0.0,0.0,0.0,0.0
2019-09-17T14:00:00.0,0.0,715.0,0.0,1554.0,11967.0,0.0,0.0,0.0,0.0,0.0,0.0,0.0,0.0,0.0,317.0,0.0,0.0,0.0,0.0,0.0
2019-09-17T15:00:00.0,0.0,859.0,0.0,1553.0,12313.0,0.0,0.0,0.0,0.0,0.0,0.0,0.0,0.0,0.0,320.0,0.0,0.0,0.0,0.0,0.0
2019-09-17T16:00:00.0,0.0,886.0,0.0,1552.0,12862.0,0.0,0.0,0.0,0.0,0.0,0.0,0.0,0.0,0.0,320.0,0.0,0.0,0.0,0.0,0.0
2019-09-17T17:00:00.0,0.0,954.0,0.0,1556.0,13188.0,0.0,0.0,0.0,0.0,0.0,0.0,0.0,0.0,0.0,321.0,0.0,0.0,0.0,0.0,0.0
2019-09-17T18:00:00.0,0.0,857.0,0.0,1552.0,14216.0,0.0,0.0,0.0,0.0,0.0,0.0,0.0,0.0,0.0,316.0,0.0,0.0,0.0,0.0,0.0
2019-09-17T19:00:00.0,0.0,896.0,0.0,1547.0,14344.0,0.0,0.0,0.0,0.0,0.0,0.0,0.0,0.0,0.0,313.0,0.0,0.0,0.0,0.0,0.0
2019-09-17T20:00:00.0,0.0,786.0,0.0,1545.0,13875.0,0.0,0.0,0.0,0.0,0.0,0.0,0.0,0.0,0.0,311.0,0.0,0.0,0.0,0.0,0.0
2019-09-17T21:00:00.0,0.0,969.0,0.0,1545.0,13382.0,0.0,0.0,0.0,0.0,0.0,0.0,0.0,0.0,0.0,320.0,0.0,0.0,0.0,0.0,0.0
2019-09-17T22:00:00.0,0.0,770.0,0.0,1545.0,12348.0,0.0,0.0,0.0,0.0,0.0,0.0,0.0,0.0,0.0,323.0,0.0,0.0,0.0,0.0,0.0
2019-09-17T23:00:00.0,0.0,926.0,0.0,1517.0,11285.0,0.0,0.0,0.0,0.0,0.0,0.0,0.0,0.0,0.0,329.0,0.0,0.0,0.0,0.0,0.0
2019-09-18T00:00:00.0,0.0,818.0,0.0,1514.0,11124.0,0.0,0.0,0.0,0.0,0.0,0.0,0.0,0.0,0.0,328.0,0.0,0.0,0.0,0.0,0.0
2019-09-18T01:00:00.0,0.0,924.0,0.0,1511.0,10895.0,0.0,0.0,0.0,0.0,0.0,0.0,0.0,0.0,0.0,330.0,0.0,0.0,0.0,0.0,0.0
2019-09-18T02:00:00.0,0.0,876.0,0.0,1509.0,11061.0,0.0,0.0,0.0,0.0,0.0,0.0,0.0,0.0,0.0,327.0,0.0,0.0,0.0,0.0,0.0
2019-09-18T03:00:00.0,0.0,875.0,0.0,1508.0,11479.0,0.0,0.0,0.0,0.0,0.0,0.0,0.0,0.0,0.0,329.0,0.0,0.0,0.0,0.0,0.0
2019-09-18T04:00:00.0,0.0,966.0,0.0,1502.0,12351.0,0.0,0.0,0.0,0.0,0.0,0.0,0.0,0.0,0.0,323.0,0.0,0.0,0.0,0.0,0.0
2019-09-18T05:00:00.0,0.0,846.0,0.0,1505.0,13790.0,0.0,0.0,0.0,0.0,0.0,0.0,0.0,0.0,0.0,327.0,0.0,0.0,0.0,0.0,0.0
2019-09-18T06:00:00.0,0.0,924.0,0.0,1506.0,14624.0,0.0,0.0,0.0,0.0,0.0,0.0,0.0,0.0,0.0,328.0,0.0,0.0,0.0,0.0,0.0
2019-09-18T07:00:00.0,0.0,889.0,0.0,1504.0,14839.0,0.0,0.0,0.0,0.0,0.0,0.0,0.0,0.0,0.0,330.0,0.0,0.0,0.0,0.0,0.0
2019-09-18T08:00:00.0,0.0,910.0,0.0,1502.0,14529.0,0.0,0.0,0.0,0.0,0.0,0.0,0.0,0.0,0.0,333.0,0.0,0.0,0.0,0.0,0.0
2019-09-18T09:00:00.0,0.0,925.0,0.0,1493.0,14133.0,0.0,0.0,0.0,0.0,0.0,0.0,0.0,0.0,0.0,333.0,0.0,0.0,0.0,0.0,0.0
2019-09-18T10:00:00.0,0.0,1009.0,0.0,1490.0,14001.0,0.0,0.0,0.0,0.0,0.0,0.0,0.0,0.0,0.0,332.0,0.0,0.0,0.0,0.0,0.0
2019-09-18T11:00:00.0,0.0,810.0,0.0,1489.0,13261.0,0.0,0.0,0.0,0.0,0.0,0.0,0.0,0.0,0.0,336.0,0.0,0.0,0.0,0.0,0.0
2019-09-18T12:00:00.0,0.0,1012.0,0.0,1488.0,13104.0,0.0,0.0,0.0,0.0,0.0,0.0,0.0,0.0,0.0,334.0,0.0,0.0,0.0,0.0,0.0
2019-09-18T13:00:00.0,0.0,912.0,0.0,1485.0,12869.0,0.0,0.0,0.0,0.0,0.0,0.0,0.0,0.0,0.0,331.0,0.0,0.0,0.0,0.0,0.0
2019-09-18T14:00:00.0,0.0,918.0,0.0,1482.0,13167.0,0.0,0.0,0.0,0.0,0.0,0.0,0.0,0.0,0.0,327.0,0.0,0.0,0.0,0.0,0.0
2019-09-18T15:00:00.0,0.0,903.0,0.0,1486.0,13731.0,0.0,0.0,0.0,0.0,0.0,0.0,0.0,0.0,0.0,330.0,0.0,0.0,0.0,0.0,0.0
2019-09-18T16:00:00.0,0.0,934.0,0.0,1489.0,14246.0,0.0,0.0,0.0,0.0,0.0,0.0,0.0,0.0,0.0,321.0,0.0,0.0,0.0,0.0,0.0
2019-09-18T17:00:00.0,0.0,975.0,0.0,1482.0,14592.0,0.0,0.0,0.0,0.0,0.0,0.0,0.0,0.0,0.0,320.0,0.0,0.0,0.0,0.0,0.0
2019-09-18T18:00:00.0,0.0,921.0,0.0,1480.0,14830.0,0.0,0.0,0.0,0.0,0.0,0.0,0.0,0.0,0.0,334.0,0.0,0.0,0.0,0.0,0.0
2019-09-18T19:00:00.0,0.0,863.0,0.0,1478.0,14756.0,0.0,0.0,0.0,0.0,0.0,0.0,0.0,0.0,0.0,334.0,0.0,0.0,0.0,0.0,0.0
2019-09-18T20:00:00.0,0.0,731.0,0.0,1474.0,14451.0,0.0,0.0,0.0,0.0,0.0,0.0,0.0,0.0,0.0,335.0,0.0,0.0,0.0,0.0,0.0
2019-09-18T21:00:00.0,0.0,703.0,0.0,1470.0,13826.0,0.0,0.0,0.0,0.0,0.0,0.0,0.0,0.0,0.0,329.0,0.0,0.0,0.0,0.0,0.0
2019-09-18T22:00:00.0,0.0,688.0,0.0,1475.0,13198.0,0.0,0.0,0.0,0.0,0.0,0.0,0.0,0.0,0.0,335.0,0.0,0.0,0.0,0.0,0.0
2019-09-18T23:00:00.0,0.0,619.0,0.0,1455.0,12747.0,0.0,0.0,0.0,0.0,0.0,0.0,0.0,0.0,0.0,332.0,0.0,0.0,0.0,0.0,0.0
2019-09-19T00:00:00.0,0.0,727.0,0.0,1454.0,12691.0,0.0,0.0,0.0,0.0,0.0,0.0,0.0,0.0,0.0,327.0,0.0,0.0,0.0,0.0,0.0
2019-09-19T01:00:00.0,0.0,691.0,0.0,1451.0,12440.0,0.0,0.0,0.0,0.0,0.0,0.0,0.0,0.0,0.0,331.0,0.0,0.0,0.0,0.0,0.0
2019-09-19T02:00:00.0,0.0,703.0,0.0,1448.0,12374.0,0.0,0.0,0.0,0.0,0.0,0.0,0.0,0.0,0.0,332.0,0.0,0.0,0.0,0.0,0.0
2019-09-19T03:00:00.0,0.0,507.0,0.0,1447.0,12498.0,0.0,0.0,0.0,0.0,0.0,0.0,0.0,0.0,0.0,334.0,0.0,0.0,0.0,0.0,0.0
2019-09-19T04:00:00.0,0.0,470.0,0.0,1443.0,13125.0,0.0,0.0,0.0,0.0,0.0,0.0,0.0,0.0,0.0,333.0,0.0,0.0,0.0,0.0,0.0
2019-09-19T05:00:00.0,0.0,504.0,0.0,1437.0,14284.0,0.0,0.0,0.0,0.0,0.0,0.0,0.0,0.0,0.0,332.0,0.0,0.0,0.0,0.0,0.0
2019-09-19T06:00:00.0,0.0,450.0,0.0,1438.0,15562.0,0.0,0.0,0.0,0.0,0.0,0.0,0.0,0.0,0.0,332.0,0.0,0.0,0.0,0.0,0.0
2019-09-19T07:00:00.0,0.0,428.0,0.0,1432.0,15979.0,0.0,0.0,0.0,0.0,0.0,0.0,0.0,0.0,0.0,336.0,0.0,0.0,0.0,0.0,0.0
2019-09-19T08:00:00.0,0.0,419.0,0.0,1433.0,16124.0,0.0,0.0,0.0,0.0,0.0,0.0,0.0,0.0,0.0,326.0,0.0,0.0,0.0,0.0,0.0
2019-09-19T09:00:00.0,0.0,393.0,0.0,1425.0,15819.0,0.0,0.0,0.0,0.0,0.0,0.0,0.0,0.0,0.0,324.0,0.0,0.0,0.0,0.0,0.0
2019-09-19T10:00:00.0,0.0,418.0,0.0,1422.0,15579.0,0.0,0.0,0.0,0.0,0.0,0.0,0.0,0.0,0.0,323.0,0.0,0.0,0.0,0.0,0.0
2019-09-19T11:00:00.0,0.0,308.0,0.0,1418.0,15506.0,0.0,0.0,0.0,0.0,0.0,0.0,0.0,0.0,0.0,322.0,0.0,0.0,0.0,0.0,0.0
2019-09-19T12:00:00.0,0.0,301.0,0.0,1419.0,15503.0,0.0,0.0,0.0,0.0,0.0,0.0,0.0,0.0,0.0,320.0,0.0,0.0,0.0,0.0,0.0
2019-09-19T13:00:00.0,0.0,319.0,0.0,1418.0,15173.0,0.0,0.0,0.0,0.0,0.0,0.0,0.0,0.0,0.0,321.0,0.0,0.0,0.0,0.0,0.0
2019-09-19T14:00:00.0,0.0,329.0,0.0,1415.0,15099.0,0.0,0.0,0.0,0.0,0.0,0.0,0.0,0.0,0.0,320.0,0.0,0.0,0.0,0.0,0.0
2019-09-19T15:00:00.0,0.0,323.0,0.0,1418.0,15510.0,0.0,0.0,0.0,0.0,0.0,0.0,0.0,0.0,0.0,320.0,0.0,0.0,0.0,0.0,0.0
2019-09-19T16:00:00.0,0.0,332.0,0.0,1418.0,15653.0,0.0,0.0,0.0,0.0,0.0,0.0,0.0,0.0,0.0,324.0,0.0,0.0,0.0,0.0,0.0
2019-09-19T17:00:00.0,0.0,291.0,0.0,1420.0,15649.0,0.0,0.0,0.0,0.0,0.0,0.0,0.0,0.0,0.0,322.0,0.0,0.0,0.0,0.0,0.0
2019-09-19T18:00:00.0,0.0,327.0,0.0,1420.0,15704.0,0.0,0.0,0.0,0.0,0.0,0.0,0.0,0.0,0.0,323.0,0.0,0.0,0.0,0.0,0.0
2019-09-19T19:00:00.0,0.0,329.0,0.0,1425.0,15649.0,0.0,0.0,0.0,0.0,0.0,0.0,0.0,0.0,0.0,326.0,0.0,0.0,0.0,0.0,0.0
2019-09-19T20:00:00.0,0.0,380.0,0.0,1427.0,15413.0,0.0,0.0,0.0,0.0,0.0,0.0,0.0,0.0,0.0,323.0,0.0,0.0,0.0,0.0,0.0
2019-09-19T21:00:00.0,0.0,430.0,0.0,1428.0,14750.0,0.0,0.0,0.0,0.0,0.0,0.0,0.0,0.0,0.0,324.0,0.0,0.0,0.0,0.0,0.0
2019-09-19T22:00:00.0,0.0,472.0,0.0,1430.0,14151.0,0.0,0.0,0.0,0.0,0.0,0.0,0.0,0.0,0.0,335.0,0.0,0.0,0.0,0.0,0.0
2019-09-19T23:00:00.0,0.0,502.0,0.0,1376.0,13561.0,0.0,0.0,0.0,0.0,0.0,0.0,0.0,0.0,0.0,348.0,0.0,0.0,0.0,0.0,0.0
2019-09-20T00:00:00.0,0.0,703.0,0.0,1366.0,13253.0,0.0,0.0,0.0,0.0,0.0,0.0,0.0,0.0,0.0,341.0,0.0,0.0,0.0,0.0,0.0
2019-09-20T01:00:00.0,0.0,848.0,0.0,1360.0,13032.0,0.0,0.0,0.0,0.0,0.0,0.0,0.0,0.0,0.0,331.0,0.0,0.0,0.0,0.0,0.0
2019-09-20T02:00:00.0,0.0,953.0,0.0,1353.0,12735.0,0.0,0.0,0.0,0.0,0.0,0.0,0.0,0.0,0.0,331.0,0.0,0.0,0.0,0.0,0.0
2019-09-20T03:00:00.0,0.0,997.0,0.0,1353.0,12896.0,0.0,0.0,0.0,0.0,0.0,0.0,0.0,0.0,0.0,333.0,0.0,0.0,0.0,0.0,0.0
2019-09-20T04:00:00.0,0.0,973.0,0.0,1356.0,13161.0,0.0,0.0,0.0,0.0,0.0,0.0,0.0,0.0,0.0,329.0,0.0,0.0,0.0,0.0,0.0
2019-09-20T05:00:00.0,0.0,948.0,0.0,1352.0,14417.0,0.0,0.0,0.0,0.0,0.0,0.0,0.0,0.0,0.0,328.0,0.0,0.0,0.0,0.0,0.0
2019-09-20T06:00:00.0,0.0,958.0,0.0,1360.0,15331.0,0.0,0.0,0.0,0.0,0.0,0.0,0.0,0.0,0.0,332.0,0.0,0.0,0.0,0.0,0.0
2019-09-20T07:00:00.0,0.0,999.0,0.0,1363.0,15610.0,0.0,0.0,0.0,0.0,0.0,0.0,0.0,0.0,0.0,332.0,0.0,0.0,0.0,0.0,0.0
2019-09-20T08:00:00.0,0.0,1044.0,0.0,1366.0,15391.0,0.0,0.0,0.0,0.0,0.0,0.0,0.0,0.0,0.0,329.0,0.0,0.0,0.0,0.0,0.0
2019-09-20T09:00:00.0,0.0,1038.0,0.0,1366.0,15089.0,0.0,0.0,0.0,0.0,0.0,0.0,0.0,0.0,0.0,323.0,0.0,0.0,0.0,0.0,0.0
2019-09-20T10:00:00.0,0.0,1052.0,0.0,1364.0,14440.0,0.0,0.0,0.0,0.0,0.0,0.0,0.0,0.0,0.0,340.0,0.0,0.0,0.0,0.0,0.0
2019-09-20T11:00:00.0,0.0,1026.0,0.0,1366.0,14155.0,0.0,0.0,0.0,0.0,0.0,0.0,0.0,0.0,0.0,329.0,0.0,0.0,0.0,0.0,0.0
2019-09-20T12:00:00.0,0.0,998.0,0.0,1362.0,13850.0,0.0,0.0,0.0,0.0,0.0,0.0,0.0,0.0,0.0,329.0,0.0,0.0,0.0,0.0,0.0
2019-09-20T13:00:00.0,0.0,1006.0,0.0,1363.0,14305.0,0.0,0.0,0.0,0.0,0.0,0.0,0.0,0.0,0.0,327.0,0.0,0.0,0.0,0.0,0.0
2019-09-20T14:00:00.0,0.0,1014.0,0.0,1363.0,14341.0,0.0,0.0,0.0,0.0,0.0,0.0,0.0,0.0,0.0,328.0,0.0,0.0,0.0,0.0,0.0
2019-09-20T15:00:00.0,0.0,1049.0,0.0,1363.0,14920.0,0.0,0.0,0.0,0.0,0.0,0.0,0.0,0.0,0.0,329.0,0.0,0.0,0.0,0.0,0.0
2019-09-20T16:00:00.0,0.0,1039.0,0.0,1371.0,14422.0,0.0,0.0,0.0,0.0,0.0,0.0,0.0,0.0,0.0,331.0,0.0,0.0,0.0,0.0,0.0
2019-09-20T17:00:00.0,0.0,1048.0,0.0,1367.0,14470.0,0.0,0.0,0.0,0.0,0.0,0.0,0.0,0.0,0.0,331.0,0.0,0.0,0.0,0.0,0.0
2019-09-20T18:00:00.0,0.0,1059.0,0.0,1370.0,14456.0,0.0,0.0,0.0,0.0,0.0,0.0,0.0,0.0,0.0,332.0,0.0,0.0,0.0,0.0,0.0
2019-09-20T19:00:00.0,0.0,1022.0,0.0,1368.0,14239.0,0.0,0.0,0.0,0.0,0.0,0.0,0.0,0.0,0.0,333.0,0.0,0.0,0.0,0.0,0.0
2019-09-20T20:00:00.0,0.0,996.0,0.0,1367.0,14282.0,0.0,0.0,0.0,0.0,0.0,0.0,0.0,0.0,0.0,335.0,0.0,0.0,0.0,0.0,0.0
2019-09-20T21:00:00.0,0.0,970.0,0.0,1362.0,14010.0,0.0,0.0,0.0,0.0,0.0,0.0,0.0,0.0,0.0,335.0,0.0,0.0,0.0,0.0,0.0
2019-09-20T22:00:00.0,0.0,945.0,0.0,1353.0,13537.0,0.0,0.0,0.0,0.0,0.0,0.0,0.0,0.0,0.0,332.0,0.0,0.0,0.0,0.0,0.0
2019-09-20T23:00:00.0,0.0,917.0,0.0,1311.0,12475.0,0.0,0.0,0.0,0.0,0.0,0.0,0.0,0.0,0.0,329.0,0.0,0.0,0.0,0.0,0.0
2019-09-21T00:00:00.0,0.0,923.0,0.0,1292.0,11144.0,0.0,0.0,0.0,0.0,0.0,0.0,0.0,0.0,0.0,330.0,0.0,0.0,0.0,0.0,0.0
2019-09-21T01:00:00.0,0.0,944.0,0.0,1281.0,10771.0,0.0,0.0,0.0,0.0,0.0,0.0,0.0,0.0,0.0,331.0,0.0,0.0,0.0,0.0,0.0
2019-09-21T02:00:00.0,0.0,898.0,0.0,1269.0,10757.0,0.0,0.0,0.0,0.0,0.0,0.0,0.0,0.0,0.0,334.0,0.0,0.0,0.0,0.0,0.0
2019-09-21T03:00:00.0,0.0,929.0,0.0,1266.0,11034.0,0.0,0.0,0.0,0.0,0.0,0.0,0.0,0.0,0.0,317.0,0.0,0.0,0.0,0.0,0.0
2019-09-21T04:00:00.0,0.0,927.0,0.0,1262.0,11136.0,0.0,0.0,0.0,0.0,0.0,0.0,0.0,0.0,0.0,330.0,0.0,0.0,0.0,0.0,0.0
2019-09-21T05:00:00.0,0.0,904.0,0.0,1258.0,11763.0,0.0,0.0,0.0,0.0,0.0,0.0,0.0,0.0,0.0,333.0,0.0,0.0,0.0,0.0,0.0
2019-09-21T06:00:00.0,0.0,814.0,0.0,1252.0,12622.0,0.0,0.0,0.0,0.0,0.0,0.0,0.0,0.0,0.0,331.0,0.0,0.0,0.0,0.0,0.0
2019-09-21T07:00:00.0,0.0,805.0,0.0,1253.0,13525.0,0.0,0.0,0.0,0.0,0.0,0.0,0.0,0.0,0.0,330.0,0.0,0.0,0.0,0.0,0.0
2019-09-21T08:00:00.0,0.0,816.0,0.0,1254.0,14025.0,0.0,0.0,0.0,0.0,0.0,0.0,0.0,0.0,0.0,315.0,0.0,0.0,0.0,0.0,0.0
2019-09-21T09:00:00.0,0.0,702.0,0.0,1251.0,13377.0,0.0,0.0,0.0,0.0,0.0,0.0,0.0,0.0,0.0,317.0,0.0,0.0,0.0,0.0,0.0
2019-09-21T10:00:00.0,0.0,749.0,0.0,1247.0,12727.0,0.0,0.0,0.0,0.0,0.0,0.0,0.0,0.0,0.0,318.0,0.0,0.0,0.0,0.0,0.0
2019-09-21T11:00:00.0,0.0,694.0,0.0,1252.0,12061.0,0.0,0.0,0.0,0.0,0.0,0.0,0.0,0.0,0.0,320.0,0.0,0.0,0.0,0.0,0.0
2019-09-21T12:00:00.0,0.0,656.0,0.0,1252.0,11653.0,0.0,0.0,0.0,0.0,0.0,0.0,0.0,0.0,0.0,318.0,0.0,0.0,0.0,0.0,0.0
2019-09-21T13:00:00.0,0.0,696.0,0.0,1252.0,11194.0,0.0,0.0,0.0,0.0,0.0,0.0,0.0,0.0,0.0,334.0,0.0,0.0,0.0,0.0,0.0
2019-09-21T14:00:00.0,0.0,698.0,0.0,1249.0,11715.0,0.0,0.0,0.0,0.0,0.0,0.0,0.0,0.0,0.0,335.0,0.0,0.0,0.0,0.0,0.0
2019-09-21T15:00:00.0,0.0,502.0,0.0,1247.0,12748.0,0.0,0.0,0.0,0.0,0.0,0.0,0.0,0.0,0.0,331.0,0.0,0.0,0.0,0.0,0.0
2019-09-21T16:00:00.0,0.0,485.0,0.0,1249.0,13747.0,0.0,0.0,0.0,0.0,0.0,0.0,0.0,0.0,0.0,331.0,0.0,0.0,0.0,0.0,0.0
2019-09-21T17:00:00.0,0.0,445.0,0.0,1248.0,14012.0,0.0,0.0,0.0,0.0,0.0,0.0,0.0,0.0,0.0,331.0,0.0,0.0,0.0,0.0,0.0
2019-09-21T18:00:00.0,0.0,357.0,0.0,1251.0,14115.0,0.0,0.0,0.0,0.0,0.0,0.0,0.0,0.0,0.0,332.0,0.0,0.0,0.0,0.0,0.0
2019-09-21T19:00:00.0,0.0,309.0,0.0,1248.0,13819.0,0.0,0.0,0.0,0.0,0.0,0.0,0.0,0.0,0.0,330.0,0.0,0.0,0.0,0.0,0.0
2019-09-21T20:00:00.0,0.0,294.0,0.0,1244.0,13642.0,0.0,0.0,0.0,0.0,0.0,0.0,0.0,0.0,0.0,332.0,0.0,0.0,0.0,0.0,0.0
2019-09-21T21:00:00.0,0.0,240.0,0.0,1242.0,13202.0,0.0,0.0,0.0,0.0,0.0,0.0,0.0,0.0,0.0,332.0,0.0,0.0,0.0,0.0,0.0
2019-09-21T22:00:00.0,0.0,265.0,0.0,1237.0,12331.0,0.0,0.0,0.0,0.0,0.0,0.0,0.0,0.0,0.0,332.0,0.0,0.0,0.0,0.0,0.0
2019-09-21T23:00:00.0,0.0,250.0,0.0,1205.0,10775.0,0.0,0.0,0.0,0.0,0.0,0.0,0.0,0.0,0.0,335.0,0.0,0.0,0.0,0.0,0.0
2019-09-22T00:00:00.0,0.0,179.0,0.0,1186.0,9802.0,0.0,0.0,0.0,0.0,0.0,0.0,0.0,0.0,0.0,335.0,0.0,0.0,0.0,0.0,0.0
2019-09-22T01:00:00.0,0.0,170.0,0.0,1192.0,10001.0,0.0,0.0,0.0,0.0,0.0,0.0,0.0,0.0,0.0,335.0,0.0,0.0,0.0,0.0,0.0
2019-09-22T02:00:00.0,0.0,218.0,0.0,1183.0,9919.0,0.0,0.0,0.0,0.0,0.0,0.0,0.0,0.0,0.0,334.0,0.0,0.0,0.0,0.0,0.0
2019-09-22T03:00:00.0,0.0,327.0,0.0,1182.0,10327.0,0.0,0.0,0.0,0.0,0.0,0.0,0.0,0.0,0.0,334.0,0.0,0.0,0.0,0.0,0.0
2019-09-22T04:00:00.0,0.0,232.0,0.0,1183.0,10037.0,0.0,0.0,0.0,0.0,0.0,0.0,0.0,0.0,0.0,336.0,0.0,0.0,0.0,0.0,0.0
2019-09-22T05:00:00.0,0.0,291.0,0.0,1181.0,9855.0,0.0,0.0,0.0,0.0,0.0,0.0,0.0,0.0,0.0,335.0,0.0,0.0,0.0,0.0,0.0
2019-09-22T06:00:00.0,0.0,274.0,0.0,1182.0,10398.0,0.0,0.0,0.0,0.0,0.0,0.0,0.0,0.0,0.0,337.0,0.0,0.0,0.0,0.0,0.0
2019-09-22T07:00:00.0,0.0,254.0,0.0,1183.0,11024.0,0.0,0.0,0.0,0.0,0.0,0.0,0.0,0.0,0.0,336.0,0.0,0.0,0.0,0.0,0.0
2019-09-22T08:00:00.0,0.0,291.0,0.0,1189.0,11806.0,0.0,0.0,0.0,0.0,0.0,0.0,0.0,0.0,0.0,334.0,0.0,0.0,0.0,0.0,0.0
2019-09-22T09:00:00.0,0.0,393.0,0.0,1188.0,11378.0,0.0,0.0,0.0,0.0,0.0,0.0,0.0,0.0,0.0,335.0,0.0,0.0,0.0,0.0,0.0
2019-09-22T10:00:00.0,0.0,418.0,0.0,1190.0,11358.0,0.0,0.0,0.0,0.0,0.0,0.0,0.0,0.0,0.0,339.0,0.0,0.0,0.0,0.0,0.0
2019-09-22T11:00:00.0,0.0,449.0,0.0,1193.0,11235.0,0.0,0.0,0.0,0.0,0.0,0.0,0.0,0.0,0.0,335.0,0.0,0.0,0.0,0.0,0.0
2019-09-22T12:00:00.0,0.0,530.0,0.0,1191.0,10780.0,0.0,0.0,0.0,0.0,0.0,0.0,0.0,0.0,0.0,334.0,0.0,0.0,0.0,0.0,0.0
2019-09-22T13:00:00.0,0.0,488.0,0.0,1188.0,10753.0,0.0,0.0,0.0,0.0,0.0,0.0,0.0,0.0,0.0,338.0,0.0,0.0,0.0,0.0,0.0
2019-09-22T14:00:00.0,0.0,513.0,0.0,1188.0,11223.0,0.0,0.0,0.0,0.0,0.0,0.0,0.0,0.0,0.0,333.0,0.0,0.0,0.0,0.0,0.0
2019-09-22T15:00:00.0,0.0,571.0,0.0,1187.0,12547.0,0.0,0.0,0.0,0.0,0.0,0.0,0.0,0.0,0.0,334.0,0.0,0.0,0.0,0.0,0.0
2019-09-22T16:00:00.0,0.0,634.0,0.0,1188.0,13899.0,0.0,0.0,0.0,0.0,0.0,0.0,0.0,0.0,0.0,333.0,0.0,0.0,0.0,0.0,0.0
2019-09-22T17:00:00.0,0.0,737.0,0.0,1187.0,14455.0,0.0,0.0,0.0,0.0,0.0,0.0,0.0,0.0,0.0,335.0,0.0,0.0,0.0,0.0,0.0
2019-09-22T18:00:00.0,0.0,829.0,0.0,1185.0,14500.0,0.0,0.0,0.0,0.0,0.0,0.0,0.0,0.0,0.0,337.0,0.0,0.0,0.0,0.0,0.0
2019-09-22T19:00:00.0,0.0,815.0,0.0,1177.0,13882.0,0.0,0.0,0.0,0.0,0.0,0.0,0.0,0.0,0.0,338.0,0.0,0.0,0.0,0.0,0.0
2019-09-22T20:00:00.0,0.0,881.0,0.0,1178.0,13904.0,0.0,0.0,0.0,0.0,0.0,0.0,0.0,0.0,0.0,339.0,0.0,0.0,0.0,0.0,0.0
2019-09-22T21:00:00.0,0.0,978.0,0.0,1173.0,13283.0,0.0,0.0,0.0,0.0,0.0,0.0,0.0,0.0,0.0,339.0,0.0,0.0,0.0,0.0,0.0
2019-09-22T22:00:00.0,0.0,968.0,0.0,1170.0,11979.0,0.0,0.0,0.0,0.0,0.0,0.0,0.0,0.0,0.0,336.0,0.0,0.0,0.0,0.0,0.0
2019-09-22T23:00:00.0,0.0,911.0,0.0,1155.0,9699.0,0.0,0.0,0.0,0.0,0.0,0.0,0.0,0.0,0.0,338.0,0.0,0.0,0.0,0.0,0.0
2019-09-23T00:00:00.0,0.0,899.0,0.0,1148.0,8854.0,0.0,0.0,0.0,0.0,0.0,0.0,0.0,0.0,0.0,340.0,0.0,0.0,0.0,0.0,0.0
2019-09-23T01:00:00.0,0.0,879.0,0.0,1150.0,8998.0,0.0,0.0,0.0,0.0,0.0,0.0,0.0,0.0,0.0,343.0,0.0,0.0,0.0,0.0,0.0
2019-09-23T02:00:00.0,0.0,890.0,0.0,1147.0,8965.0,0.0,0.0,0.0,0.0,0.0,0.0,0.0,0.0,0.0,344.0,0.0,0.0,0.0,0.0,0.0
2019-09-23T03:00:00.0,0.0,882.0,0.0,1146.0,9361.0,0.0,0.0,0.0,0.0,0.0,0.0,0.0,0.0,0.0,342.0,0.0,0.0,0.0,0.0,0.0
2019-09-23T04:00:00.0,0.0,954.0,0.0,1144.0,11931.0,0.0,0.0,0.0,0.0,0.0,0.0,0.0,0.0,0.0,340.0,0.0,0.0,0.0,0.0,0.0
2019-09-23T05:00:00.0,0.0,881.0,0.0,1144.0,14256.0,0.0,0.0,0.0,0.0,0.0,0.0,0.0,0.0,0.0,337.0,0.0,0.0,0.0,0.0,0.0
2019-09-23T06:00:00.0,0.0,846.0,0.0,1158.0,15295.0,0.0,0.0,0.0,0.0,0.0,0.0,0.0,0.0,0.0,337.0,0.0,0.0,0.0,0.0,0.0
2019-09-23T07:00:00.0,0.0,864.0,0.0,1167.0,15347.0,0.0,0.0,0.0,0.0,0.0,0.0,0.0,0.0,0.0,336.0,0.0,0.0,0.0,0.0,0.0
2019-09-23T08:00:00.0,0.0,843.0,0.0,1175.0,15242.0,0.0,0.0,0.0,0.0,0.0,0.0,0.0,0.0,0.0,334.0,0.0,0.0,0.0,0.0,0.0
2019-09-23T09:00:00.0,0.0,794.0,0.0,1175.0,15037.0,0.0,0.0,0.0,0.0,0.0,0.0,0.0,0.0,0.0,333.0,0.0,0.0,0.0,0.0,0.0
2019-09-23T10:00:00.0,0.0,741.0,0.0,1175.0,15142.0,0.0,0.0,0.0,0.0,0.0,0.0,0.0,0.0,0.0,336.0,0.0,0.0,0.0,0.0,0.0
2019-09-23T11:00:00.0,0.0,696.0,0.0,1170.0,15219.0,0.0,0.0,0.0,0.0,0.0,0.0,0.0,0.0,0.0,336.0,0.0,0.0,0.0,0.0,0.0
2019-09-23T12:00:00.0,0.0,653.0,0.0,1174.0,15060.0,0.0,0.0,0.0,0.0,0.0,0.0,0.0,0.0,0.0,336.0,0.0,0.0,0.0,0.0,0.0
2019-09-23T13:00:00.0,0.0,602.0,0.0,1176.0,14840.0,0.0,0.0,0.0,0.0,0.0,0.0,0.0,0.0,0.0,335.0,0.0,0.0,0.0,0.0,0.0
2019-09-23T14:00:00.0,0.0,630.0,0.0,1170.0,14955.0,0.0,0.0,0.0,0.0,0.0,0.0,0.0,0.0,0.0,337.0,0.0,0.0,0.0,0.0,0.0
2019-09-23T15:00:00.0,0.0,613.0,0.0,1172.0,15227.0,0.0,0.0,0.0,0.0,0.0,0.0,0.0,0.0,0.0,333.0,0.0,0.0,0.0,0.0,0.0
2019-09-23T16:00:00.0,0.0,612.0,0.0,1174.0,15083.0,0.0,0.0,0.0,0.0,0.0,0.0,0.0,0.0,0.0,331.0,0.0,0.0,0.0,0.0,0.0
2019-09-23T17:00:00.0,0.0,585.0,0.0,1167.0,15045.0,0.0,0.0,0.0,0.0,0.0,0.0,0.0,0.0,0.0,329.0,0.0,0.0,0.0,0.0,0.0
2019-09-23T18:00:00.0,0.0,620.0,0.0,1169.0,15264.0,0.0,0.0,0.0,0.0,0.0,0.0,0.0,0.0,0.0,333.0,0.0,0.0,0.0,0.0,0.0
2019-09-23T19:00:00.0,0.0,731.0,0.0,1171.0,14718.0,0.0,0.0,0.0,0.0,0.0,0.0,0.0,0.0,0.0,335.0,0.0,0.0,0.0,0.0,0.0
2019-09-23T20:00:00.0,0.0,633.0,0.0,1164.0,14773.0,0.0,0.0,0.0,0.0,0.0,0.0,0.0,0.0,0.0,334.0,0.0,0.0,0.0,0.0,0.0
2019-09-23T21:00:00.0,0.0,597.0,0.0,1159.0,14462.0,0.0,0.0,0.0,0.0,0.0,0.0,0.0,0.0,0.0,333.0,0.0,0.0,0.0,0.0,0.0
2019-09-23T22:00:00.0,0.0,562.0,0.0,1157.0,13982.0,0.0,0.0,0.0,0.0,0.0,0.0,0.0,0.0,0.0,341.0,0.0,0.0,0.0,0.0,0.0
2019-09-23T23:00:00.0,0.0,592.0,0.0,1116.0,12992.0,0.0,0.0,0.0,0.0,0.0,0.0,0.0,0.0,0.0,336.0,0.0,0.0,0.0,0.0,0.0
2019-09-24T00:00:00.0,0.0,525.0,0.0,1105.0,12384.0,0.0,0.0,0.0,0.0,0.0,0.0,0.0,0.0,0.0,340.0,0.0,0.0,0.0,0.0,0.0
2019-09-24T01:00:00.0,0.0,522.0,0.0,1101.0,12250.0,0.0,0.0,0.0,0.0,0.0,0.0,0.0,0.0,0.0,332.0,0.0,0.0,0.0,0.0,0.0
2019-09-24T02:00:00.0,0.0,581.0,0.0,1093.0,12185.0,0.0,0.0,0.0,0.0,0.0,0.0,0.0,0.0,0.0,332.0,0.0,0.0,0.0,0.0,0.0
2019-09-24T03:00:00.0,0.0,578.0,0.0,1092.0,12166.0,0.0,0.0,0.0,0.0,0.0,0.0,0.0,0.0,0.0,337.0,0.0,0.0,0.0,0.0,0.0
2019-09-24T04:00:00.0,0.0,554.0,0.0,1089.0,13169.0,0.0,0.0,0.0,0.0,0.0,0.0,0.0,0.0,0.0,332.0,0.0,0.0,0.0,0.0,0.0
2019-09-24T05:00:00.0,0.0,503.0,0.0,1091.0,14296.0,0.0,0.0,0.0,0.0,0.0,0.0,0.0,0.0,0.0,334.0,0.0,0.0,0.0,0.0,0.0
2019-09-24T06:00:00.0,0.0,495.0,0.0,1095.0,15522.0,0.0,0.0,0.0,0.0,0.0,0.0,0.0,0.0,0.0,333.0,0.0,0.0,0.0,0.0,0.0
2019-09-24T07:00:00.0,0.0,489.0,0.0,1095.0,15806.0,0.0,0.0,0.0,0.0,0.0,0.0,0.0,0.0,0.0,335.0,0.0,0.0,0.0,0.0,0.0
2019-09-24T08:00:00.0,0.0,531.0,0.0,1090.0,15703.0,0.0,0.0,0.0,0.0,0.0,0.0,0.0,0.0,0.0,329.0,0.0,0.0,0.0,0.0,0.0
2019-09-24T09:00:00.0,0.0,480.0,0.0,1085.0,15764.0,0.0,0.0,0.0,0.0,0.0,0.0,0.0,0.0,0.0,335.0,0.0,0.0,0.0,0.0,0.0
2019-09-24T10:00:00.0,0.0,456.0,0.0,1079.0,15628.0,0.0,0.0,0.0,0.0,0.0,0.0,0.0,0.0,0.0,336.0,0.0,0.0,0.0,0.0,0.0
2019-09-24T11:00:00.0,0.0,453.0,0.0,1078.0,15106.0,0.0,0.0,0.0,0.0,0.0,0.0,0.0,0.0,0.0,330.0,0.0,0.0,0.0,0.0,0.0
2019-09-24T12:00:00.0,0.0,446.0,0.0,1076.0,15123.0,0.0,0.0,0.0,0.0,0.0,0.0,0.0,0.0,0.0,327.0,0.0,0.0,0.0,0.0,0.0
2019-09-24T13:00:00.0,0.0,436.0,0.0,1079.0,15370.0,0.0,0.0,0.0,0.0,0.0,0.0,0.0,0.0,0.0,327.0,0.0,0.0,0.0,0.0,0.0
2019-09-24T14:00:00.0,0.0,435.0,0.0,1077.0,15547.0,0.0,0.0,0.0,0.0,0.0,0.0,0.0,0.0,0.0,329.0,0.0,0.0,0.0,0.0,0.0
2019-09-24T15:00:00.0,0.0,442.0,0.0,1076.0,15645.0,0.0,0.0,0.0,0.0,0.0,0.0,0.0,0.0,0.0,316.0,0.0,0.0,0.0,0.0,0.0
2019-09-24T16:00:00.0,0.0,441.0,0.0,1074.0,15456.0,0.0,0.0,0.0,0.0,0.0,0.0,0.0,0.0,0.0,328.0,0.0,0.0,0.0,0.0,0.0
2019-09-24T17:00:00.0,0.0,524.0,0.0,1077.0,15178.0,0.0,0.0,0.0,0.0,0.0,0.0,0.0,0.0,0.0,329.0,0.0,0.0,0.0,0.0,0.0
2019-09-24T18:00:00.0,0.0,588.0,0.0,1076.0,15272.0,0.0,0.0,0.0,0.0,0.0,0.0,0.0,0.0,0.0,330.0,0.0,0.0,0.0,0.0,0.0
2019-09-24T19:00:00.0,0.0,614.0,0.0,1074.0,14813.0,0.0,0.0,0.0,0.0,0.0,0.0,0.0,0.0,0.0,331.0,0.0,0.0,0.0,0.0,0.0
2019-09-24T20:00:00.0,0.0,640.0,0.0,1070.0,14469.0,0.0,0.0,0.0,0.0,0.0,0.0,0.0,0.0,0.0,330.0,0.0,0.0,0.0,0.0,0.0
2019-09-24T21:00:00.0,0.0,675.0,0.0,1066.0,14370.0,0.0,0.0,0.0,0.0,0.0,0.0,0.0,0.0,0.0,330.0,0.0,0.0,0.0,0.0,0.0
2019-09-24T22:00:00.0,0.0,712.0,0.0,1063.0,13108.0,0.0,0.0,0.0,0.0,0.0,0.0,0.0,0.0,0.0,335.0,0.0,0.0,0.0,0.0,0.0
2019-09-24T23:00:00.0,0.0,752.0,0.0,1045.0,12407.0,0.0,0.0,0.0,0.0,0.0,0.0,0.0,0.0,0.0,333.0,0.0,0.0,0.0,0.0,0.0
2019-09-25T00:00:00.0,0.0,854.0,0.0,1047.0,12131.0,0.0,0.0,0.0,0.0,0.0,0.0,0.0,0.0,0.0,335.0,0.0,0.0,0.0,0.0,0.0
2019-09-25T01:00:00.0,0.0,844.0,0.0,1045.0,11295.0,0.0,0.0,0.0,0.0,0.0,0.0,0.0,0.0,0.0,332.0,0.0,0.0,0.0,0.0,0.0
2019-09-25T02:00:00.0,0.0,801.0,0.0,1044.0,11187.0,0.0,0.0,0.0,0.0,0.0,0.0,0.0,0.0,0.0,335.0,0.0,0.0,0.0,0.0,0.0
2019-09-25T03:00:00.0,0.0,825.0,0.0,1044.0,11234.0,0.0,0.0,0.0,0.0,0.0,0.0,0.0,0.0,0.0,320.0,0.0,0.0,0.0,0.0,0.0
2019-09-25T04:00:00.0,0.0,829.0,0.0,1043.0,12150.0,0.0,0.0,0.0,0.0,0.0,0.0,0.0,0.0,0.0,332.0,0.0,0.0,0.0,0.0,0.0
2019-09-25T05:00:00.0,0.0,852.0,0.0,1046.0,13772.0,0.0,0.0,0.0,0.0,0.0,0.0,0.0,0.0,0.0,333.0,0.0,0.0,0.0,0.0,0.0
2019-09-25T06:00:00.0,0.0,850.0,0.0,1052.0,15258.0,0.0,0.0,0.0,0.0,0.0,0.0,0.0,0.0,0.0,331.0,0.0,0.0,0.0,0.0,0.0
2019-09-25T07:00:00.0,0.0,826.0,0.0,1044.0,15567.0,0.0,0.0,0.0,0.0,0.0,0.0,0.0,0.0,0.0,334.0,0.0,0.0,0.0,0.0,0.0
2019-09-25T08:00:00.0,0.0,793.0,0.0,1046.0,15614.0,0.0,0.0,0.0,0.0,0.0,0.0,0.0,0.0,0.0,332.0,0.0,0.0,0.0,0.0,0.0
2019-09-25T09:00:00.0,0.0,767.0,0.0,1046.0,15719.0,0.0,0.0,0.0,0.0,0.0,0.0,0.0,0.0,0.0,333.0,0.0,0.0,0.0,0.0,0.0
2019-09-25T10:00:00.0,0.0,722.0,0.0,1045.0,15507.0,0.0,0.0,0.0,0.0,0.0,0.0,0.0,0.0,0.0,332.0,0.0,0.0,0.0,0.0,0.0
2019-09-25T11:00:00.0,0.0,708.0,0.0,1044.0,15141.0,0.0,0.0,0.0,0.0,0.0,0.0,0.0,0.0,0.0,321.0,0.0,0.0,0.0,0.0,0.0
2019-09-25T12:00:00.0,0.0,705.0,0.0,1044.0,14956.0,0.0,0.0,0.0,0.0,0.0,0.0,0.0,0.0,0.0,324.0,0.0,0.0,0.0,0.0,0.0
2019-09-25T13:00:00.0,0.0,691.0,0.0,1040.0,15334.0,0.0,0.0,0.0,0.0,0.0,0.0,0.0,0.0,0.0,324.0,0.0,0.0,0.0,0.0,0.0
2019-09-25T14:00:00.0,0.0,698.0,0.0,1033.0,15375.0,0.0,0.0,0.0,0.0,0.0,0.0,0.0,0.0,0.0,319.0,0.0,0.0,0.0,0.0,0.0
2019-09-25T15:00:00.0,0.0,684.0,0.0,1031.0,14999.0,0.0,0.0,0.0,0.0,0.0,0.0,0.0,0.0,0.0,325.0,0.0,0.0,0.0,0.0,0.0
2019-09-25T16:00:00.0,0.0,655.0,0.0,1027.0,14854.0,0.0,0.0,0.0,0.0,0.0,0.0,0.0,0.0,0.0,329.0,0.0,0.0,0.0,0.0,0.0
2019-09-25T17:00:00.0,0.0,662.0,0.0,1028.0,15004.0,0.0,0.0,0.0,0.0,0.0,0.0,0.0,0.0,0.0,330.0,0.0,0.0,0.0,0.0,0.0
2019-09-25T18:00:00.0,0.0,664.0,0.0,1030.0,15267.0,0.0,0.0,0.0,0.0,0.0,0.0,0.0,0.0,0.0,332.0,0.0,0.0,0.0,0.0,0.0
2019-09-25T19:00:00.0,0.0,668.0,0.0,1026.0,14801.0,0.0,0.0,0.0,0.0,0.0,0.0,0.0,0.0,0.0,331.0,0.0,0.0,0.0,0.0,0.0
2019-09-25T20:00:00.0,0.0,652.0,0.0,1025.0,14607.0,0.0,0.0,0.0,0.0,0.0,0.0,0.0,0.0,0.0,322.0,0.0,0.0,0.0,0.0,0.0
2019-09-25T21:00:00.0,0.0,613.0,0.0,1014.0,14145.0,0.0,0.0,0.0,0.0,0.0,0.0,0.0,0.0,0.0,320.0,0.0,0.0,0.0,0.0,0.0
2019-09-25T22:00:00.0,0.0,622.0,0.0,1012.0,13577.0,0.0,0.0,0.0,0.0,0.0,0.0,0.0,0.0,0.0,325.0,0.0,0.0,0.0,0.0,0.0
2019-09-25T23:00:00.0,0.0,709.0,0.0,1000.0,12698.0,0.0,0.0,0.0,0.0,0.0,0.0,0.0,0.0,0.0,312.0,0.0,0.0,0.0,0.0,0.0
2019-09-26T00:00:00.0,0.0,667.0,0.0,999.0,12041.0,0.0,0.0,0.0,0.0,0.0,0.0,0.0,0.0,0.0,319.0,0.0,0.0,0.0,0.0,0.0
2019-09-26T01:00:00.0,0.0,697.0,0.0,998.0,11378.0,0.0,0.0,0.0,0.0,0.0,0.0,0.0,0.0,0.0,319.0,0.0,0.0,0.0,0.0,0.0
2019-09-26T02:00:00.0,0.0,631.0,0.0,996.0,10928.0,0.0,0.0,0.0,0.0,0.0,0.0,0.0,0.0,0.0,320.0,0.0,0.0,0.0,0.0,0.0
2019-09-26T03:00:00.0,0.0,643.0,0.0,997.0,11370.0,0.0,0.0,0.0,0.0,0.0,0.0,0.0,0.0,0.0,320.0,0.0,0.0,0.0,0.0,0.0
2019-09-26T04:00:00.0,0.0,664.0,0.0,997.0,12434.0,0.0,0.0,0.0,0.0,0.0,0.0,0.0,0.0,0.0,322.0,0.0,0.0,0.0,0.0,0.0
2019-09-26T05:00:00.0,0.0,674.0,0.0,1000.0,14638.0,0.0,0.0,0.0,0.0,0.0,0.0,0.0,0.0,0.0,322.0,0.0,0.0,0.0,0.0,0.0
2019-09-26T06:00:00.0,0.0,690.0,0.0,1002.0,15442.0,0.0,0.0,0.0,0.0,0.0,0.0,0.0,0.0,0.0,324.0,0.0,0.0,0.0,0.0,0.0
2019-09-26T07:00:00.0,0.0,687.0,0.0,999.0,15795.0,0.0,0.0,0.0,0.0,0.0,0.0,0.0,0.0,0.0,322.0,0.0,0.0,0.0,0.0,0.0
2019-09-26T08:00:00.0,0.0,712.0,0.0,1000.0,15838.0,0.0,0.0,0.0,0.0,0.0,0.0,0.0,0.0,0.0,317.0,0.0,0.0,0.0,0.0,0.0
2019-09-26T09:00:00.0,0.0,710.0,0.0,998.0,15712.0,0.0,0.0,0.0,0.0,0.0,0.0,0.0,0.0,0.0,321.0,0.0,0.0,0.0,0.0,0.0
2019-09-26T10:00:00.0,0.0,734.0,0.0,991.0,15321.0,0.0,0.0,0.0,0.0,0.0,0.0,0.0,0.0,0.0,323.0,0.0,0.0,0.0,0.0,0.0
2019-09-26T11:00:00.0,0.0,750.0,0.0,989.0,15111.0,0.0,0.0,0.0,0.0,0.0,0.0,0.0,0.0,0.0,321.0,0.0,0.0,0.0,0.0,0.0
2019-09-26T12:00:00.0,0.0,768.0,0.0,990.0,15111.0,0.0,0.0,0.0,0.0,0.0,0.0,0.0,0.0,0.0,329.0,0.0,0.0,0.0,0.0,0.0
2019-09-26T13:00:00.0,0.0,775.0,0.0,990.0,14822.0,0.0,0.0,0.0,0.0,0.0,0.0,0.0,0.0,0.0,295.0,0.0,0.0,0.0,0.0,0.0
2019-09-26T14:00:00.0,0.0,838.0,0.0,990.0,14839.0,0.0,0.0,0.0,0.0,0.0,0.0,0.0,0.0,0.0,287.0,0.0,0.0,0.0,0.0,0.0
2019-09-26T15:00:00.0,0.0,841.0,0.0,992.0,15002.0,0.0,0.0,0.0,0.0,0.0,0.0,0.0,0.0,0.0,292.0,0.0,0.0,0.0,0.0,0.0
2019-09-26T16:00:00.0,0.0,851.0,0.0,991.0,15137.0,0.0,0.0,0.0,0.0,0.0,0.0,0.0,0.0,0.0,280.0,0.0,0.0,0.0,0.0,0.0
2019-09-26T17:00:00.0,0.0,930.0,0.0,990.0,14992.0,0.0,0.0,0.0,0.0,0.0,0.0,0.0,0.0,0.0,278.0,0.0,0.0,0.0,0.0,0.0
2019-09-26T18:00:00.0,0.0,986.0,0.0,991.0,14954.0,0.0,0.0,0.0,0.0,0.0,0.0,0.0,0.0,0.0,275.0,0.0,0.0,0.0,0.0,0.0
2019-09-26T19:00:00.0,0.0,1005.0,0.0,991.0,14420.0,0.0,0.0,0.0,0.0,0.0,0.0,0.0,0.0,0.0,274.0,0.0,0.0,0.0,0.0,0.0
2019-09-26T20:00:00.0,0.0,1047.0,0.0,991.0,13276.0,0.0,0.0,0.0,0.0,0.0,0.0,0.0,0.0,0.0,300.0,0.0,0.0,0.0,0.0,0.0
2019-09-26T21:00:00.0,0.0,1086.0,0.0,984.0,11682.0,0.0,0.0,0.0,0.0,0.0,0.0,0.0,0.0,0.0,304.0,0.0,0.0,0.0,0.0,0.0
2019-09-26T22:00:00.0,0.0,1083.0,0.0,984.0,10351.0,0.0,0.0,0.0,0.0,0.0,0.0,0.0,0.0,0.0,320.0,0.0,0.0,0.0,0.0,0.0
2019-09-26T23:00:00.0,0.0,1117.0,0.0,987.0,9502.0,0.0,0.0,0.0,0.0,0.0,0.0,0.0,0.0,0.0,328.0,0.0,0.0,0.0,0.0,0.0
2019-09-27T00:00:00.0,0.0,1163.0,0.0,990.0,8778.0,0.0,0.0,0.0,0.0,0.0,0.0,0.0,0.0,0.0,332.0,0.0,0.0,0.0,0.0,0.0
2019-09-27T01:00:00.0,0.0,1037.0,0.0,992.0,9005.0,0.0,0.0,0.0,0.0,0.0,0.0,0.0,0.0,0.0,337.0,0.0,0.0,0.0,0.0,0.0
2019-09-27T02:00:00.0,0.0,852.0,0.0,994.0,9674.0,0.0,0.0,0.0,0.0,0.0,0.0,0.0,0.0,0.0,338.0,0.0,0.0,0.0,0.0,0.0
2019-09-27T03:00:00.0,0.0,851.0,0.0,998.0,10297.0,0.0,0.0,0.0,0.0,0.0,0.0,0.0,0.0,0.0,335.0,0.0,0.0,0.0,0.0,0.0
2019-09-27T04:00:00.0,0.0,857.0,0.0,1002.0,11558.0,0.0,0.0,0.0,0.0,0.0,0.0,0.0,0.0,0.0,347.0,0.0,0.0,0.0,0.0,0.0
2019-09-27T05:00:00.0,0.0,859.0,0.0,1008.0,13850.0,0.0,0.0,0.0,0.0,0.0,0.0,0.0,0.0,0.0,347.0,0.0,0.0,0.0,0.0,0.0
2019-09-27T06:00:00.0,0.0,819.0,0.0,1026.0,15283.0,0.0,0.0,0.0,0.0,0.0,0.0,0.0,0.0,0.0,347.0,0.0,0.0,0.0,0.0,0.0
2019-09-27T07:00:00.0,0.0,796.0,0.0,1048.0,15594.0,0.0,0.0,0.0,0.0,0.0,0.0,0.0,0.0,0.0,346.0,0.0,0.0,0.0,0.0,0.0
2019-09-27T08:00:00.0,0.0,827.0,0.0,1043.0,15335.0,0.0,0.0,0.0,0.0,0.0,0.0,0.0,0.0,0.0,317.0,0.0,0.0,0.0,0.0,0.0
2019-09-27T09:00:00.0,0.0,855.0,0.0,1049.0,15282.0,0.0,0.0,0.0,0.0,0.0,0.0,0.0,0.0,0.0,318.0,0.0,0.0,0.0,0.0,0.0
2019-09-27T10:00:00.0,0.0,861.0,0.0,1053.0,15187.0,0.0,0.0,0.0,0.0,0.0,0.0,0.0,0.0,0.0,317.0,0.0,0.0,0.0,0.0,0.0
2019-09-27T11:00:00.0,0.0,860.0,0.0,1053.0,14768.0,0.0,0.0,0.0,0.0,0.0,0.0,0.0,0.0,0.0,318.0,0.0,0.0,0.0,0.0,0.0
2019-09-27T12:00:00.0,0.0,861.0,0.0,1048.0,13948.0,0.0,0.0,0.0,0.0,0.0,0.0,0.0,0.0,0.0,317.0,0.0,0.0,0.0,0.0,0.0
2019-09-27T13:00:00.0,0.0,826.0,0.0,1050.0,13324.0,0.0,0.0,0.0,0.0,0.0,0.0,0.0,0.0,0.0,319.0,0.0,0.0,0.0,0.0,0.0
2019-09-27T14:00:00.0,0.0,824.0,0.0,1049.0,13601.0,0.0,0.0,0.0,0.0,0.0,0.0,0.0,0.0,0.0,318.0,0.0,0.0,0.0,0.0,0.0
2019-09-27T15:00:00.0,0.0,852.0,0.0,1050.0,14109.0,0.0,0.0,0.0,0.0,0.0,0.0,0.0,0.0,0.0,340.0,0.0,0.0,0.0,0.0,0.0
2019-09-27T16:00:00.0,0.0,864.0,0.0,1053.0,14738.0,0.0,0.0,0.0,0.0,0.0,0.0,0.0,0.0,0.0,347.0,0.0,0.0,0.0,0.0,0.0
2019-09-27T17:00:00.0,0.0,860.0,0.0,1066.0,14682.0,0.0,0.0,0.0,0.0,0.0,0.0,0.0,0.0,0.0,349.0,0.0,0.0,0.0,0.0,0.0
2019-09-27T18:00:00.0,0.0,876.0,0.0,1070.0,14771.0,0.0,0.0,0.0,0.0,0.0,0.0,0.0,0.0,0.0,357.0,0.0,0.0,0.0,0.0,0.0
2019-09-27T19:00:00.0,0.0,908.0,0.0,1071.0,14565.0,0.0,0.0,0.0,0.0,0.0,0.0,0.0,0.0,0.0,353.0,0.0,0.0,0.0,0.0,0.0
2019-09-27T20:00:00.0,0.0,841.0,0.0,1077.0,14214.0,0.0,0.0,0.0,0.0,0.0,0.0,0.0,0.0,0.0,358.0,0.0,0.0,0.0,0.0,0.0
2019-09-27T21:00:00.0,0.0,831.0,0.0,1072.0,13081.0,0.0,0.0,0.0,0.0,0.0,0.0,0.0,0.0,0.0,356.0,0.0,0.0,0.0,0.0,0.0
2019-09-27T22:00:00.0,0.0,857.0,0.0,1074.0,10716.0,0.0,0.0,0.0,0.0,0.0,0.0,0.0,0.0,0.0,353.0,0.0,0.0,0.0,0.0,0.0
2019-09-27T23:00:00.0,0.0,873.0,0.0,1063.0,9949.0,0.0,0.0,0.0,0.0,0.0,0.0,0.0,0.0,0.0,353.0,0.0,0.0,0.0,0.0,0.0
2019-09-28T00:00:00.0,0.0,907.0,0.0,1060.0,8955.0,0.0,0.0,0.0,0.0,0.0,0.0,0.0,0.0,0.0,350.0,0.0,0.0,0.0,0.0,0.0
2019-09-28T01:00:00.0,0.0,920.0,0.0,1059.0,7786.0,0.0,0.0,0.0,0.0,0.0,0.0,0.0,0.0,0.0,348.0,0.0,0.0,0.0,0.0,0.0
2019-09-28T02:00:00.0,0.0,1005.0,0.0,1058.0,7555.0,0.0,0.0,0.0,0.0,0.0,0.0,0.0,0.0,0.0,354.0,0.0,0.0,0.0,0.0,0.0
2019-09-28T03:00:00.0,0.0,960.0,0.0,1059.0,7548.0,0.0,0.0,0.0,0.0,0.0,0.0,0.0,0.0,0.0,351.0,0.0,0.0,0.0,0.0,0.0
2019-09-28T04:00:00.0,0.0,965.0,0.0,1060.0,7842.0,0.0,0.0,0.0,0.0,0.0,0.0,0.0,0.0,0.0,347.0,0.0,0.0,0.0,0.0,0.0
2019-09-28T05:00:00.0,0.0,995.0,0.0,1059.0,7801.0,0.0,0.0,0.0,0.0,0.0,0.0,0.0,0.0,0.0,349.0,0.0,0.0,0.0,0.0,0.0
2019-09-28T06:00:00.0,0.0,1028.0,0.0,1064.0,8693.0,0.0,0.0,0.0,0.0,0.0,0.0,0.0,0.0,0.0,352.0,0.0,0.0,0.0,0.0,0.0
2019-09-28T07:00:00.0,0.0,877.0,0.0,1067.0,11029.0,0.0,0.0,0.0,0.0,0.0,0.0,0.0,0.0,0.0,353.0,0.0,0.0,0.0,0.0,0.0
2019-09-28T08:00:00.0,0.0,787.0,0.0,1066.0,12651.0,0.0,0.0,0.0,0.0,0.0,0.0,0.0,0.0,0.0,352.0,0.0,0.0,0.0,0.0,0.0
2019-09-28T09:00:00.0,0.0,866.0,0.0,1075.0,12154.0,0.0,0.0,0.0,0.0,0.0,0.0,0.0,0.0,0.0,356.0,0.0,0.0,0.0,0.0,0.0
2019-09-28T10:00:00.0,0.0,697.0,0.0,1083.0,11472.0,0.0,0.0,0.0,0.0,0.0,0.0,0.0,0.0,0.0,336.0,0.0,0.0,0.0,0.0,0.0
2019-09-28T11:00:00.0,0.0,725.0,0.0,1094.0,10979.0,0.0,0.0,0.0,0.0,0.0,0.0,0.0,0.0,0.0,335.0,0.0,0.0,0.0,0.0,0.0
2019-09-28T12:00:00.0,0.0,662.0,0.0,1095.0,10689.0,0.0,0.0,0.0,0.0,0.0,0.0,0.0,0.0,0.0,336.0,0.0,0.0,0.0,0.0,0.0
2019-09-28T13:00:00.0,0.0,686.0,0.0,1098.0,10485.0,0.0,0.0,0.0,0.0,0.0,0.0,0.0,0.0,0.0,335.0,0.0,0.0,0.0,0.0,0.0
2019-09-28T14:00:00.0,0.0,556.0,0.0,1099.0,10446.0,0.0,0.0,0.0,0.0,0.0,0.0,0.0,0.0,0.0,334.0,0.0,0.0,0.0,0.0,0.0
2019-09-28T15:00:00.0,0.0,454.0,0.0,1091.0,10786.0,0.0,0.0,0.0,0.0,0.0,0.0,0.0,0.0,0.0,335.0,0.0,0.0,0.0,0.0,0.0
2019-09-28T16:00:00.0,0.0,394.0,0.0,1090.0,11732.0,0.0,0.0,0.0,0.0,0.0,0.0,0.0,0.0,0.0,335.0,0.0,0.0,0.0,0.0,0.0
2019-09-28T17:00:00.0,0.0,356.0,0.0,1088.0,13332.0,0.0,0.0,0.0,0.0,0.0,0.0,0.0,0.0,0.0,335.0,0.0,0.0,0.0,0.0,0.0
2019-09-28T18:00:00.0,0.0,291.0,0.0,1088.0,13992.0,0.0,0.0,0.0,0.0,0.0,0.0,0.0,0.0,0.0,336.0,0.0,0.0,0.0,0.0,0.0
2019-09-28T19:00:00.0,0.0,271.0,0.0,1087.0,11920.0,0.0,0.0,0.0,0.0,0.0,0.0,0.0,0.0,0.0,335.0,0.0,0.0,0.0,0.0,0.0
2019-09-28T20:00:00.0,0.0,239.0,0.0,1086.0,9664.0,0.0,0.0,0.0,0.0,0.0,0.0,0.0,0.0,0.0,335.0,0.0,0.0,0.0,0.0,0.0
2019-09-28T21:00:00.0,0.0,218.0,0.0,1086.0,8907.0,0.0,0.0,0.0,0.0,0.0,0.0,0.0,0.0,0.0,335.0,0.0,0.0,0.0,0.0,0.0
2019-09-28T22:00:00.0,0.0,208.0,0.0,1084.0,8980.0,0.0,0.0,0.0,0.0,0.0,0.0,0.0,0.0,0.0,335.0,0.0,0.0,0.0,0.0,0.0
2019-09-28T23:00:00.0,0.0,190.0,0.0,1122.0,8400.0,0.0,0.0,0.0,0.0,0.0,0.0,0.0,0.0,0.0,335.0,0.0,0.0,0.0,0.0,0.0
2019-09-29T00:00:00.0,0.0,157.0,0.0,1138.0,8296.0,0.0,0.0,0.0,0.0,0.0,0.0,0.0,0.0,0.0,337.0,0.0,0.0,0.0,0.0,0.0
2019-09-29T01:00:00.0,0.0,123.0,0.0,1145.0,7911.0,0.0,0.0,0.0,0.0,0.0,0.0,0.0,0.0,0.0,337.0,0.0,0.0,0.0,0.0,0.0
2019-09-29T02:00:00.0,0.0,107.0,0.0,1155.0,7315.0,0.0,0.0,0.0,0.0,0.0,0.0,0.0,0.0,0.0,335.0,0.0,0.0,0.0,0.0,0.0
2019-09-29T03:00:00.0,0.0,112.0,0.0,1151.0,7422.0,0.0,0.0,0.0,0.0,0.0,0.0,0.0,0.0,0.0,335.0,0.0,0.0,0.0,0.0,0.0
2019-09-29T04:00:00.0,0.0,120.0,0.0,1151.0,7876.0,0.0,0.0,0.0,0.0,0.0,0.0,0.0,0.0,0.0,336.0,0.0,0.0,0.0,0.0,0.0
2019-09-29T05:00:00.0,0.0,122.0,0.0,1155.0,7812.0,0.0,0.0,0.0,0.0,0.0,0.0,0.0,0.0,0.0,337.0,0.0,0.0,0.0,0.0,0.0
2019-09-29T06:00:00.0,0.0,119.0,0.0,1156.0,8095.0,0.0,0.0,0.0,0.0,0.0,0.0,0.0,0.0,0.0,337.0,0.0,0.0,0.0,0.0,0.0
2019-09-29T07:00:00.0,0.0,131.0,0.0,1158.0,9007.0,0.0,0.0,0.0,0.0,0.0,0.0,0.0,0.0,0.0,337.0,0.0,0.0,0.0,0.0,0.0
2019-09-29T08:00:00.0,0.0,156.0,0.0,1148.0,10124.0,0.0,0.0,0.0,0.0,0.0,0.0,0.0,0.0,0.0,333.0,0.0,0.0,0.0,0.0,0.0
2019-09-29T09:00:00.0,0.0,129.0,0.0,1147.0,10993.0,0.0,0.0,0.0,0.0,0.0,0.0,0.0,0.0,0.0,337.0,0.0,0.0,0.0,0.0,0.0
2019-09-29T10:00:00.0,0.0,215.0,0.0,1149.0,10850.0,0.0,0.0,0.0,0.0,0.0,0.0,0.0,0.0,0.0,337.0,0.0,0.0,0.0,0.0,0.0
2019-09-29T11:00:00.0,0.0,328.0,0.0,1155.0,10852.0,0.0,0.0,0.0,0.0,0.0,0.0,0.0,0.0,0.0,337.0,0.0,0.0,0.0,0.0,0.0
2019-09-29T12:00:00.0,0.0,440.0,0.0,1158.0,10508.0,0.0,0.0,0.0,0.0,0.0,0.0,0.0,0.0,0.0,337.0,0.0,0.0,0.0,0.0,0.0
2019-09-29T13:00:00.0,0.0,504.0,0.0,1160.0,10648.0,0.0,0.0,0.0,0.0,0.0,0.0,0.0,0.0,0.0,337.0,0.0,0.0,0.0,0.0,0.0
2019-09-29T14:00:00.0,0.0,579.0,0.0,1160.0,10493.0,0.0,0.0,0.0,0.0,0.0,0.0,0.0,0.0,0.0,336.0,0.0,0.0,0.0,0.0,0.0
2019-09-29T15:00:00.0,0.0,578.0,0.0,1161.0,10692.0,0.0,0.0,0.0,0.0,0.0,0.0,0.0,0.0,0.0,336.0,0.0,0.0,0.0,0.0,0.0
2019-09-29T16:00:00.0,0.0,586.0,0.0,1159.0,11286.0,0.0,0.0,0.0,0.0,0.0,0.0,0.0,0.0,0.0,337.0,0.0,0.0,0.0,0.0,0.0
2019-09-29T17:00:00.0,0.0,572.0,0.0,1161.0,12832.0,0.0,0.0,0.0,0.0,0.0,0.0,0.0,0.0,0.0,337.0,0.0,0.0,0.0,0.0,0.0
2019-09-29T18:00:00.0,0.0,544.0,0.0,1158.0,13830.0,0.0,0.0,0.0,0.0,0.0,0.0,0.0,0.0,0.0,319.0,0.0,0.0,0.0,0.0,0.0
2019-09-29T19:00:00.0,0.0,537.0,0.0,1162.0,13243.0,0.0,0.0,0.0,0.0,0.0,0.0,0.0,0.0,0.0,319.0,0.0,0.0,0.0,0.0,0.0
2019-09-29T20:00:00.0,0.0,532.0,0.0,1163.0,12147.0,0.0,0.0,0.0,0.0,0.0,0.0,0.0,0.0,0.0,319.0,0.0,0.0,0.0,0.0,0.0
2019-09-29T21:00:00.0,0.0,461.0,0.0,1164.0,10888.0,0.0,0.0,0.0,0.0,0.0,0.0,0.0,0.0,0.0,319.0,0.0,0.0,0.0,0.0,0.0
2019-09-29T22:00:00.0,0.0,537.0,0.0,1164.0,8970.0,0.0,0.0,0.0,0.0,0.0,0.0,0.0,0.0,0.0,320.0,0.0,0.0,0.0,0.0,0.0
2019-09-29T23:00:00.0,0.0,663.0,0.0,1193.0,7615.0,0.0,0.0,0.0,0.0,0.0,0.0,0.0,0.0,0.0,329.0,0.0,0.0,0.0,0.0,0.0
2019-09-30T00:00:00.0,0.0,595.0,0.0,1211.0,6913.0,0.0,0.0,0.0,0.0,0.0,0.0,0.0,0.0,0.0,328.0,0.0,0.0,0.0,0.0,0.0
2019-09-30T01:00:00.0,0.0,620.0,0.0,1216.0,6764.0,0.0,0.0,0.0,0.0,0.0,0.0,0.0,0.0,0.0,328.0,0.0,0.0,0.0,0.0,0.0
2019-09-30T02:00:00.0,0.0,700.0,0.0,1219.0,6707.0,0.0,0.0,0.0,0.0,0.0,0.0,0.0,0.0,0.0,327.0,0.0,0.0,0.0,0.0,0.0
2019-09-30T03:00:00.0,0.0,649.0,0.0,1220.0,7136.0,0.0,0.0,0.0,0.0,0.0,0.0,0.0,0.0,0.0,327.0,0.0,0.0,0.0,0.0,0.0
2019-09-30T04:00:00.0,0.0,678.0,0.0,1221.0,8660.0,0.0,0.0,0.0,0.0,0.0,0.0,0.0,0.0,0.0,327.0,0.0,0.0,0.0,0.0,0.0
2019-09-30T05:00:00.0,0.0,749.0,0.0,1220.0,12058.0,0.0,0.0,0.0,0.0,0.0,0.0,0.0,0.0,0.0,328.0,0.0,0.0,0.0,0.0,0.0
2019-09-30T06:00:00.0,0.0,686.0,0.0,1227.0,14009.0,0.0,0.0,0.0,0.0,0.0,0.0,0.0,0.0,0.0,328.0,0.0,0.0,0.0,0.0,0.0
2019-09-30T07:00:00.0,0.0,720.0,0.0,1241.0,14650.0,0.0,0.0,0.0,0.0,0.0,0.0,0.0,0.0,0.0,329.0,0.0,0.0,0.0,0.0,0.0
2019-09-30T08:00:00.0,0.0,763.0,0.0,1250.0,14041.0,0.0,0.0,0.0,0.0,0.0,0.0,0.0,0.0,0.0,293.0,0.0,0.0,0.0,0.0,0.0
2019-09-30T09:00:00.0,0.0,758.0,0.0,1265.0,14049.0,0.0,0.0,0.0,0.0,0.0,0.0,0.0,0.0,0.0,290.0,0.0,0.0,0.0,0.0,0.0
2019-09-30T10:00:00.0,0.0,728.0,0.0,1267.0,13697.0,0.0,0.0,0.0,0.0,0.0,0.0,0.0,0.0,0.0,287.0,0.0,0.0,0.0,0.0,0.0
2019-09-30T11:00:00.0,0.0,820.0,0.0,1266.0,13531.0,0.0,0.0,0.0,0.0,0.0,0.0,0.0,0.0,0.0,287.0,0.0,0.0,0.0,0.0,0.0
2019-09-30T12:00:00.0,0.0,780.0,0.0,1264.0,13305.0,0.0,0.0,0.0,0.0,0.0,0.0,0.0,0.0,0.0,287.0,0.0,0.0,0.0,0.0,0.0
2019-09-30T13:00:00.0,0.0,843.0,0.0,1268.0,12910.0,0.0,0.0,0.0,0.0,0.0,0.0,0.0,0.0,0.0,287.0,0.0,0.0,0.0,0.0,0.0
2019-09-30T14:00:00.0,0.0,900.0,0.0,1269.0,12820.0,0.0,0.0,0.0,0.0,0.0,0.0,0.0,0.0,0.0,325.0,0.0,0.0,0.0,0.0,0.0
2019-09-30T15:00:00.0,0.0,797.0,0.0,1272.0,13215.0,0.0,0.0,0.0,0.0,0.0,0.0,0.0,0.0,0.0,322.0,0.0,0.0,0.0,0.0,0.0
2019-09-30T16:00:00.0,0.0,777.0,0.0,1269.0,14258.0,0.0,0.0,0.0,0.0,0.0,0.0,0.0,0.0,0.0,323.0,0.0,0.0,0.0,0.0,0.0
2019-09-30T17:00:00.0,0.0,790.0,0.0,1268.0,14620.0,0.0,0.0,0.0,0.0,0.0,0.0,0.0,0.0,0.0,323.0,0.0,0.0,0.0,0.0,0.0
2019-09-30T18:00:00.0,0.0,755.0,0.0,1267.0,15128.0,0.0,0.0,0.0,0.0,0.0,0.0,0.0,0.0,0.0,323.0,0.0,0.0,0.0,0.0,0.0
2019-09-30T19:00:00.0,0.0,667.0,0.0,1276.0,15054.0,0.0,0.0,0.0,0.0,0.0,0.0,0.0,0.0,0.0,324.0,0.0,0.0,0.0,0.0,0.0
2019-09-30T20:00:00.0,0.0,714.0,0.0,1273.0,14364.0,0.0,0.0,0.0,0.0,0.0,0.0,0.0,0.0,0.0,324.0,0.0,0.0,0.0,0.0,0.0
2019-09-30T21:00:00.0,0.0,730.0,0.0,1274.0,13337.0,0.0,0.0,0.0,0.0,0.0,0.0,0.0,0.0,0.0,323.0,0.0,0.0,0.0,0.0,0.0
2019-09-30T22:00:00.0,0.0,749.0,0.0,1274.0,11503.0,0.0,0.0,0.0,0.0,0.0,0.0,0.0,0.0,0.0,324.0,0.0,0.0,0.0,0.0,0.0
2019-09-30T23:00:00.0,0.0,777.0,0.0,1318.0,10101.0,0.0,0.0,0.0,0.0,0.0,0.0,0.0,0.0,0.0,323.0,0.0,0.0,0.0,0.0,0.0
2019-10-01T00:00:00.0,0.0,823.0,0.0,1330.0,9231.0,0.0,0.0,0.0,0.0,0.0,0.0,0.0,0.0,0.0,323.0,0.0,0.0,0.0,0.0,0.0
2019-10-01T01:00:00.0,0.0,849.0,0.0,1337.0,8225.0,0.0,0.0,0.0,0.0,0.0,0.0,0.0,0.0,0.0,323.0,0.0,0.0,0.0,0.0,0.0
2019-10-01T02:00:00.0,0.0,769.0,0.0,1342.0,8175.0,0.0,0.0,0.0,0.0,0.0,0.0,0.0,0.0,0.0,322.0,0.0,0.0,0.0,0.0,0.0
2019-10-01T03:00:00.0,0.0,790.0,0.0,1334.0,8579.0,0.0,0.0,0.0,0.0,0.0,0.0,0.0,0.0,0.0,322.0,0.0,0.0,0.0,0.0,0.0
2019-10-01T04:00:00.0,0.0,681.0,0.0,1333.0,10580.0,0.0,0.0,0.0,0.0,0.0,0.0,0.0,0.0,0.0,322.0,0.0,0.0,0.0,0.0,0.0
2019-10-01T05:00:00.0,0.0,617.0,0.0,1338.0,12998.0,0.0,0.0,0.0,0.0,0.0,0.0,0.0,0.0,0.0,322.0,0.0,0.0,0.0,0.0,0.0
2019-10-01T06:00:00.0,0.0,584.0,0.0,1351.0,14385.0,0.0,0.0,0.0,0.0,0.0,0.0,0.0,0.0,0.0,322.0,0.0,0.0,0.0,0.0,0.0
2019-10-01T07:00:00.0,0.0,542.0,0.0,1343.0,14529.0,0.0,0.0,0.0,0.0,0.0,0.0,0.0,0.0,0.0,322.0,0.0,0.0,0.0,0.0,0.0
2019-10-01T08:00:00.0,0.0,557.0,0.0,1349.0,14538.0,0.0,0.0,0.0,0.0,0.0,0.0,0.0,0.0,0.0,322.0,0.0,0.0,0.0,0.0,0.0
2019-10-01T09:00:00.0,0.0,556.0,0.0,1351.0,14357.0,0.0,0.0,0.0,0.0,0.0,0.0,0.0,0.0,0.0,287.0,0.0,0.0,0.0,0.0,0.0
2019-10-01T10:00:00.0,0.0,560.0,0.0,1331.0,14177.0,0.0,0.0,0.0,0.0,0.0,0.0,0.0,0.0,0.0,284.0,0.0,0.0,0.0,0.0,0.0
2019-10-01T11:00:00.0,0.0,627.0,0.0,1343.0,13830.0,0.0,0.0,0.0,0.0,0.0,0.0,0.0,0.0,0.0,285.0,0.0,0.0,0.0,0.0,0.0
2019-10-01T12:00:00.0,0.0,751.0,0.0,1345.0,13740.0,0.0,0.0,0.0,0.0,0.0,0.0,0.0,0.0,0.0,285.0,0.0,0.0,0.0,0.0,0.0
2019-10-01T13:00:00.0,0.0,761.0,0.0,1350.0,13017.0,0.0,0.0,0.0,0.0,0.0,0.0,0.0,0.0,0.0,284.0,0.0,0.0,0.0,0.0,0.0
2019-10-01T14:00:00.0,0.0,750.0,0.0,1358.0,12934.0,0.0,0.0,0.0,0.0,0.0,0.0,0.0,0.0,0.0,287.0,0.0,0.0,0.0,0.0,0.0
2019-10-01T15:00:00.0,0.0,769.0,0.0,1360.0,12772.0,0.0,0.0,0.0,0.0,0.0,0.0,0.0,0.0,0.0,289.0,0.0,0.0,0.0,0.0,0.0
2019-10-01T16:00:00.0,0.0,764.0,0.0,1358.0,13079.0,0.0,0.0,0.0,0.0,0.0,0.0,0.0,0.0,0.0,290.0,0.0,0.0,0.0,0.0,0.0
2019-10-01T17:00:00.0,0.0,778.0,0.0,1361.0,13557.0,0.0,0.0,0.0,0.0,0.0,0.0,0.0,0.0,0.0,290.0,0.0,0.0,0.0,0.0,0.0
2019-10-01T18:00:00.0,0.0,775.0,0.0,1359.0,13693.0,0.0,0.0,0.0,0.0,0.0,0.0,0.0,0.0,0.0,291.0,0.0,0.0,0.0,0.0,0.0
2019-10-01T19:00:00.0,0.0,739.0,0.0,1357.0,13400.0,0.0,0.0,0.0,0.0,0.0,0.0,0.0,0.0,0.0,285.0,0.0,0.0,0.0,0.0,0.0
2019-10-01T20:00:00.0,0.0,722.0,0.0,1352.0,12863.0,0.0,0.0,0.0,0.0,0.0,0.0,0.0,0.0,0.0,286.0,0.0,0.0,0.0,0.0,0.0
2019-10-01T21:00:00.0,0.0,684.0,0.0,1328.0,11953.0,0.0,0.0,0.0,0.0,0.0,0.0,0.0,0.0,0.0,287.0,0.0,0.0,0.0,0.0,0.0
2019-10-01T22:00:00.0,0.0,655.0,0.0,1323.0,10881.0,0.0,0.0,0.0,0.0,0.0,0.0,0.0,0.0,0.0,286.0,0.0,0.0,0.0,0.0,0.0
2019-10-01T23:00:00.0,0.0,663.0,0.0,1329.0,9490.0,0.0,0.0,0.0,0.0,0.0,0.0,0.0,0.0,0.0,287.0,0.0,0.0,0.0,0.0,0.0
2019-10-02T00:00:00.0,0.0,647.0,0.0,1324.0,8628.0,0.0,0.0,0.0,0.0,0.0,0.0,0.0,0.0,0.0,287.0,0.0,0.0,0.0,0.0,0.0
2019-10-02T01:00:00.0,0.0,631.0,0.0,1323.0,7850.0,0.0,0.0,0.0,0.0,0.0,0.0,0.0,0.0,0.0,287.0,0.0,0.0,0.0,0.0,0.0
2019-10-02T02:00:00.0,0.0,568.0,0.0,1321.0,7781.0,0.0,0.0,0.0,0.0,0.0,0.0,0.0,0.0,0.0,286.0,0.0,0.0,0.0,0.0,0.0
2019-10-02T03:00:00.0,0.0,554.0,0.0,1318.0,8253.0,0.0,0.0,0.0,0.0,0.0,0.0,0.0,0.0,0.0,287.0,0.0,0.0,0.0,0.0,0.0
2019-10-02T04:00:00.0,0.0,541.0,0.0,1319.0,9869.0,0.0,0.0,0.0,0.0,0.0,0.0,0.0,0.0,0.0,286.0,0.0,0.0,0.0,0.0,0.0
2019-10-02T05:00:00.0,0.0,531.0,0.0,1317.0,11943.0,0.0,0.0,0.0,0.0,0.0,0.0,0.0,0.0,0.0,286.0,0.0,0.0,0.0,0.0,0.0
2019-10-02T06:00:00.0,0.0,559.0,0.0,1322.0,13752.0,0.0,0.0,0.0,0.0,0.0,0.0,0.0,0.0,0.0,286.0,0.0,0.0,0.0,0.0,0.0
2019-10-02T07:00:00.0,0.0,542.0,0.0,1321.0,14671.0,0.0,0.0,0.0,0.0,0.0,0.0,0.0,0.0,0.0,286.0,0.0,0.0,0.0,0.0,0.0
2019-10-02T08:00:00.0,0.0,505.0,0.0,1324.0,14768.0,0.0,0.0,0.0,0.0,0.0,0.0,0.0,0.0,0.0,286.0,0.0,0.0,0.0,0.0,0.0
2019-10-02T09:00:00.0,0.0,463.0,0.0,1333.0,14836.0,0.0,0.0,0.0,0.0,0.0,0.0,0.0,0.0,0.0,285.0,0.0,0.0,0.0,0.0,0.0
2019-10-02T10:00:00.0,0.0,472.0,0.0,1335.0,14393.0,0.0,0.0,0.0,0.0,0.0,0.0,0.0,0.0,0.0,285.0,0.0,0.0,0.0,0.0,0.0
2019-10-02T11:00:00.0,0.0,456.0,0.0,1336.0,14091.0,0.0,0.0,0.0,0.0,0.0,0.0,0.0,0.0,0.0,284.0,0.0,0.0,0.0,0.0,0.0
2019-10-02T12:00:00.0,0.0,350.0,0.0,1335.0,13466.0,0.0,0.0,0.0,0.0,0.0,0.0,0.0,0.0,0.0,284.0,0.0,0.0,0.0,0.0,0.0
2019-10-02T13:00:00.0,0.0,313.0,0.0,1337.0,13478.0,0.0,0.0,0.0,0.0,0.0,0.0,0.0,0.0,0.0,285.0,0.0,0.0,0.0,0.0,0.0
2019-10-02T14:00:00.0,0.0,288.0,0.0,1336.0,13328.0,0.0,0.0,0.0,0.0,0.0,0.0,0.0,0.0,0.0,285.0,0.0,0.0,0.0,0.0,0.0
2019-10-02T15:00:00.0,0.0,277.0,0.0,1343.0,13855.0,0.0,0.0,0.0,0.0,0.0,0.0,0.0,0.0,0.0,285.0,0.0,0.0,0.0,0.0,0.0
2019-10-02T16:00:00.0,0.0,262.0,0.0,1341.0,14555.0,0.0,0.0,0.0,0.0,0.0,0.0,0.0,0.0,0.0,285.0,0.0,0.0,0.0,0.0,0.0
2019-10-02T17:00:00.0,0.0,284.0,0.0,1344.0,14546.0,0.0,0.0,0.0,0.0,0.0,0.0,0.0,0.0,0.0,286.0,0.0,0.0,0.0,0.0,0.0
2019-10-02T18:00:00.0,0.0,299.0,0.0,1342.0,14643.0,0.0,0.0,0.0,0.0,0.0,0.0,0.0,0.0,0.0,286.0,0.0,0.0,0.0,0.0,0.0
2019-10-02T19:00:00.0,0.0,264.0,0.0,1340.0,13707.0,0.0,0.0,0.0,0.0,0.0,0.0,0.0,0.0,0.0,286.0,0.0,0.0,0.0,0.0,0.0
2019-10-02T20:00:00.0,0.0,278.0,0.0,1335.0,13084.0,0.0,0.0,0.0,0.0,0.0,0.0,0.0,0.0,0.0,287.0,0.0,0.0,0.0,0.0,0.0
2019-10-02T21:00:00.0,0.0,246.0,0.0,1332.0,11970.0,0.0,0.0,0.0,0.0,0.0,0.0,0.0,0.0,0.0,286.0,0.0,0.0,0.0,0.0,0.0
2019-10-02T22:00:00.0,0.0,286.0,0.0,1331.0,10277.0,0.0,0.0,0.0,0.0,0.0,0.0,0.0,0.0,0.0,286.0,0.0,0.0,0.0,0.0,0.0
2019-10-02T23:00:00.0,0.0,332.0,0.0,1319.0,9194.0,0.0,0.0,0.0,0.0,0.0,0.0,0.0,0.0,0.0,285.0,0.0,0.0,0.0,0.0,0.0
2019-10-03T00:00:00.0,0.0,404.0,0.0,1314.0,7920.0,0.0,0.0,0.0,0.0,0.0,0.0,0.0,0.0,0.0,285.0,0.0,0.0,0.0,0.0,0.0
2019-10-03T01:00:00.0,0.0,445.0,0.0,1313.0,7585.0,0.0,0.0,0.0,0.0,0.0,0.0,0.0,0.0,0.0,285.0,0.0,0.0,0.0,0.0,0.0
2019-10-03T02:00:00.0,0.0,459.0,0.0,1311.0,8135.0,0.0,0.0,0.0,0.0,0.0,0.0,0.0,0.0,0.0,285.0,0.0,0.0,0.0,0.0,0.0
2019-10-03T03:00:00.0,0.0,522.0,0.0,1315.0,8685.0,0.0,0.0,0.0,0.0,0.0,0.0,0.0,0.0,0.0,286.0,0.0,0.0,0.0,0.0,0.0
2019-10-03T04:00:00.0,0.0,523.0,0.0,1316.0,10361.0,0.0,0.0,0.0,0.0,0.0,0.0,0.0,0.0,0.0,285.0,0.0,0.0,0.0,0.0,0.0
2019-10-03T05:00:00.0,0.0,600.0,0.0,1315.0,12741.0,0.0,0.0,0.0,0.0,0.0,0.0,0.0,0.0,0.0,285.0,0.0,0.0,0.0,0.0,0.0
2019-10-03T06:00:00.0,0.0,560.0,0.0,1324.0,14470.0,0.0,0.0,0.0,0.0,0.0,0.0,0.0,0.0,0.0,286.0,0.0,0.0,0.0,0.0,0.0
2019-10-03T07:00:00.0,0.0,627.0,0.0,1322.0,15523.0,0.0,0.0,0.0,0.0,0.0,0.0,0.0,0.0,0.0,284.0,0.0,0.0,0.0,0.0,0.0
2019-10-03T08:00:00.0,0.0,584.0,0.0,1320.0,16015.0,0.0,0.0,0.0,0.0,0.0,0.0,0.0,0.0,0.0,286.0,0.0,0.0,0.0,0.0,0.0
2019-10-03T09:00:00.0,0.0,651.0,0.0,1318.0,16398.0,0.0,0.0,0.0,0.0,0.0,0.0,0.0,0.0,0.0,285.0,0.0,0.0,0.0,0.0,0.0
2019-10-03T10:00:00.0,0.0,585.0,0.0,1318.0,16118.0,0.0,0.0,0.0,0.0,0.0,0.0,0.0,0.0,0.0,285.0,0.0,0.0,0.0,0.0,0.0
2019-10-03T11:00:00.0,0.0,630.0,0.0,1310.0,15979.0,0.0,0.0,0.0,0.0,0.0,0.0,0.0,0.0,0.0,281.0,0.0,0.0,0.0,0.0,0.0
2019-10-03T12:00:00.0,0.0,636.0,0.0,1310.0,15499.0,0.0,0.0,0.0,0.0,0.0,0.0,0.0,0.0,0.0,281.0,0.0,0.0,0.0,0.0,0.0
2019-10-03T13:00:00.0,0.0,642.0,0.0,1309.0,14865.0,0.0,0.0,0.0,0.0,0.0,0.0,0.0,0.0,0.0,286.0,0.0,0.0,0.0,0.0,0.0
2019-10-03T14:00:00.0,0.0,623.0,0.0,1310.0,15201.0,0.0,0.0,0.0,0.0,0.0,0.0,0.0,0.0,0.0,288.0,0.0,0.0,0.0,0.0,0.0
2019-10-03T15:00:00.0,0.0,601.0,0.0,1311.0,15475.0,0.0,0.0,0.0,0.0,0.0,0.0,0.0,0.0,0.0,294.0,0.0,0.0,0.0,0.0,0.0
2019-10-03T16:00:00.0,0.0,571.0,0.0,1318.0,15670.0,0.0,0.0,0.0,0.0,0.0,0.0,0.0,0.0,0.0,295.0,0.0,0.0,0.0,0.0,0.0
2019-10-03T17:00:00.0,0.0,707.0,0.0,1316.0,15794.0,0.0,0.0,0.0,0.0,0.0,0.0,0.0,0.0,0.0,296.0,0.0,0.0,0.0,0.0,0.0
2019-10-03T18:00:00.0,0.0,731.0,0.0,1315.0,16202.0,0.0,0.0,0.0,0.0,0.0,0.0,0.0,0.0,0.0,297.0,0.0,0.0,0.0,0.0,0.0
2019-10-03T19:00:00.0,0.0,758.0,0.0,1315.0,15535.0,0.0,0.0,0.0,0.0,0.0,0.0,0.0,0.0,0.0,298.0,0.0,0.0,0.0,0.0,0.0
2019-10-03T20:00:00.0,0.0,806.0,0.0,1313.0,15000.0,0.0,0.0,0.0,0.0,0.0,0.0,0.0,0.0,0.0,299.0,0.0,0.0,0.0,0.0,0.0
2019-10-03T21:00:00.0,0.0,823.0,0.0,1310.0,14559.0,0.0,0.0,0.0,0.0,0.0,0.0,0.0,0.0,0.0,300.0,0.0,0.0,0.0,0.0,0.0
2019-10-03T22:00:00.0,0.0,768.0,0.0,1307.0,13396.0,0.0,0.0,0.0,0.0,0.0,0.0,0.0,0.0,0.0,303.0,0.0,0.0,0.0,0.0,0.0
2019-10-03T23:00:00.0,0.0,754.0,0.0,1307.0,13017.0,0.0,0.0,0.0,0.0,0.0,0.0,0.0,0.0,0.0,311.0,0.0,0.0,0.0,0.0,0.0
2019-10-04T00:00:00.0,0.0,866.0,0.0,1306.0,11319.0,0.0,0.0,0.0,0.0,0.0,0.0,0.0,0.0,0.0,311.0,0.0,0.0,0.0,0.0,0.0
2019-10-04T01:00:00.0,0.0,848.0,0.0,1305.0,10731.0,0.0,0.0,0.0,0.0,0.0,0.0,0.0,0.0,0.0,311.0,0.0,0.0,0.0,0.0,0.0
2019-10-04T02:00:00.0,0.0,880.0,0.0,1305.0,10497.0,0.0,0.0,0.0,0.0,0.0,0.0,0.0,0.0,0.0,312.0,0.0,0.0,0.0,0.0,0.0
2019-10-04T03:00:00.0,0.0,991.0,0.0,1303.0,11331.0,0.0,0.0,0.0,0.0,0.0,0.0,0.0,0.0,0.0,311.0,0.0,0.0,0.0,0.0,0.0
2019-10-04T04:00:00.0,0.0,960.0,0.0,1301.0,12583.0,0.0,0.0,0.0,0.0,0.0,0.0,0.0,0.0,0.0,312.0,0.0,0.0,0.0,0.0,0.0
2019-10-04T05:00:00.0,0.0,991.0,0.0,1301.0,14624.0,0.0,0.0,0.0,0.0,0.0,0.0,0.0,0.0,0.0,311.0,0.0,0.0,0.0,0.0,0.0
2019-10-04T06:00:00.0,0.0,1031.0,0.0,1306.0,16690.0,0.0,0.0,0.0,0.0,0.0,0.0,0.0,0.0,0.0,311.0,0.0,0.0,0.0,0.0,0.0
2019-10-04T07:00:00.0,0.0,1067.0,0.0,1310.0,17017.0,0.0,0.0,0.0,0.0,0.0,0.0,0.0,0.0,0.0,311.0,0.0,0.0,0.0,0.0,0.0
2019-10-04T08:00:00.0,0.0,1034.0,0.0,1306.0,16906.0,0.0,0.0,0.0,0.0,0.0,0.0,0.0,0.0,0.0,311.0,0.0,0.0,0.0,0.0,0.0
2019-10-04T09:00:00.0,0.0,1041.0,0.0,1308.0,16602.0,0.0,0.0,0.0,0.0,0.0,0.0,0.0,0.0,0.0,311.0,0.0,0.0,0.0,0.0,0.0
2019-10-04T10:00:00.0,0.0,948.0,0.0,1308.0,15948.0,0.0,0.0,0.0,0.0,0.0,0.0,0.0,0.0,0.0,313.0,0.0,0.0,0.0,0.0,0.0
2019-10-04T11:00:00.0,0.0,825.0,0.0,1305.0,16099.0,0.0,0.0,0.0,0.0,0.0,0.0,0.0,0.0,0.0,311.0,0.0,0.0,0.0,0.0,0.0
2019-10-04T12:00:00.0,0.0,743.0,0.0,1304.0,15626.0,0.0,0.0,0.0,0.0,0.0,0.0,0.0,0.0,0.0,314.0,0.0,0.0,0.0,0.0,0.0
2019-10-04T13:00:00.0,0.0,723.0,0.0,1306.0,15516.0,0.0,0.0,0.0,0.0,0.0,0.0,0.0,0.0,0.0,312.0,0.0,0.0,0.0,0.0,0.0
2019-10-04T14:00:00.0,0.0,671.0,0.0,1308.0,15745.0,0.0,0.0,0.0,0.0,0.0,0.0,0.0,0.0,0.0,311.0,0.0,0.0,0.0,0.0,0.0
2019-10-04T15:00:00.0,0.0,645.0,0.0,1308.0,15748.0,0.0,0.0,0.0,0.0,0.0,0.0,0.0,0.0,0.0,341.0,0.0,0.0,0.0,0.0,0.0
2019-10-04T16:00:00.0,0.0,618.0,0.0,1308.0,16150.0,0.0,0.0,0.0,0.0,0.0,0.0,0.0,0.0,0.0,341.0,0.0,0.0,0.0,0.0,0.0
2019-10-04T17:00:00.0,0.0,618.0,0.0,1304.0,16065.0,0.0,0.0,0.0,0.0,0.0,0.0,0.0,0.0,0.0,341.0,0.0,0.0,0.0,0.0,0.0
2019-10-04T18:00:00.0,0.0,677.0,0.0,1303.0,16023.0,0.0,0.0,0.0,0.0,0.0,0.0,0.0,0.0,0.0,341.0,0.0,0.0,0.0,0.0,0.0
2019-10-04T19:00:00.0,0.0,667.0,0.0,1303.0,15198.0,0.0,0.0,0.0,0.0,0.0,0.0,0.0,0.0,0.0,341.0,0.0,0.0,0.0,0.0,0.0
2019-10-04T20:00:00.0,0.0,622.0,0.0,1302.0,13939.0,0.0,0.0,0.0,0.0,0.0,0.0,0.0,0.0,0.0,341.0,0.0,0.0,0.0,0.0,0.0
2019-10-04T21:00:00.0,0.0,585.0,0.0,1298.0,12942.0,0.0,0.0,0.0,0.0,0.0,0.0,0.0,0.0,0.0,341.0,0.0,0.0,0.0,0.0,0.0
2019-10-04T22:00:00.0,0.0,492.0,0.0,1295.0,11861.0,0.0,0.0,0.0,0.0,0.0,0.0,0.0,0.0,0.0,343.0,0.0,0.0,0.0,0.0,0.0
2019-10-04T23:00:00.0,0.0,524.0,0.0,1272.0,11439.0,0.0,0.0,0.0,0.0,0.0,0.0,0.0,0.0,0.0,341.0,0.0,0.0,0.0,0.0,0.0
2019-10-05T00:00:00.0,0.0,559.0,0.0,1265.0,10526.0,0.0,0.0,0.0,0.0,0.0,0.0,0.0,0.0,0.0,342.0,0.0,0.0,0.0,0.0,0.0
2019-10-05T01:00:00.0,0.0,557.0,0.0,1257.0,9653.0,0.0,0.0,0.0,0.0,0.0,0.0,0.0,0.0,0.0,342.0,0.0,0.0,0.0,0.0,0.0
2019-10-05T02:00:00.0,0.0,517.0,0.0,1258.0,9151.0,0.0,0.0,0.0,0.0,0.0,0.0,0.0,0.0,0.0,342.0,0.0,0.0,0.0,0.0,0.0
2019-10-05T03:00:00.0,0.0,489.0,0.0,1257.0,9024.0,0.0,0.0,0.0,0.0,0.0,0.0,0.0,0.0,0.0,342.0,0.0,0.0,0.0,0.0,0.0
2019-10-05T04:00:00.0,0.0,462.0,0.0,1250.0,9493.0,0.0,0.0,0.0,0.0,0.0,0.0,0.0,0.0,0.0,340.0,0.0,0.0,0.0,0.0,0.0
2019-10-05T05:00:00.0,0.0,437.0,0.0,1249.0,10442.0,0.0,0.0,0.0,0.0,0.0,0.0,0.0,0.0,0.0,342.0,0.0,0.0,0.0,0.0,0.0
2019-10-05T06:00:00.0,0.0,434.0,0.0,1249.0,11550.0,0.0,0.0,0.0,0.0,0.0,0.0,0.0,0.0,0.0,342.0,0.0,0.0,0.0,0.0,0.0
2019-10-05T07:00:00.0,0.0,419.0,0.0,1248.0,13602.0,0.0,0.0,0.0,0.0,0.0,0.0,0.0,0.0,0.0,341.0,0.0,0.0,0.0,0.0,0.0
2019-10-05T08:00:00.0,0.0,419.0,0.0,1246.0,15040.0,0.0,0.0,0.0,0.0,0.0,0.0,0.0,0.0,0.0,341.0,0.0,0.0,0.0,0.0,0.0
2019-10-05T09:00:00.0,0.0,360.0,0.0,1242.0,15758.0,0.0,0.0,0.0,0.0,0.0,0.0,0.0,0.0,0.0,343.0,0.0,0.0,0.0,0.0,0.0
2019-10-05T10:00:00.0,0.0,343.0,0.0,1242.0,15618.0,0.0,0.0,0.0,0.0,0.0,0.0,0.0,0.0,0.0,343.0,0.0,0.0,0.0,0.0,0.0
2019-10-05T11:00:00.0,0.0,292.0,0.0,1240.0,15032.0,0.0,0.0,0.0,0.0,0.0,0.0,0.0,0.0,0.0,343.0,0.0,0.0,0.0,0.0,0.0
2019-10-05T12:00:00.0,0.0,333.0,0.0,1244.0,14374.0,0.0,0.0,0.0,0.0,0.0,0.0,0.0,0.0,0.0,343.0,0.0,0.0,0.0,0.0,0.0
2019-10-05T13:00:00.0,0.0,276.0,0.0,1244.0,13463.0,0.0,0.0,0.0,0.0,0.0,0.0,0.0,0.0,0.0,344.0,0.0,0.0,0.0,0.0,0.0
2019-10-05T14:00:00.0,0.0,304.0,0.0,1245.0,13889.0,0.0,0.0,0.0,0.0,0.0,0.0,0.0,0.0,0.0,343.0,0.0,0.0,0.0,0.0,0.0
2019-10-05T15:00:00.0,0.0,261.0,0.0,1244.0,14918.0,0.0,0.0,0.0,0.0,0.0,0.0,0.0,0.0,0.0,343.0,0.0,0.0,0.0,0.0,0.0
2019-10-05T16:00:00.0,0.0,278.0,0.0,1246.0,15999.0,0.0,0.0,0.0,0.0,0.0,0.0,0.0,0.0,0.0,342.0,0.0,0.0,0.0,0.0,0.0
2019-10-05T17:00:00.0,0.0,240.0,0.0,1246.0,16441.0,0.0,0.0,0.0,0.0,0.0,0.0,0.0,0.0,0.0,343.0,0.0,0.0,0.0,0.0,0.0
2019-10-05T18:00:00.0,0.0,212.0,0.0,1246.0,16762.0,0.0,0.0,0.0,0.0,0.0,0.0,0.0,0.0,0.0,346.0,0.0,0.0,0.0,0.0,0.0
2019-10-05T19:00:00.0,0.0,294.0,0.0,1243.0,15988.0,0.0,0.0,0.0,0.0,0.0,0.0,0.0,0.0,0.0,347.0,0.0,0.0,0.0,0.0,0.0
2019-10-05T20:00:00.0,0.0,343.0,0.0,1244.0,15023.0,0.0,0.0,0.0,0.0,0.0,0.0,0.0,0.0,0.0,347.0,0.0,0.0,0.0,0.0,0.0
2019-10-05T21:00:00.0,0.0,232.0,0.0,1244.0,14942.0,0.0,0.0,0.0,0.0,0.0,0.0,0.0,0.0,0.0,347.0,0.0,0.0,0.0,0.0,0.0
2019-10-05T22:00:00.0,0.0,320.0,0.0,1242.0,13226.0,0.0,0.0,0.0,0.0,0.0,0.0,0.0,0.0,0.0,348.0,0.0,0.0,0.0,0.0,0.0
2019-10-05T23:00:00.0,0.0,344.0,0.0,1205.0,11262.0,0.0,0.0,0.0,0.0,0.0,0.0,0.0,0.0,0.0,347.0,0.0,0.0,0.0,0.0,0.0
2019-10-06T00:00:00.0,0.0,393.0,0.0,1196.0,10674.0,0.0,0.0,0.0,0.0,0.0,0.0,0.0,0.0,0.0,347.0,0.0,0.0,0.0,0.0,0.0
2019-10-06T01:00:00.0,0.0,452.0,0.0,1189.0,10037.0,0.0,0.0,0.0,0.0,0.0,0.0,0.0,0.0,0.0,348.0,0.0,0.0,0.0,0.0,0.0
2019-10-06T02:00:00.0,0.0,486.0,0.0,1185.0,9570.0,0.0,0.0,0.0,0.0,0.0,0.0,0.0,0.0,0.0,347.0,0.0,0.0,0.0,0.0,0.0
2019-10-06T03:00:00.0,0.0,574.0,0.0,1184.0,9776.0,0.0,0.0,0.0,0.0,0.0,0.0,0.0,0.0,0.0,348.0,0.0,0.0,0.0,0.0,0.0
2019-10-06T04:00:00.0,0.0,550.0,0.0,1182.0,10229.0,0.0,0.0,0.0,0.0,0.0,0.0,0.0,0.0,0.0,347.0,0.0,0.0,0.0,0.0,0.0
2019-10-06T05:00:00.0,0.0,573.0,0.0,1180.0,10300.0,0.0,0.0,0.0,0.0,0.0,0.0,0.0,0.0,0.0,347.0,0.0,0.0,0.0,0.0,0.0
2019-10-06T06:00:00.0,0.0,604.0,0.0,1178.0,10692.0,0.0,0.0,0.0,0.0,0.0,0.0,0.0,0.0,0.0,347.0,0.0,0.0,0.0,0.0,0.0
2019-10-06T07:00:00.0,0.0,533.0,0.0,1177.0,11990.0,0.0,0.0,0.0,0.0,0.0,0.0,0.0,0.0,0.0,347.0,0.0,0.0,0.0,0.0,0.0
2019-10-06T08:00:00.0,0.0,554.0,0.0,1184.0,12751.0,0.0,0.0,0.0,0.0,0.0,0.0,0.0,0.0,0.0,346.0,0.0,0.0,0.0,0.0,0.0
2019-10-06T09:00:00.0,0.0,474.0,0.0,1184.0,13199.0,0.0,0.0,0.0,0.0,0.0,0.0,0.0,0.0,0.0,344.0,0.0,0.0,0.0,0.0,0.0
2019-10-06T10:00:00.0,0.0,444.0,0.0,1182.0,13099.0,0.0,0.0,0.0,0.0,0.0,0.0,0.0,0.0,0.0,343.0,0.0,0.0,0.0,0.0,0.0
2019-10-06T11:00:00.0,0.0,399.0,0.0,1184.0,12960.0,0.0,0.0,0.0,0.0,0.0,0.0,0.0,0.0,0.0,344.0,0.0,0.0,0.0,0.0,0.0
2019-10-06T12:00:00.0,0.0,387.0,0.0,1184.0,12419.0,0.0,0.0,0.0,0.0,0.0,0.0,0.0,0.0,0.0,344.0,0.0,0.0,0.0,0.0,0.0
2019-10-06T13:00:00.0,0.0,364.0,0.0,1185.0,12305.0,0.0,0.0,0.0,0.0,0.0,0.0,0.0,0.0,0.0,344.0,0.0,0.0,0.0,0.0,0.0
2019-10-06T14:00:00.0,0.0,292.0,0.0,1186.0,12353.0,0.0,0.0,0.0,0.0,0.0,0.0,0.0,0.0,0.0,344.0,0.0,0.0,0.0,0.0,0.0
2019-10-06T15:00:00.0,0.0,263.0,0.0,1187.0,12691.0,0.0,0.0,0.0,0.0,0.0,0.0,0.0,0.0,0.0,344.0,0.0,0.0,0.0,0.0,0.0
2019-10-06T16:00:00.0,0.0,221.0,0.0,1188.0,13457.0,0.0,0.0,0.0,0.0,0.0,0.0,0.0,0.0,0.0,344.0,0.0,0.0,0.0,0.0,0.0
2019-10-06T17:00:00.0,0.0,225.0,0.0,1193.0,14800.0,0.0,0.0,0.0,0.0,0.0,0.0,0.0,0.0,0.0,344.0,0.0,0.0,0.0,0.0,0.0
2019-10-06T18:00:00.0,0.0,208.0,0.0,1195.0,15894.0,0.0,0.0,0.0,0.0,0.0,0.0,0.0,0.0,0.0,345.0,0.0,0.0,0.0,0.0,0.0
2019-10-06T19:00:00.0,0.0,211.0,0.0,1193.0,14513.0,0.0,0.0,0.0,0.0,0.0,0.0,0.0,0.0,0.0,344.0,0.0,0.0,0.0,0.0,0.0
2019-10-06T20:00:00.0,0.0,239.0,0.0,1190.0,13191.0,0.0,0.0,0.0,0.0,0.0,0.0,0.0,0.0,0.0,344.0,0.0,0.0,0.0,0.0,0.0
2019-10-06T21:00:00.0,0.0,231.0,0.0,1190.0,12451.0,0.0,0.0,0.0,0.0,0.0,0.0,0.0,0.0,0.0,344.0,0.0,0.0,0.0,0.0,0.0
2019-10-06T22:00:00.0,0.0,195.0,0.0,1189.0,11372.0,0.0,0.0,0.0,0.0,0.0,0.0,0.0,0.0,0.0,344.0,0.0,0.0,0.0,0.0,0.0
2019-10-06T23:00:00.0,0.0,191.0,0.0,844.0,10189.0,0.0,0.0,0.0,0.0,0.0,0.0,0.0,0.0,0.0,344.0,0.0,0.0,0.0,0.0,0.0
2019-10-07T00:00:00.0,0.0,163.0,0.0,731.0,9824.0,0.0,0.0,0.0,0.0,0.0,0.0,0.0,0.0,0.0,344.0,0.0,0.0,0.0,0.0,0.0
2019-10-07T01:00:00.0,0.0,169.0,0.0,731.0,9725.0,0.0,0.0,0.0,0.0,0.0,0.0,0.0,0.0,0.0,344.0,0.0,0.0,0.0,0.0,0.0
2019-10-07T02:00:00.0,0.0,158.0,0.0,730.0,10152.0,0.0,0.0,0.0,0.0,0.0,0.0,0.0,0.0,0.0,344.0,0.0,0.0,0.0,0.0,0.0
2019-10-07T03:00:00.0,0.0,184.0,0.0,731.0,11268.0,0.0,0.0,0.0,0.0,0.0,0.0,0.0,0.0,0.0,344.0,0.0,0.0,0.0,0.0,0.0
2019-10-07T04:00:00.0,0.0,158.0,0.0,734.0,13267.0,0.0,0.0,0.0,0.0,0.0,0.0,0.0,0.0,0.0,345.0,0.0,0.0,0.0,0.0,0.0
2019-10-07T05:00:00.0,0.0,174.0,0.0,734.0,16883.0,0.0,0.0,0.0,0.0,0.0,0.0,0.0,0.0,0.0,344.0,0.0,0.0,0.0,0.0,0.0
2019-10-07T06:00:00.0,0.0,180.0,0.0,740.0,18587.0,0.0,0.0,0.0,0.0,0.0,0.0,0.0,0.0,0.0,344.0,0.0,0.0,0.0,0.0,0.0
2019-10-07T07:00:00.0,0.0,203.0,0.0,749.0,18416.0,0.0,0.0,0.0,0.0,0.0,0.0,0.0,0.0,0.0,343.0,0.0,0.0,0.0,0.0,0.0
2019-10-07T08:00:00.0,0.0,166.0,0.0,750.0,18342.0,0.0,0.0,0.0,0.0,0.0,0.0,0.0,0.0,0.0,312.0,0.0,0.0,0.0,0.0,0.0
2019-10-07T09:00:00.0,0.0,149.0,0.0,748.0,18182.0,0.0,0.0,0.0,0.0,0.0,0.0,0.0,0.0,0.0,313.0,0.0,0.0,0.0,0.0,0.0
2019-10-07T10:00:00.0,0.0,201.0,0.0,747.0,17637.0,0.0,0.0,0.0,0.0,0.0,0.0,0.0,0.0,0.0,314.0,0.0,0.0,0.0,0.0,0.0
2019-10-07T11:00:00.0,0.0,282.0,0.0,747.0,17461.0,0.0,0.0,0.0,0.0,0.0,0.0,0.0,0.0,0.0,312.0,0.0,0.0,0.0,0.0,0.0
2019-10-07T12:00:00.0,0.0,344.0,0.0,747.0,17227.0,0.0,0.0,0.0,0.0,0.0,0.0,0.0,0.0,0.0,314.0,0.0,0.0,0.0,0.0,0.0
2019-10-07T13:00:00.0,0.0,361.0,0.0,747.0,17045.0,0.0,0.0,0.0,0.0,0.0,0.0,0.0,0.0,0.0,313.0,0.0,0.0,0.0,0.0,0.0
2019-10-07T14:00:00.0,0.0,396.0,0.0,748.0,17235.0,0.0,0.0,0.0,0.0,0.0,0.0,0.0,0.0,0.0,313.0,0.0,0.0,0.0,0.0,0.0
2019-10-07T15:00:00.0,0.0,472.0,0.0,750.0,17283.0,0.0,0.0,0.0,0.0,0.0,0.0,0.0,0.0,0.0,310.0,0.0,0.0,0.0,0.0,0.0
2019-10-07T16:00:00.0,0.0,518.0,0.0,749.0,17130.0,0.0,0.0,0.0,0.0,0.0,0.0,0.0,0.0,0.0,307.0,0.0,0.0,0.0,0.0,0.0
2019-10-07T17:00:00.0,0.0,596.0,0.0,748.0,17396.0,0.0,0.0,0.0,0.0,0.0,0.0,0.0,0.0,0.0,309.0,0.0,0.0,0.0,0.0,0.0
2019-10-07T18:00:00.0,0.0,647.0,0.0,1200.0,17382.0,0.0,0.0,0.0,0.0,0.0,0.0,0.0,0.0,0.0,308.0,0.0,0.0,0.0,0.0,0.0
2019-10-07T19:00:00.0,0.0,668.0,0.0,1199.0,16874.0,0.0,0.0,0.0,0.0,0.0,0.0,0.0,0.0,0.0,309.0,0.0,0.0,0.0,0.0,0.0
2019-10-07T20:00:00.0,0.0,660.0,0.0,1193.0,15706.0,0.0,0.0,0.0,0.0,0.0,0.0,0.0,0.0,0.0,309.0,0.0,0.0,0.0,0.0,0.0
2019-10-07T21:00:00.0,0.0,754.0,0.0,1193.0,14698.0,0.0,0.0,0.0,0.0,0.0,0.0,0.0,0.0,0.0,309.0,0.0,0.0,0.0,0.0,0.0
2019-10-07T22:00:00.0,0.0,853.0,0.0,1193.0,13190.0,0.0,0.0,0.0,0.0,0.0,0.0,0.0,0.0,0.0,310.0,0.0,0.0,0.0,0.0,0.0
2019-10-07T23:00:00.0,0.0,1000.0,0.0,1176.0,12107.0,0.0,0.0,0.0,0.0,0.0,0.0,0.0,0.0,0.0,310.0,0.0,0.0,0.0,0.0,0.0
2019-10-08T00:00:00.0,0.0,958.0,0.0,1177.0,11639.0,0.0,0.0,0.0,0.0,0.0,0.0,0.0,0.0,0.0,311.0,0.0,0.0,0.0,0.0,0.0
2019-10-08T01:00:00.0,0.0,1035.0,0.0,1178.0,11022.0,0.0,0.0,0.0,0.0,0.0,0.0,0.0,0.0,0.0,311.0,0.0,0.0,0.0,0.0,0.0
2019-10-08T02:00:00.0,0.0,1099.0,0.0,1177.0,10588.0,0.0,0.0,0.0,0.0,0.0,0.0,0.0,0.0,0.0,311.0,0.0,0.0,0.0,0.0,0.0
2019-10-08T03:00:00.0,0.0,1088.0,0.0,1183.0,10773.0,0.0,0.0,0.0,0.0,0.0,0.0,0.0,0.0,0.0,311.0,0.0,0.0,0.0,0.0,0.0
2019-10-08T04:00:00.0,0.0,1039.0,0.0,1187.0,11563.0,0.0,0.0,0.0,0.0,0.0,0.0,0.0,0.0,0.0,309.0,0.0,0.0,0.0,0.0,0.0
2019-10-08T05:00:00.0,0.0,966.0,0.0,1190.0,13463.0,0.0,0.0,0.0,0.0,0.0,0.0,0.0,0.0,0.0,309.0,0.0,0.0,0.0,0.0,0.0
2019-10-08T06:00:00.0,0.0,918.0,0.0,1198.0,15862.0,0.0,0.0,0.0,0.0,0.0,0.0,0.0,0.0,0.0,309.0,0.0,0.0,0.0,0.0,0.0
2019-10-08T07:00:00.0,0.0,919.0,0.0,1206.0,16525.0,0.0,0.0,0.0,0.0,0.0,0.0,0.0,0.0,0.0,306.0,0.0,0.0,0.0,0.0,0.0
2019-10-08T08:00:00.0,0.0,817.0,0.0,1209.0,17507.0,0.0,0.0,0.0,0.0,0.0,0.0,0.0,0.0,0.0,319.0,0.0,0.0,0.0,0.0,0.0
2019-10-08T09:00:00.0,0.0,735.0,0.0,1208.0,17125.0,0.0,0.0,0.0,0.0,0.0,0.0,0.0,0.0,0.0,326.0,0.0,0.0,0.0,0.0,0.0
2019-10-08T10:00:00.0,0.0,660.0,0.0,1202.0,16079.0,0.0,0.0,0.0,0.0,0.0,0.0,0.0,0.0,0.0,309.0,0.0,0.0,0.0,0.0,0.0
2019-10-08T11:00:00.0,0.0,784.0,0.0,1202.0,15247.0,0.0,0.0,0.0,0.0,0.0,0.0,0.0,0.0,0.0,309.0,0.0,0.0,0.0,0.0,0.0
2019-10-08T12:00:00.0,0.0,637.0,0.0,1202.0,14917.0,0.0,0.0,0.0,0.0,0.0,0.0,0.0,0.0,0.0,308.0,0.0,0.0,0.0,0.0,0.0
2019-10-08T13:00:00.0,0.0,787.0,0.0,1201.0,14333.0,0.0,0.0,0.0,0.0,0.0,0.0,0.0,0.0,0.0,310.0,0.0,0.0,0.0,0.0,0.0
2019-10-08T14:00:00.0,0.0,730.0,0.0,1204.0,14671.0,0.0,0.0,0.0,0.0,0.0,0.0,0.0,0.0,0.0,309.0,0.0,0.0,0.0,0.0,0.0
2019-10-08T15:00:00.0,0.0,609.0,0.0,1208.0,15211.0,0.0,0.0,0.0,0.0,0.0,0.0,0.0,0.0,0.0,310.0,0.0,0.0,0.0,0.0,0.0
2019-10-08T16:00:00.0,0.0,647.0,0.0,1222.0,16053.0,0.0,0.0,0.0,0.0,0.0,0.0,0.0,0.0,0.0,309.0,0.0,0.0,0.0,0.0,0.0
2019-10-08T17:00:00.0,0.0,674.0,0.0,1227.0,16363.0,0.0,0.0,0.0,0.0,0.0,0.0,0.0,0.0,0.0,310.0,0.0,0.0,0.0,0.0,0.0
2019-10-08T18:00:00.0,0.0,814.0,0.0,1228.0,16520.0,0.0,0.0,0.0,0.0,0.0,0.0,0.0,0.0,0.0,323.0,0.0,0.0,0.0,0.0,0.0
2019-10-08T19:00:00.0,0.0,894.0,0.0,1227.0,14745.0,0.0,0.0,0.0,0.0,0.0,0.0,0.0,0.0,0.0,310.0,0.0,0.0,0.0,0.0,0.0
2019-10-08T20:00:00.0,0.0,926.0,0.0,1228.0,13029.0,0.0,0.0,0.0,0.0,0.0,0.0,0.0,0.0,0.0,310.0,0.0,0.0,0.0,0.0,0.0
2019-10-08T21:00:00.0,0.0,901.0,0.0,1225.0,11737.0,0.0,0.0,0.0,0.0,0.0,0.0,0.0,0.0,0.0,310.0,0.0,0.0,0.0,0.0,0.0
2019-10-08T22:00:00.0,0.0,927.0,0.0,1225.0,10854.0,0.0,0.0,0.0,0.0,0.0,0.0,0.0,0.0,0.0,309.0,0.0,0.0,0.0,0.0,0.0
2019-10-08T23:00:00.0,0.0,886.0,0.0,1215.0,9936.0,0.0,0.0,0.0,0.0,0.0,0.0,0.0,0.0,0.0,309.0,0.0,0.0,0.0,0.0,0.0
2019-10-09T00:00:00.0,0.0,832.0,0.0,1213.0,9488.0,0.0,0.0,0.0,0.0,0.0,0.0,0.0,0.0,0.0,309.0,0.0,0.0,0.0,0.0,0.0
2019-10-09T01:00:00.0,0.0,840.0,0.0,1216.0,9033.0,0.0,0.0,0.0,0.0,0.0,0.0,0.0,0.0,0.0,309.0,0.0,0.0,0.0,0.0,0.0
2019-10-09T02:00:00.0,0.0,799.0,0.0,1212.0,9137.0,0.0,0.0,0.0,0.0,0.0,0.0,0.0,0.0,0.0,309.0,0.0,0.0,0.0,0.0,0.0
2019-10-09T03:00:00.0,0.0,811.0,0.0,1215.0,9434.0,0.0,0.0,0.0,0.0,0.0,0.0,0.0,0.0,0.0,309.0,0.0,0.0,0.0,0.0,0.0
2019-10-09T04:00:00.0,0.0,763.0,0.0,1220.0,10481.0,0.0,0.0,0.0,0.0,0.0,0.0,0.0,0.0,0.0,309.0,0.0,0.0,0.0,0.0,0.0
2019-10-09T05:00:00.0,0.0,710.0,0.0,1228.0,12751.0,0.0,0.0,0.0,0.0,0.0,0.0,0.0,0.0,0.0,310.0,0.0,0.0,0.0,0.0,0.0
2019-10-09T06:00:00.0,0.0,710.0,0.0,1240.0,14385.0,0.0,0.0,0.0,0.0,0.0,0.0,0.0,0.0,0.0,309.0,0.0,0.0,0.0,0.0,0.0
2019-10-09T07:00:00.0,0.0,730.0,0.0,1247.0,15401.0,0.0,0.0,0.0,0.0,0.0,0.0,0.0,0.0,0.0,309.0,0.0,0.0,0.0,0.0,0.0
2019-10-09T08:00:00.0,0.0,731.0,0.0,1245.0,15968.0,0.0,0.0,0.0,0.0,0.0,0.0,0.0,0.0,0.0,309.0,0.0,0.0,0.0,0.0,0.0
2019-10-09T09:00:00.0,0.0,759.0,0.0,1241.0,16075.0,0.0,0.0,0.0,0.0,0.0,0.0,0.0,0.0,0.0,309.0,0.0,0.0,0.0,0.0,0.0
2019-10-09T10:00:00.0,0.0,726.0,0.0,1248.0,15696.0,0.0,0.0,0.0,0.0,0.0,0.0,0.0,0.0,0.0,308.0,0.0,0.0,0.0,0.0,0.0
2019-10-09T11:00:00.0,0.0,599.0,0.0,1249.0,14864.0,0.0,0.0,0.0,0.0,0.0,0.0,0.0,0.0,0.0,308.0,0.0,0.0,0.0,0.0,0.0
2019-10-09T12:00:00.0,0.0,663.0,0.0,1255.0,14418.0,0.0,0.0,0.0,0.0,0.0,0.0,0.0,0.0,0.0,308.0,0.0,0.0,0.0,0.0,0.0
2019-10-09T13:00:00.0,0.0,587.0,0.0,1258.0,14546.0,0.0,0.0,0.0,0.0,0.0,0.0,0.0,0.0,0.0,308.0,0.0,0.0,0.0,0.0,0.0
2019-10-09T14:00:00.0,0.0,654.0,0.0,1260.0,14941.0,0.0,0.0,0.0,0.0,0.0,0.0,0.0,0.0,0.0,307.0,0.0,0.0,0.0,0.0,0.0
2019-10-09T15:00:00.0,0.0,531.0,0.0,1260.0,15294.0,0.0,0.0,0.0,0.0,0.0,0.0,0.0,0.0,0.0,308.0,0.0,0.0,0.0,0.0,0.0
2019-10-09T16:00:00.0,0.0,504.0,0.0,1263.0,16083.0,0.0,0.0,0.0,0.0,0.0,0.0,0.0,0.0,0.0,308.0,0.0,0.0,0.0,0.0,0.0
2019-10-09T17:00:00.0,0.0,510.0,0.0,1267.0,16768.0,0.0,0.0,0.0,0.0,0.0,0.0,0.0,0.0,0.0,308.0,0.0,0.0,0.0,0.0,0.0
2019-10-09T18:00:00.0,0.0,551.0,0.0,1265.0,16474.0,0.0,0.0,0.0,0.0,0.0,0.0,0.0,0.0,0.0,308.0,0.0,0.0,0.0,0.0,0.0
2019-10-09T19:00:00.0,0.0,572.0,0.0,1266.0,15525.0,0.0,0.0,0.0,0.0,0.0,0.0,0.0,0.0,0.0,307.0,0.0,0.0,0.0,0.0,0.0
2019-10-09T20:00:00.0,0.0,458.0,0.0,1265.0,14407.0,0.0,0.0,0.0,0.0,0.0,0.0,0.0,0.0,0.0,308.0,0.0,0.0,0.0,0.0,0.0
2019-10-09T21:00:00.0,0.0,449.0,0.0,1263.0,13102.0,0.0,0.0,0.0,0.0,0.0,0.0,0.0,0.0,0.0,308.0,0.0,0.0,0.0,0.0,0.0
2019-10-09T22:00:00.0,0.0,407.0,0.0,1261.0,11275.0,0.0,0.0,0.0,0.0,0.0,0.0,0.0,0.0,0.0,308.0,0.0,0.0,0.0,0.0,0.0
2019-10-09T23:00:00.0,0.0,387.0,0.0,1255.0,10561.0,0.0,0.0,0.0,0.0,0.0,0.0,0.0,0.0,0.0,308.0,0.0,0.0,0.0,0.0,0.0
2019-10-10T00:00:00.0,0.0,417.0,0.0,1248.0,9990.0,0.0,0.0,0.0,0.0,0.0,0.0,0.0,0.0,0.0,308.0,0.0,0.0,0.0,0.0,0.0
2019-10-10T01:00:00.0,0.0,391.0,0.0,1247.0,9697.0,0.0,0.0,0.0,0.0,0.0,0.0,0.0,0.0,0.0,308.0,0.0,0.0,0.0,0.0,0.0
2019-10-10T02:00:00.0,0.0,426.0,0.0,1247.0,9783.0,0.0,0.0,0.0,0.0,0.0,0.0,0.0,0.0,0.0,308.0,0.0,0.0,0.0,0.0,0.0
2019-10-10T03:00:00.0,0.0,427.0,0.0,1253.0,10333.0,0.0,0.0,0.0,0.0,0.0,0.0,0.0,0.0,0.0,308.0,0.0,0.0,0.0,0.0,0.0
2019-10-10T04:00:00.0,0.0,411.0,0.0,1254.0,11778.0,0.0,0.0,0.0,0.0,0.0,0.0,0.0,0.0,0.0,309.0,0.0,0.0,0.0,0.0,0.0
2019-10-10T05:00:00.0,0.0,382.0,0.0,1253.0,13548.0,0.0,0.0,0.0,0.0,0.0,0.0,0.0,0.0,0.0,309.0,0.0,0.0,0.0,0.0,0.0
2019-10-10T06:00:00.0,0.0,368.0,0.0,1254.0,15336.0,0.0,0.0,0.0,0.0,0.0,0.0,0.0,0.0,0.0,309.0,0.0,0.0,0.0,0.0,0.0
2019-10-10T07:00:00.0,0.0,353.0,0.0,1257.0,16103.0,0.0,0.0,0.0,0.0,0.0,0.0,0.0,0.0,0.0,309.0,0.0,0.0,0.0,0.0,0.0
2019-10-10T08:00:00.0,0.0,334.0,0.0,1259.0,16176.0,0.0,0.0,0.0,0.0,0.0,0.0,0.0,0.0,0.0,304.0,0.0,0.0,0.0,0.0,0.0
2019-10-10T09:00:00.0,0.0,329.0,0.0,1260.0,15341.0,0.0,0.0,0.0,0.0,0.0,0.0,0.0,0.0,0.0,309.0,0.0,0.0,0.0,0.0,0.0
2019-10-10T10:00:00.0,0.0,327.0,0.0,1259.0,14453.0,0.0,0.0,0.0,0.0,0.0,0.0,0.0,0.0,0.0,309.0,0.0,0.0,0.0,0.0,0.0
2019-10-10T11:00:00.0,0.0,323.0,0.0,1256.0,13592.0,0.0,0.0,0.0,0.0,0.0,0.0,0.0,0.0,0.0,309.0,0.0,0.0,0.0,0.0,0.0
2019-10-10T12:00:00.0,0.0,317.0,0.0,1259.0,13231.0,0.0,0.0,0.0,0.0,0.0,0.0,0.0,0.0,0.0,309.0,0.0,0.0,0.0,0.0,0.0
2019-10-10T13:00:00.0,0.0,325.0,0.0,1260.0,13134.0,0.0,0.0,0.0,0.0,0.0,0.0,0.0,0.0,0.0,309.0,0.0,0.0,0.0,0.0,0.0
2019-10-10T14:00:00.0,0.0,310.0,0.0,1264.0,12851.0,0.0,0.0,0.0,0.0,0.0,0.0,0.0,0.0,0.0,309.0,0.0,0.0,0.0,0.0,0.0
2019-10-10T15:00:00.0,0.0,319.0,0.0,1266.0,13541.0,0.0,0.0,0.0,0.0,0.0,0.0,0.0,0.0,0.0,309.0,0.0,0.0,0.0,0.0,0.0
2019-10-10T16:00:00.0,0.0,362.0,0.0,1271.0,14673.0,0.0,0.0,0.0,0.0,0.0,0.0,0.0,0.0,0.0,309.0,0.0,0.0,0.0,0.0,0.0
2019-10-10T17:00:00.0,0.0,367.0,0.0,1274.0,15804.0,0.0,0.0,0.0,0.0,0.0,0.0,0.0,0.0,0.0,310.0,0.0,0.0,0.0,0.0,0.0
2019-10-10T18:00:00.0,0.0,366.0,0.0,1277.0,15756.0,0.0,0.0,0.0,0.0,0.0,0.0,0.0,0.0,0.0,309.0,0.0,0.0,0.0,0.0,0.0
2019-10-10T19:00:00.0,0.0,359.0,0.0,1285.0,14170.0,0.0,0.0,0.0,0.0,0.0,0.0,0.0,0.0,0.0,309.0,0.0,0.0,0.0,0.0,0.0
2019-10-10T20:00:00.0,0.0,304.0,0.0,1288.0,12577.0,0.0,0.0,0.0,0.0,0.0,0.0,0.0,0.0,0.0,308.0,0.0,0.0,0.0,0.0,0.0
2019-10-10T21:00:00.0,0.0,246.0,0.0,1287.0,11242.0,0.0,0.0,0.0,0.0,0.0,0.0,0.0,0.0,0.0,309.0,0.0,0.0,0.0,0.0,0.0
2019-10-10T22:00:00.0,0.0,211.0,0.0,1287.0,9793.0,0.0,0.0,0.0,0.0,0.0,0.0,0.0,0.0,0.0,309.0,0.0,0.0,0.0,0.0,0.0
2019-10-10T23:00:00.0,0.0,211.0,0.0,1311.0,9147.0,0.0,0.0,0.0,0.0,0.0,0.0,0.0,0.0,0.0,309.0,0.0,0.0,0.0,0.0,0.0
2019-10-11T00:00:00.0,0.0,202.0,0.0,1313.0,9223.0,0.0,0.0,0.0,0.0,0.0,0.0,0.0,0.0,0.0,308.0,0.0,0.0,0.0,0.0,0.0
2019-10-11T01:00:00.0,0.0,249.0,0.0,1315.0,9043.0,0.0,0.0,0.0,0.0,0.0,0.0,0.0,0.0,0.0,309.0,0.0,0.0,0.0,0.0,0.0
2019-10-11T02:00:00.0,0.0,301.0,0.0,1316.0,9048.0,0.0,0.0,0.0,0.0,0.0,0.0,0.0,0.0,0.0,308.0,0.0,0.0,0.0,0.0,0.0
2019-10-11T03:00:00.0,0.0,355.0,0.0,1315.0,9121.0,0.0,0.0,0.0,0.0,0.0,0.0,0.0,0.0,0.0,309.0,0.0,0.0,0.0,0.0,0.0
2019-10-11T04:00:00.0,0.0,418.0,0.0,1318.0,9575.0,0.0,0.0,0.0,0.0,0.0,0.0,0.0,0.0,0.0,309.0,0.0,0.0,0.0,0.0,0.0
2019-10-11T05:00:00.0,0.0,401.0,0.0,1320.0,11683.0,0.0,0.0,0.0,0.0,0.0,0.0,0.0,0.0,0.0,308.0,0.0,0.0,0.0,0.0,0.0
2019-10-11T06:00:00.0,0.0,330.0,0.0,1326.0,14338.0,0.0,0.0,0.0,0.0,0.0,0.0,0.0,0.0,0.0,309.0,0.0,0.0,0.0,0.0,0.0
2019-10-11T07:00:00.0,0.0,339.0,0.0,1329.0,15420.0,0.0,0.0,0.0,0.0,0.0,0.0,0.0,0.0,0.0,309.0,0.0,0.0,0.0,0.0,0.0
2019-10-11T08:00:00.0,0.0,419.0,0.0,1324.0,15081.0,0.0,0.0,0.0,0.0,0.0,0.0,0.0,0.0,0.0,308.0,0.0,0.0,0.0,0.0,0.0
2019-10-11T09:00:00.0,0.0,409.0,0.0,1332.0,14368.0,0.0,0.0,0.0,0.0,0.0,0.0,0.0,0.0,0.0,308.0,0.0,0.0,0.0,0.0,0.0
2019-10-11T10:00:00.0,0.0,397.0,0.0,1328.0,13959.0,0.0,0.0,0.0,0.0,0.0,0.0,0.0,0.0,0.0,308.0,0.0,0.0,0.0,0.0,0.0
2019-10-11T11:00:00.0,0.0,389.0,0.0,1324.0,13575.0,0.0,0.0,0.0,0.0,0.0,0.0,0.0,0.0,0.0,308.0,0.0,0.0,0.0,0.0,0.0
2019-10-11T12:00:00.0,0.0,397.0,0.0,1319.0,12794.0,0.0,0.0,0.0,0.0,0.0,0.0,0.0,0.0,0.0,308.0,0.0,0.0,0.0,0.0,0.0
2019-10-11T13:00:00.0,0.0,417.0,0.0,1317.0,12634.0,0.0,0.0,0.0,0.0,0.0,0.0,0.0,0.0,0.0,308.0,0.0,0.0,0.0,0.0,0.0
2019-10-11T14:00:00.0,0.0,442.0,0.0,1318.0,12642.0,0.0,0.0,0.0,0.0,0.0,0.0,0.0,0.0,0.0,308.0,0.0,0.0,0.0,0.0,0.0
2019-10-11T15:00:00.0,0.0,459.0,0.0,1321.0,12751.0,0.0,0.0,0.0,0.0,0.0,0.0,0.0,0.0,0.0,338.0,0.0,0.0,0.0,0.0,0.0
2019-10-11T16:00:00.0,0.0,518.0,0.0,1324.0,13027.0,0.0,0.0,0.0,0.0,0.0,0.0,0.0,0.0,0.0,342.0,0.0,0.0,0.0,0.0,0.0
2019-10-11T17:00:00.0,0.0,472.0,0.0,1330.0,13347.0,0.0,0.0,0.0,0.0,0.0,0.0,0.0,0.0,0.0,343.0,0.0,0.0,0.0,0.0,0.0
2019-10-11T18:00:00.0,0.0,476.0,0.0,1334.0,13439.0,0.0,0.0,0.0,0.0,0.0,0.0,0.0,0.0,0.0,344.0,0.0,0.0,0.0,0.0,0.0
2019-10-11T19:00:00.0,0.0,509.0,0.0,1335.0,12280.0,0.0,0.0,0.0,0.0,0.0,0.0,0.0,0.0,0.0,342.0,0.0,0.0,0.0,0.0,0.0
2019-10-11T20:00:00.0,0.0,489.0,0.0,1331.0,11792.0,0.0,0.0,0.0,0.0,0.0,0.0,0.0,0.0,0.0,344.0,0.0,0.0,0.0,0.0,0.0
2019-10-11T21:00:00.0,0.0,548.0,0.0,1329.0,10792.0,0.0,0.0,0.0,0.0,0.0,0.0,0.0,0.0,0.0,343.0,0.0,0.0,0.0,0.0,0.0
2019-10-11T22:00:00.0,0.0,474.0,0.0,1330.0,9712.0,0.0,0.0,0.0,0.0,0.0,0.0,0.0,0.0,0.0,343.0,0.0,0.0,0.0,0.0,0.0
2019-10-11T23:00:00.0,0.0,505.0,0.0,1334.0,9311.0,0.0,0.0,0.0,0.0,0.0,0.0,0.0,0.0,0.0,343.0,0.0,0.0,0.0,0.0,0.0
2019-10-12T00:00:00.0,0.0,502.0,0.0,1311.0,9101.0,0.0,0.0,0.0,0.0,0.0,0.0,0.0,0.0,0.0,343.0,0.0,0.0,0.0,0.0,0.0
2019-10-12T01:00:00.0,0.0,517.0,0.0,1301.0,8459.0,0.0,0.0,0.0,0.0,0.0,0.0,0.0,0.0,0.0,344.0,0.0,0.0,0.0,0.0,0.0
2019-10-12T02:00:00.0,0.0,487.0,0.0,1290.0,8357.0,0.0,0.0,0.0,0.0,0.0,0.0,0.0,0.0,0.0,343.0,0.0,0.0,0.0,0.0,0.0
2019-10-12T03:00:00.0,0.0,511.0,0.0,1286.0,8515.0,0.0,0.0,0.0,0.0,0.0,0.0,0.0,0.0,0.0,342.0,0.0,0.0,0.0,0.0,0.0
2019-10-12T04:00:00.0,0.0,462.0,0.0,1286.0,9038.0,0.0,0.0,0.0,0.0,0.0,0.0,0.0,0.0,0.0,343.0,0.0,0.0,0.0,0.0,0.0
2019-10-12T05:00:00.0,0.0,439.0,0.0,1284.0,9813.0,0.0,0.0,0.0,0.0,0.0,0.0,0.0,0.0,0.0,343.0,0.0,0.0,0.0,0.0,0.0
2019-10-12T06:00:00.0,0.0,422.0,0.0,1299.0,10732.0,0.0,0.0,0.0,0.0,0.0,0.0,0.0,0.0,0.0,343.0,0.0,0.0,0.0,0.0,0.0
2019-10-12T07:00:00.0,0.0,433.0,0.0,1300.0,11853.0,0.0,0.0,0.0,0.0,0.0,0.0,0.0,0.0,0.0,342.0,0.0,0.0,0.0,0.0,0.0
2019-10-12T08:00:00.0,0.0,418.0,0.0,1303.0,12986.0,0.0,0.0,0.0,0.0,0.0,0.0,0.0,0.0,0.0,343.0,0.0,0.0,0.0,0.0,0.0
2019-10-12T09:00:00.0,0.0,388.0,0.0,1303.0,13402.0,0.0,0.0,0.0,0.0,0.0,0.0,0.0,0.0,0.0,345.0,0.0,0.0,0.0,0.0,0.0
2019-10-12T10:00:00.0,0.0,405.0,0.0,1302.0,13112.0,0.0,0.0,0.0,0.0,0.0,0.0,0.0,0.0,0.0,346.0,0.0,0.0,0.0,0.0,0.0
2019-10-12T11:00:00.0,0.0,440.0,0.0,1302.0,12648.0,0.0,0.0,0.0,0.0,0.0,0.0,0.0,0.0,0.0,345.0,0.0,0.0,0.0,0.0,0.0
2019-10-12T12:00:00.0,0.0,455.0,0.0,1298.0,12573.0,0.0,0.0,0.0,0.0,0.0,0.0,0.0,0.0,0.0,346.0,0.0,0.0,0.0,0.0,0.0
2019-10-12T13:00:00.0,0.0,479.0,0.0,1299.0,12192.0,0.0,0.0,0.0,0.0,0.0,0.0,0.0,0.0,0.0,340.0,0.0,0.0,0.0,0.0,0.0
2019-10-12T14:00:00.0,0.0,506.0,0.0,1292.0,12094.0,0.0,0.0,0.0,0.0,0.0,0.0,0.0,0.0,0.0,339.0,0.0,0.0,0.0,0.0,0.0
2019-10-12T15:00:00.0,0.0,487.0,0.0,1290.0,12334.0,0.0,0.0,0.0,0.0,0.0,0.0,0.0,0.0,0.0,340.0,0.0,0.0,0.0,0.0,0.0
2019-10-12T16:00:00.0,0.0,458.0,0.0,1286.0,13826.0,0.0,0.0,0.0,0.0,0.0,0.0,0.0,0.0,0.0,340.0,0.0,0.0,0.0,0.0,0.0
2019-10-12T17:00:00.0,0.0,488.0,0.0,1287.0,14893.0,0.0,0.0,0.0,0.0,0.0,0.0,0.0,0.0,0.0,340.0,0.0,0.0,0.0,0.0,0.0
2019-10-12T18:00:00.0,0.0,473.0,0.0,1283.0,15068.0,0.0,0.0,0.0,0.0,0.0,0.0,0.0,0.0,0.0,341.0,0.0,0.0,0.0,0.0,0.0
2019-10-12T19:00:00.0,0.0,394.0,0.0,1281.0,14659.0,0.0,0.0,0.0,0.0,0.0,0.0,0.0,0.0,0.0,340.0,0.0,0.0,0.0,0.0,0.0
2019-10-12T20:00:00.0,0.0,370.0,0.0,1280.0,13511.0,0.0,0.0,0.0,0.0,0.0,0.0,0.0,0.0,0.0,340.0,0.0,0.0,0.0,0.0,0.0
2019-10-12T21:00:00.0,0.0,309.0,0.0,1276.0,12268.0,0.0,0.0,0.0,0.0,0.0,0.0,0.0,0.0,0.0,340.0,0.0,0.0,0.0,0.0,0.0
2019-10-12T22:00:00.0,0.0,297.0,0.0,1273.0,10547.0,0.0,0.0,0.0,0.0,0.0,0.0,0.0,0.0,0.0,340.0,0.0,0.0,0.0,0.0,0.0
2019-10-12T23:00:00.0,0.0,235.0,0.0,1264.0,10145.0,0.0,0.0,0.0,0.0,0.0,0.0,0.0,0.0,0.0,340.0,0.0,0.0,0.0,0.0,0.0
2019-10-13T00:00:00.0,0.0,232.0,0.0,1242.0,10085.0,0.0,0.0,0.0,0.0,0.0,0.0,0.0,0.0,0.0,341.0,0.0,0.0,0.0,0.0,0.0
2019-10-13T01:00:00.0,0.0,251.0,0.0,1252.0,9577.0,0.0,0.0,0.0,0.0,0.0,0.0,0.0,0.0,0.0,340.0,0.0,0.0,0.0,0.0,0.0
2019-10-13T02:00:00.0,0.0,265.0,0.0,1249.0,9686.0,0.0,0.0,0.0,0.0,0.0,0.0,0.0,0.0,0.0,340.0,0.0,0.0,0.0,0.0,0.0
2019-10-13T03:00:00.0,0.0,269.0,0.0,1245.0,10191.0,0.0,0.0,0.0,0.0,0.0,0.0,0.0,0.0,0.0,340.0,0.0,0.0,0.0,0.0,0.0
2019-10-13T04:00:00.0,0.0,215.0,0.0,1245.0,10910.0,0.0,0.0,0.0,0.0,0.0,0.0,0.0,0.0,0.0,340.0,0.0,0.0,0.0,0.0,0.0
2019-10-13T05:00:00.0,0.0,268.0,0.0,1243.0,10983.0,0.0,0.0,0.0,0.0,0.0,0.0,0.0,0.0,0.0,340.0,0.0,0.0,0.0,0.0,0.0
2019-10-13T06:00:00.0,0.0,220.0,0.0,1244.0,12159.0,0.0,0.0,0.0,0.0,0.0,0.0,0.0,0.0,0.0,342.0,0.0,0.0,0.0,0.0,0.0
2019-10-13T07:00:00.0,0.0,285.0,0.0,1244.0,13319.0,0.0,0.0,0.0,0.0,0.0,0.0,0.0,0.0,0.0,341.0,0.0,0.0,0.0,0.0,0.0
2019-10-13T08:00:00.0,0.0,201.0,0.0,1242.0,14118.0,0.0,0.0,0.0,0.0,0.0,0.0,0.0,0.0,0.0,342.0,0.0,0.0,0.0,0.0,0.0
2019-10-13T09:00:00.0,0.0,179.0,0.0,1241.0,14332.0,0.0,0.0,0.0,0.0,0.0,0.0,0.0,0.0,0.0,342.0,0.0,0.0,0.0,0.0,0.0
2019-10-13T10:00:00.0,0.0,135.0,0.0,1236.0,14188.0,0.0,0.0,0.0,0.0,0.0,0.0,0.0,0.0,0.0,341.0,0.0,0.0,0.0,0.0,0.0
2019-10-13T11:00:00.0,0.0,114.0,0.0,1239.0,13999.0,0.0,0.0,0.0,0.0,0.0,0.0,0.0,0.0,0.0,342.0,0.0,0.0,0.0,0.0,0.0
2019-10-13T12:00:00.0,0.0,93.0,0.0,1238.0,13843.0,0.0,0.0,0.0,0.0,0.0,0.0,0.0,0.0,0.0,341.0,0.0,0.0,0.0,0.0,0.0
2019-10-13T13:00:00.0,0.0,101.0,0.0,1237.0,13575.0,0.0,0.0,0.0,0.0,0.0,0.0,0.0,0.0,0.0,341.0,0.0,0.0,0.0,0.0,0.0
2019-10-13T14:00:00.0,0.0,89.0,0.0,1238.0,13358.0,0.0,0.0,0.0,0.0,0.0,0.0,0.0,0.0,0.0,356.0,0.0,0.0,0.0,0.0,1.0
2019-10-13T15:00:00.0,0.0,107.0,0.0,1237.0,13451.0,0.0,0.0,0.0,0.0,0.0,0.0,0.0,0.0,0.0,341.0,0.0,0.0,0.0,0.0,1.0
2019-10-13T16:00:00.0,0.0,127.0,0.0,1236.0,14001.0,0.0,0.0,0.0,0.0,0.0,0.0,0.0,0.0,0.0,346.0,0.0,0.0,0.0,0.0,1.0
2019-10-13T17:00:00.0,0.0,169.0,0.0,1241.0,14646.0,0.0,0.0,0.0,0.0,0.0,0.0,0.0,0.0,0.0,341.0,0.0,0.0,0.0,0.0,1.0
2019-10-13T18:00:00.0,0.0,228.0,0.0,1239.0,14820.0,0.0,0.0,0.0,0.0,0.0,0.0,0.0,0.0,0.0,355.0,0.0,0.0,0.0,0.0,1.0
2019-10-13T19:00:00.0,0.0,260.0,0.0,1239.0,14214.0,0.0,0.0,0.0,0.0,0.0,0.0,0.0,0.0,0.0,357.0,0.0,0.0,0.0,0.0,1.0
2019-10-13T20:00:00.0,0.0,251.0,0.0,1237.0,13548.0,0.0,0.0,0.0,0.0,0.0,0.0,0.0,0.0,0.0,358.0,0.0,0.0,0.0,0.0,1.0
2019-10-13T21:00:00.0,0.0,278.0,0.0,1235.0,12035.0,0.0,0.0,0.0,0.0,0.0,0.0,0.0,0.0,0.0,355.0,0.0,0.0,0.0,0.0,1.0
2019-10-13T22:00:00.0,0.0,319.0,0.0,1227.0,10647.0,0.0,0.0,0.0,0.0,0.0,0.0,0.0,0.0,0.0,353.0,0.0,0.0,0.0,0.0,1.0
2019-10-13T23:00:00.0,0.0,396.0,0.0,1225.0,9597.0,0.0,0.0,0.0,0.0,0.0,0.0,0.0,0.0,0.0,355.0,0.0,0.0,0.0,0.0,1.0
2019-10-14T00:00:00.0,0.0,405.0,0.0,1209.0,9165.0,0.0,0.0,0.0,0.0,0.0,0.0,0.0,0.0,0.0,357.0,0.0,0.0,0.0,0.0,1.0
2019-10-14T01:00:00.0,0.0,423.0,0.0,1222.0,8936.0,0.0,0.0,0.0,0.0,0.0,0.0,0.0,0.0,0.0,360.0,0.0,0.0,0.0,0.0,1.0
2019-10-14T02:00:00.0,0.0,426.0,0.0,1220.0,8901.0,0.0,0.0,0.0,0.0,0.0,0.0,0.0,0.0,0.0,359.0,0.0,0.0,0.0,0.0,1.0
2019-10-14T03:00:00.0,0.0,379.0,0.0,1219.0,9378.0,0.0,0.0,0.0,0.0,0.0,0.0,0.0,0.0,0.0,356.0,0.0,0.0,0.0,0.0,1.0
2019-10-14T04:00:00.0,0.0,352.0,0.0,1221.0,10473.0,0.0,0.0,0.0,0.0,0.0,0.0,0.0,0.0,0.0,361.0,0.0,0.0,0.0,0.0,1.0
2019-10-14T05:00:00.0,0.0,296.0,0.0,1223.0,13981.0,0.0,0.0,0.0,0.0,0.0,0.0,0.0,0.0,0.0,362.0,0.0,0.0,0.0,0.0,1.0
2019-10-14T06:00:00.0,0.0,241.0,0.0,1239.0,16557.0,0.0,0.0,0.0,0.0,0.0,0.0,0.0,0.0,0.0,361.0,0.0,0.0,0.0,0.0,1.0
2019-10-14T07:00:00.0,0.0,194.0,0.0,1256.0,16951.0,0.0,0.0,0.0,0.0,0.0,0.0,0.0,0.0,0.0,360.0,0.0,0.0,0.0,0.0,1.0
2019-10-14T08:00:00.0,0.0,137.0,0.0,1263.0,16965.0,0.0,0.0,0.0,0.0,0.0,0.0,0.0,0.0,0.0,327.0,0.0,0.0,0.0,0.0,1.0
2019-10-14T09:00:00.0,0.0,107.0,0.0,1262.0,16965.0,0.0,0.0,0.0,0.0,0.0,0.0,0.0,0.0,0.0,308.0,0.0,0.0,0.0,0.0,1.0
2019-10-14T10:00:00.0,0.0,82.0,0.0,1259.0,16886.0,0.0,0.0,0.0,0.0,0.0,0.0,0.0,0.0,0.0,330.0,0.0,0.0,0.0,0.0,1.0
2019-10-14T11:00:00.0,0.0,55.0,0.0,1253.0,16723.0,0.0,0.0,0.0,0.0,0.0,0.0,0.0,0.0,0.0,328.0,0.0,0.0,0.0,0.0,1.0
2019-10-14T12:00:00.0,0.0,30.0,0.0,1247.0,16436.0,0.0,0.0,0.0,0.0,0.0,0.0,0.0,0.0,0.0,329.0,0.0,0.0,0.0,0.0,1.0
2019-10-14T13:00:00.0,0.0,25.0,0.0,1244.0,16384.0,0.0,0.0,0.0,0.0,0.0,0.0,0.0,0.0,0.0,329.0,0.0,0.0,0.0,0.0,2.0
2019-10-14T14:00:00.0,0.0,42.0,0.0,1244.0,16378.0,0.0,0.0,0.0,0.0,0.0,0.0,0.0,0.0,0.0,329.0,0.0,0.0,0.0,0.0,2.0
2019-10-14T15:00:00.0,0.0,56.0,0.0,1242.0,16310.0,0.0,0.0,0.0,0.0,0.0,0.0,0.0,0.0,0.0,321.0,0.0,0.0,0.0,0.0,2.0
2019-10-14T16:00:00.0,0.0,63.0,0.0,1246.0,16403.0,0.0,0.0,0.0,0.0,0.0,0.0,0.0,0.0,0.0,328.0,0.0,0.0,0.0,0.0,3.0
2019-10-14T17:00:00.0,0.0,73.0,0.0,1245.0,16601.0,0.0,0.0,0.0,0.0,0.0,0.0,0.0,0.0,0.0,329.0,0.0,0.0,0.0,0.0,3.0
2019-10-14T18:00:00.0,0.0,102.0,0.0,1242.0,16590.0,0.0,0.0,0.0,0.0,0.0,0.0,0.0,0.0,0.0,329.0,0.0,0.0,0.0,0.0,3.0
2019-10-14T19:00:00.0,0.0,124.0,0.0,1241.0,16357.0,0.0,0.0,0.0,0.0,0.0,0.0,0.0,0.0,0.0,323.0,0.0,0.0,0.0,0.0,3.0
2019-10-14T20:00:00.0,0.0,127.0,0.0,1242.0,16005.0,0.0,0.0,0.0,0.0,0.0,0.0,0.0,0.0,0.0,324.0,0.0,0.0,0.0,0.0,3.0
2019-10-14T21:00:00.0,0.0,196.0,0.0,1236.0,14565.0,0.0,0.0,0.0,0.0,0.0,0.0,0.0,0.0,0.0,325.0,0.0,0.0,0.0,0.0,3.0
2019-10-14T22:00:00.0,0.0,221.0,0.0,1233.0,13038.0,0.0,0.0,0.0,0.0,0.0,0.0,0.0,0.0,0.0,328.0,0.0,0.0,0.0,0.0,3.0
2019-10-14T23:00:00.0,0.0,219.0,0.0,1232.0,12169.0,0.0,0.0,0.0,0.0,0.0,0.0,0.0,0.0,0.0,323.0,0.0,0.0,0.0,0.0,2.0
2019-10-15T00:00:00.0,0.0,269.0,0.0,1231.0,11510.0,0.0,0.0,0.0,0.0,0.0,0.0,0.0,0.0,0.0,327.0,0.0,0.0,0.0,0.0,3.0
2019-10-15T01:00:00.0,0.0,298.0,0.0,1229.0,11102.0,0.0,0.0,0.0,0.0,0.0,0.0,0.0,0.0,0.0,322.0,0.0,0.0,0.0,0.0,3.0
2019-10-15T02:00:00.0,0.0,327.0,0.0,1226.0,11057.0,0.0,0.0,0.0,0.0,0.0,0.0,0.0,0.0,0.0,328.0,0.0,0.0,0.0,0.0,3.0
2019-10-15T03:00:00.0,0.0,361.0,0.0,1223.0,11164.0,0.0,0.0,0.0,0.0,0.0,0.0,0.0,0.0,0.0,330.0,0.0,0.0,0.0,0.0,3.0
2019-10-15T04:00:00.0,0.0,400.0,0.0,1220.0,12264.0,0.0,0.0,0.0,0.0,0.0,0.0,0.0,0.0,0.0,326.0,0.0,0.0,0.0,0.0,3.0
2019-10-15T05:00:00.0,0.0,444.0,0.0,1221.0,14803.0,0.0,0.0,0.0,0.0,0.0,0.0,0.0,0.0,0.0,329.0,0.0,0.0,0.0,0.0,3.0
2019-10-15T06:00:00.0,0.0,464.0,0.0,1246.0,16349.0,0.0,0.0,0.0,0.0,0.0,0.0,0.0,0.0,0.0,329.0,0.0,0.0,0.0,0.0,3.0
2019-10-15T07:00:00.0,0.0,494.0,0.0,1263.0,16643.0,0.0,0.0,0.0,0.0,0.0,0.0,0.0,0.0,0.0,331.0,0.0,0.0,0.0,0.0,3.0
2019-10-15T08:00:00.0,0.0,528.0,0.0,1271.0,16771.0,0.0,0.0,0.0,0.0,0.0,0.0,0.0,0.0,0.0,323.0,0.0,0.0,0.0,0.0,3.0
2019-10-15T09:00:00.0,0.0,566.0,0.0,1277.0,16736.0,0.0,0.0,0.0,0.0,0.0,0.0,0.0,0.0,0.0,332.0,0.0,0.0,0.0,0.0,3.0
2019-10-15T10:00:00.0,0.0,586.0,0.0,1276.0,16517.0,0.0,0.0,0.0,0.0,0.0,0.0,0.0,0.0,0.0,330.0,0.0,0.0,0.0,0.0,3.0
2019-10-15T11:00:00.0,0.0,605.0,0.0,1273.0,16351.0,0.0,0.0,0.0,0.0,0.0,0.0,0.0,0.0,0.0,331.0,0.0,0.0,0.0,0.0,3.0
2019-10-15T12:00:00.0,0.0,613.0,0.0,1272.0,16300.0,0.0,0.0,0.0,0.0,0.0,0.0,0.0,0.0,0.0,322.0,0.0,0.0,0.0,0.0,3.0
2019-10-15T13:00:00.0,0.0,625.0,0.0,1275.0,16319.0,0.0,0.0,0.0,0.0,0.0,0.0,0.0,0.0,0.0,315.0,0.0,0.0,0.0,0.0,3.0
2019-10-15T14:00:00.0,0.0,676.0,0.0,1278.0,16339.0,0.0,0.0,0.0,0.0,0.0,0.0,0.0,0.0,0.0,326.0,0.0,0.0,0.0,0.0,3.0
2019-10-15T15:00:00.0,0.0,719.0,0.0,1285.0,16286.0,0.0,0.0,0.0,0.0,0.0,0.0,0.0,0.0,0.0,319.0,0.0,0.0,0.0,0.0,3.0
2019-10-15T16:00:00.0,0.0,782.0,0.0,1289.0,16042.0,0.0,0.0,0.0,0.0,0.0,0.0,0.0,0.0,0.0,323.0,0.0,0.0,0.0,0.0,3.0
2019-10-15T17:00:00.0,0.0,824.0,0.0,1290.0,16231.0,0.0,0.0,0.0,0.0,0.0,0.0,0.0,0.0,0.0,324.0,0.0,0.0,0.0,0.0,3.0
2019-10-15T18:00:00.0,0.0,891.0,0.0,1296.0,15928.0,0.0,0.0,0.0,0.0,0.0,0.0,0.0,0.0,0.0,324.0,0.0,0.0,0.0,0.0,3.0
2019-10-15T19:00:00.0,0.0,923.0,0.0,1297.0,15699.0,0.0,0.0,0.0,0.0,0.0,0.0,0.0,0.0,0.0,321.0,0.0,0.0,0.0,0.0,3.0
2019-10-15T20:00:00.0,0.0,930.0,0.0,1293.0,15339.0,0.0,0.0,0.0,0.0,0.0,0.0,0.0,0.0,0.0,320.0,0.0,0.0,0.0,0.0,3.0
2019-10-15T21:00:00.0,0.0,848.0,0.0,1295.0,14605.0,0.0,0.0,0.0,0.0,0.0,0.0,0.0,0.0,0.0,320.0,0.0,0.0,0.0,0.0,3.0
2019-10-15T22:00:00.0,0.0,988.0,0.0,1291.0,12979.0,0.0,0.0,0.0,0.0,0.0,0.0,0.0,0.0,0.0,322.0,0.0,0.0,0.0,0.0,3.0
2019-10-15T23:00:00.0,0.0,927.0,0.0,1275.0,12071.0,0.0,0.0,0.0,0.0,0.0,0.0,0.0,0.0,0.0,322.0,0.0,0.0,0.0,0.0,3.0
2019-10-16T00:00:00.0,0.0,914.0,0.0,1273.0,10952.0,0.0,0.0,0.0,0.0,0.0,0.0,0.0,0.0,0.0,323.0,0.0,0.0,0.0,0.0,3.0
2019-10-16T01:00:00.0,0.0,896.0,0.0,1272.0,10568.0,0.0,0.0,0.0,0.0,0.0,0.0,0.0,0.0,0.0,324.0,0.0,0.0,0.0,0.0,3.0
2019-10-16T02:00:00.0,0.0,950.0,0.0,1271.0,10625.0,0.0,0.0,0.0,0.0,0.0,0.0,0.0,0.0,0.0,324.0,0.0,0.0,0.0,0.0,3.0
2019-10-16T03:00:00.0,0.0,970.0,0.0,1271.0,11277.0,0.0,0.0,0.0,0.0,0.0,0.0,0.0,0.0,0.0,325.0,0.0,0.0,0.0,0.0,3.0
2019-10-16T04:00:00.0,0.0,897.0,0.0,1270.0,12298.0,0.0,0.0,0.0,0.0,0.0,0.0,0.0,0.0,0.0,325.0,0.0,0.0,0.0,0.0,3.0
2019-10-16T05:00:00.0,0.0,940.0,0.0,1277.0,14449.0,0.0,0.0,0.0,0.0,0.0,0.0,0.0,0.0,0.0,324.0,0.0,0.0,0.0,0.0,3.0
2019-10-16T06:00:00.0,0.0,869.0,0.0,1300.0,16060.0,0.0,0.0,0.0,0.0,0.0,0.0,0.0,0.0,0.0,326.0,0.0,0.0,0.0,0.0,3.0
2019-10-16T07:00:00.0,0.0,933.0,0.0,1310.0,16449.0,0.0,0.0,0.0,0.0,0.0,0.0,0.0,0.0,0.0,324.0,0.0,0.0,0.0,0.0,3.0
2019-10-16T08:00:00.0,0.0,836.0,0.0,1321.0,16508.0,0.0,0.0,0.0,0.0,0.0,0.0,0.0,0.0,0.0,323.0,0.0,0.0,0.0,0.0,3.0
2019-10-16T09:00:00.0,0.0,878.0,0.0,1328.0,16518.0,0.0,0.0,0.0,0.0,0.0,0.0,0.0,0.0,0.0,322.0,0.0,0.0,0.0,0.0,3.0
2019-10-16T10:00:00.0,0.0,860.0,0.0,1346.0,16367.0,0.0,0.0,0.0,0.0,0.0,0.0,0.0,0.0,0.0,318.0,0.0,0.0,0.0,0.0,3.0
2019-10-16T11:00:00.0,0.0,807.0,0.0,1362.0,15702.0,0.0,0.0,0.0,0.0,0.0,0.0,0.0,0.0,0.0,309.0,0.0,0.0,0.0,0.0,3.0
2019-10-16T12:00:00.0,0.0,781.0,0.0,1370.0,15559.0,0.0,0.0,0.0,0.0,0.0,0.0,0.0,0.0,0.0,327.0,0.0,0.0,0.0,0.0,3.0
2019-10-16T13:00:00.0,0.0,793.0,0.0,1373.0,15262.0,0.0,0.0,0.0,0.0,0.0,0.0,0.0,0.0,0.0,324.0,0.0,0.0,0.0,0.0,3.0
2019-10-16T14:00:00.0,0.0,800.0,0.0,1377.0,15373.0,0.0,0.0,0.0,0.0,0.0,0.0,0.0,0.0,0.0,322.0,0.0,0.0,0.0,0.0,3.0
2019-10-16T15:00:00.0,0.0,801.0,0.0,1376.0,16013.0,0.0,0.0,0.0,0.0,0.0,0.0,0.0,0.0,0.0,327.0,0.0,0.0,0.0,0.0,3.0
2019-10-16T16:00:00.0,0.0,812.0,0.0,1377.0,16205.0,0.0,0.0,0.0,0.0,0.0,0.0,0.0,0.0,0.0,312.0,0.0,0.0,0.0,0.0,3.0
2019-10-16T17:00:00.0,0.0,888.0,0.0,1380.0,15996.0,0.0,0.0,0.0,0.0,0.0,0.0,0.0,0.0,0.0,310.0,0.0,0.0,0.0,0.0,3.0
2019-10-16T18:00:00.0,0.0,891.0,0.0,1375.0,15797.0,0.0,0.0,0.0,0.0,0.0,0.0,0.0,0.0,0.0,310.0,0.0,0.0,0.0,0.0,3.0
2019-10-16T19:00:00.0,0.0,908.0,0.0,1376.0,15497.0,0.0,0.0,0.0,0.0,0.0,0.0,0.0,0.0,0.0,328.0,0.0,0.0,0.0,0.0,3.0
2019-10-16T20:00:00.0,0.0,904.0,0.0,1378.0,14463.0,0.0,0.0,0.0,0.0,0.0,0.0,0.0,0.0,0.0,324.0,0.0,0.0,0.0,0.0,3.0
2019-10-16T21:00:00.0,0.0,931.0,0.0,1378.0,13329.0,0.0,0.0,0.0,0.0,0.0,0.0,0.0,0.0,0.0,330.0,0.0,0.0,0.0,0.0,3.0
2019-10-16T22:00:00.0,0.0,968.0,0.0,1372.0,10797.0,0.0,0.0,0.0,0.0,0.0,0.0,0.0,0.0,0.0,330.0,0.0,0.0,0.0,0.0,3.0
2019-10-16T23:00:00.0,0.0,1075.0,0.0,1370.0,9837.0,0.0,0.0,0.0,0.0,0.0,0.0,0.0,0.0,0.0,333.0,0.0,0.0,0.0,0.0,3.0
2019-10-17T00:00:00.0,0.0,1066.0,0.0,1369.0,9189.0,0.0,0.0,0.0,0.0,0.0,0.0,0.0,0.0,0.0,332.0,0.0,0.0,0.0,0.0,3.0
2019-10-17T01:00:00.0,0.0,1118.0,0.0,1367.0,8922.0,0.0,0.0,0.0,0.0,0.0,0.0,0.0,0.0,0.0,329.0,0.0,0.0,0.0,0.0,3.0
2019-10-17T02:00:00.0,0.0,1063.0,0.0,1365.0,9008.0,0.0,0.0,0.0,0.0,0.0,0.0,0.0,0.0,0.0,328.0,0.0,0.0,0.0,0.0,3.0
2019-10-17T03:00:00.0,0.0,1131.0,0.0,1364.0,9462.0,0.0,0.0,0.0,0.0,0.0,0.0,0.0,0.0,0.0,328.0,0.0,0.0,0.0,0.0,3.0
2019-10-17T04:00:00.0,0.0,1148.0,0.0,1365.0,10631.0,0.0,0.0,0.0,0.0,0.0,0.0,0.0,0.0,0.0,330.0,0.0,0.0,0.0,0.0,3.0
2019-10-17T05:00:00.0,0.0,1039.0,0.0,1366.0,13824.0,0.0,0.0,0.0,0.0,0.0,0.0,0.0,0.0,0.0,330.0,0.0,0.0,0.0,0.0,3.0
2019-10-17T06:00:00.0,0.0,1080.0,0.0,1370.0,15669.0,0.0,0.0,0.0,0.0,0.0,0.0,0.0,0.0,0.0,328.0,0.0,0.0,0.0,0.0,3.0
2019-10-17T07:00:00.0,0.0,1065.0,0.0,1370.0,16229.0,0.0,0.0,0.0,0.0,0.0,0.0,0.0,0.0,0.0,326.0,0.0,0.0,0.0,0.0,3.0
2019-10-17T08:00:00.0,0.0,1036.0,0.0,1369.0,16108.0,0.0,0.0,0.0,0.0,0.0,0.0,0.0,0.0,0.0,324.0,0.0,0.0,0.0,0.0,3.0
2019-10-17T09:00:00.0,0.0,1046.0,0.0,1379.0,16181.0,0.0,0.0,0.0,0.0,0.0,0.0,0.0,0.0,0.0,330.0,0.0,0.0,0.0,0.0,3.0
2019-10-17T10:00:00.0,0.0,1022.0,0.0,1383.0,16009.0,0.0,0.0,0.0,0.0,0.0,0.0,0.0,0.0,0.0,330.0,0.0,0.0,0.0,0.0,3.0
2019-10-17T11:00:00.0,0.0,962.0,0.0,1383.0,15712.0,0.0,0.0,0.0,0.0,0.0,0.0,0.0,0.0,0.0,335.0,0.0,0.0,0.0,0.0,3.0
2019-10-17T12:00:00.0,0.0,924.0,0.0,1381.0,15578.0,0.0,0.0,0.0,0.0,0.0,0.0,0.0,0.0,0.0,336.0,0.0,0.0,0.0,0.0,3.0
2019-10-17T13:00:00.0,0.0,805.0,0.0,1379.0,15481.0,0.0,0.0,0.0,0.0,0.0,0.0,0.0,0.0,0.0,335.0,0.0,0.0,0.0,0.0,3.0
2019-10-17T14:00:00.0,0.0,764.0,0.0,1388.0,15909.0,0.0,0.0,0.0,0.0,0.0,0.0,0.0,0.0,0.0,332.0,0.0,0.0,0.0,0.0,3.0
2019-10-17T15:00:00.0,0.0,762.0,0.0,1389.0,15774.0,0.0,0.0,0.0,0.0,0.0,0.0,0.0,0.0,0.0,332.0,0.0,0.0,0.0,0.0,3.0
2019-10-17T16:00:00.0,0.0,768.0,0.0,1388.0,15673.0,0.0,0.0,0.0,0.0,0.0,0.0,0.0,0.0,0.0,328.0,0.0,0.0,0.0,0.0,3.0
2019-10-17T17:00:00.0,0.0,882.0,0.0,1379.0,15951.0,0.0,0.0,0.0,0.0,0.0,0.0,0.0,0.0,0.0,331.0,0.0,0.0,0.0,0.0,3.0
2019-10-17T18:00:00.0,0.0,782.0,0.0,1377.0,16259.0,0.0,0.0,0.0,0.0,0.0,0.0,0.0,0.0,0.0,330.0,0.0,0.0,0.0,0.0,3.0
2019-10-17T19:00:00.0,0.0,751.0,0.0,1378.0,15532.0,0.0,0.0,0.0,0.0,0.0,0.0,0.0,0.0,0.0,330.0,0.0,0.0,0.0,0.0,3.0
2019-10-17T20:00:00.0,0.0,752.0,0.0,1381.0,15540.0,0.0,0.0,0.0,0.0,0.0,0.0,0.0,0.0,0.0,330.0,0.0,0.0,0.0,0.0,3.0
2019-10-17T21:00:00.0,0.0,729.0,0.0,1378.0,14716.0,0.0,0.0,0.0,0.0,0.0,0.0,0.0,0.0,0.0,330.0,0.0,0.0,0.0,0.0,3.0
2019-10-17T22:00:00.0,0.0,694.0,0.0,1371.0,13119.0,0.0,0.0,0.0,0.0,0.0,0.0,0.0,0.0,0.0,329.0,0.0,0.0,0.0,0.0,3.0
2019-10-17T23:00:00.0,0.0,631.0,0.0,1363.0,11046.0,0.0,0.0,0.0,0.0,0.0,0.0,0.0,0.0,0.0,331.0,0.0,0.0,0.0,0.0,3.0
2019-10-18T00:00:00.0,0.0,611.0,0.0,1366.0,10536.0,0.0,0.0,0.0,0.0,0.0,0.0,0.0,0.0,0.0,328.0,0.0,0.0,0.0,0.0,3.0
2019-10-18T01:00:00.0,0.0,516.0,0.0,1373.0,10083.0,0.0,0.0,0.0,0.0,0.0,0.0,0.0,0.0,0.0,335.0,0.0,0.0,0.0,0.0,3.0
2019-10-18T02:00:00.0,0.0,499.0,0.0,1374.0,10160.0,0.0,0.0,0.0,0.0,0.0,0.0,0.0,0.0,0.0,333.0,0.0,0.0,0.0,0.0,3.0
2019-10-18T03:00:00.0,0.0,474.0,0.0,1371.0,10982.0,0.0,0.0,0.0,0.0,0.0,0.0,0.0,0.0,0.0,332.0,0.0,0.0,0.0,0.0,3.0
2019-10-18T04:00:00.0,0.0,467.0,0.0,1350.0,11631.0,0.0,0.0,0.0,0.0,0.0,0.0,0.0,0.0,0.0,337.0,0.0,0.0,0.0,0.0,3.0
2019-10-18T05:00:00.0,0.0,533.0,0.0,1315.0,13918.0,0.0,0.0,0.0,0.0,0.0,0.0,0.0,0.0,0.0,333.0,0.0,0.0,0.0,0.0,3.0
2019-10-18T06:00:00.0,0.0,550.0,0.0,1298.0,15430.0,0.0,0.0,0.0,0.0,0.0,0.0,0.0,0.0,0.0,333.0,0.0,0.0,0.0,0.0,3.0
2019-10-18T07:00:00.0,0.0,547.0,0.0,1284.0,15683.0,0.0,0.0,0.0,0.0,0.0,0.0,0.0,0.0,0.0,335.0,0.0,0.0,0.0,0.0,3.0
2019-10-18T08:00:00.0,0.0,574.0,0.0,1276.0,15856.0,0.0,0.0,0.0,0.0,0.0,0.0,0.0,0.0,0.0,324.0,0.0,0.0,0.0,0.0,3.0
2019-10-18T09:00:00.0,0.0,529.0,0.0,1284.0,15633.0,0.0,0.0,0.0,0.0,0.0,0.0,0.0,0.0,0.0,325.0,0.0,0.0,0.0,0.0,3.0
2019-10-18T10:00:00.0,0.0,525.0,0.0,1283.0,15022.0,0.0,0.0,0.0,0.0,0.0,0.0,0.0,0.0,0.0,325.0,0.0,0.0,0.0,0.0,3.0
2019-10-18T11:00:00.0,0.0,519.0,0.0,1283.0,14490.0,0.0,0.0,0.0,0.0,0.0,0.0,0.0,0.0,0.0,328.0,0.0,0.0,0.0,0.0,3.0
2019-10-18T12:00:00.0,0.0,488.0,0.0,1285.0,14150.0,0.0,0.0,0.0,0.0,0.0,0.0,0.0,0.0,0.0,329.0,0.0,0.0,0.0,0.0,3.0
2019-10-18T13:00:00.0,0.0,472.0,0.0,1279.0,13765.0,0.0,0.0,0.0,0.0,0.0,0.0,0.0,0.0,0.0,330.0,0.0,0.0,0.0,0.0,3.0
2019-10-18T14:00:00.0,0.0,497.0,0.0,1312.0,13429.0,0.0,0.0,0.0,0.0,0.0,0.0,0.0,0.0,0.0,330.0,0.0,0.0,0.0,0.0,3.0
2019-10-18T15:00:00.0,0.0,480.0,0.0,1344.0,13256.0,0.0,0.0,0.0,0.0,0.0,0.0,0.0,0.0,0.0,330.0,0.0,0.0,0.0,0.0,3.0
2019-10-18T16:00:00.0,0.0,509.0,0.0,1355.0,13848.0,0.0,0.0,0.0,0.0,0.0,0.0,0.0,0.0,0.0,363.0,0.0,0.0,0.0,0.0,3.0
2019-10-18T17:00:00.0,0.0,489.0,0.0,1357.0,14693.0,0.0,0.0,0.0,0.0,0.0,0.0,0.0,0.0,0.0,359.0,0.0,0.0,0.0,0.0,3.0
2019-10-18T18:00:00.0,0.0,535.0,0.0,1358.0,14456.0,0.0,0.0,0.0,0.0,0.0,0.0,0.0,0.0,0.0,364.0,0.0,0.0,0.0,0.0,3.0
2019-10-18T19:00:00.0,0.0,532.0,0.0,1355.0,12251.0,0.0,0.0,0.0,0.0,0.0,0.0,0.0,0.0,0.0,342.0,0.0,0.0,0.0,0.0,3.0
2019-10-18T20:00:00.0,0.0,503.0,0.0,1354.0,11174.0,0.0,0.0,0.0,0.0,0.0,0.0,0.0,0.0,0.0,344.0,0.0,0.0,0.0,0.0,3.0
2019-10-18T21:00:00.0,0.0,415.0,0.0,1342.0,10404.0,0.0,0.0,0.0,0.0,0.0,0.0,0.0,0.0,0.0,344.0,0.0,0.0,0.0,0.0,3.0
2019-10-18T22:00:00.0,0.0,405.0,0.0,1337.0,9528.0,0.0,0.0,0.0,0.0,0.0,0.0,0.0,0.0,0.0,347.0,0.0,0.0,0.0,0.0,3.0
2019-10-18T23:00:00.0,0.0,496.0,0.0,1357.0,9073.0,0.0,0.0,0.0,0.0,0.0,0.0,0.0,0.0,0.0,342.0,0.0,0.0,0.0,0.0,3.0
2019-10-19T00:00:00.0,0.0,491.0,0.0,1359.0,8520.0,0.0,0.0,0.0,0.0,0.0,0.0,0.0,0.0,0.0,344.0,0.0,0.0,0.0,0.0,3.0
2019-10-19T01:00:00.0,0.0,484.0,0.0,1359.0,8282.0,0.0,0.0,0.0,0.0,0.0,0.0,0.0,0.0,0.0,344.0,0.0,0.0,0.0,0.0,3.0
2019-10-19T02:00:00.0,0.0,459.0,0.0,1360.0,8272.0,0.0,0.0,0.0,0.0,0.0,0.0,0.0,0.0,0.0,346.0,0.0,0.0,0.0,0.0,3.0
2019-10-19T03:00:00.0,0.0,486.0,0.0,1357.0,8132.0,0.0,0.0,0.0,0.0,0.0,0.0,0.0,0.0,0.0,343.0,0.0,0.0,0.0,0.0,3.0
2019-10-19T04:00:00.0,0.0,545.0,0.0,1359.0,8117.0,0.0,0.0,0.0,0.0,0.0,0.0,0.0,0.0,0.0,349.0,0.0,0.0,0.0,0.0,3.0
2019-10-19T05:00:00.0,0.0,636.0,0.0,1357.0,8911.0,0.0,0.0,0.0,0.0,0.0,0.0,0.0,0.0,0.0,345.0,0.0,0.0,0.0,0.0,3.0
2019-10-19T06:00:00.0,0.0,679.0,0.0,1355.0,9466.0,0.0,0.0,0.0,0.0,0.0,0.0,0.0,0.0,0.0,345.0,0.0,0.0,0.0,0.0,3.0
2019-10-19T07:00:00.0,0.0,745.0,0.0,1352.0,9878.0,0.0,0.0,0.0,0.0,0.0,0.0,0.0,0.0,0.0,334.0,0.0,0.0,0.0,0.0,3.0
2019-10-19T08:00:00.0,0.0,635.0,0.0,1360.0,10858.0,0.0,0.0,0.0,0.0,0.0,0.0,0.0,0.0,0.0,335.0,0.0,0.0,0.0,0.0,3.0
2019-10-19T09:00:00.0,0.0,607.0,0.0,1362.0,11691.0,0.0,0.0,0.0,0.0,0.0,0.0,0.0,0.0,0.0,337.0,0.0,0.0,0.0,0.0,3.0
2019-10-19T10:00:00.0,0.0,554.0,0.0,1376.0,11582.0,0.0,0.0,0.0,0.0,0.0,0.0,0.0,0.0,0.0,349.0,0.0,0.0,0.0,0.0,3.0
2019-10-19T11:00:00.0,0.0,573.0,0.0,1384.0,10899.0,0.0,0.0,0.0,0.0,0.0,0.0,0.0,0.0,0.0,351.0,0.0,0.0,0.0,0.0,3.0
2019-10-19T12:00:00.0,0.0,576.0,0.0,1387.0,10587.0,0.0,0.0,0.0,0.0,0.0,0.0,0.0,0.0,0.0,352.0,0.0,0.0,0.0,0.0,3.0
2019-10-19T13:00:00.0,0.0,489.0,0.0,1387.0,10794.0,0.0,0.0,0.0,0.0,0.0,0.0,0.0,0.0,0.0,349.0,0.0,0.0,0.0,0.0,3.0
2019-10-19T14:00:00.0,0.0,439.0,0.0,1390.0,10696.0,0.0,0.0,0.0,0.0,0.0,0.0,0.0,0.0,0.0,350.0,0.0,0.0,0.0,0.0,3.0
2019-10-19T15:00:00.0,0.0,346.0,0.0,1392.0,11849.0,0.0,0.0,0.0,0.0,0.0,0.0,0.0,0.0,0.0,349.0,0.0,0.0,0.0,0.0,3.0
2019-10-19T16:00:00.0,0.0,310.0,0.0,1386.0,13020.0,0.0,0.0,0.0,0.0,0.0,0.0,0.0,0.0,0.0,351.0,0.0,0.0,0.0,0.0,3.0
2019-10-19T17:00:00.0,0.0,347.0,0.0,1388.0,13629.0,0.0,0.0,0.0,0.0,0.0,0.0,0.0,0.0,0.0,351.0,0.0,0.0,0.0,0.0,3.0
2019-10-19T18:00:00.0,0.0,395.0,0.0,1389.0,12920.0,0.0,0.0,0.0,0.0,0.0,0.0,0.0,0.0,0.0,350.0,0.0,0.0,0.0,0.0,3.0
2019-10-19T19:00:00.0,0.0,479.0,0.0,1388.0,12292.0,0.0,0.0,0.0,0.0,0.0,0.0,0.0,0.0,0.0,351.0,0.0,0.0,0.0,0.0,3.0
2019-10-19T20:00:00.0,0.0,573.0,0.0,1388.0,10398.0,0.0,0.0,0.0,0.0,0.0,0.0,0.0,0.0,0.0,353.0,0.0,0.0,0.0,0.0,3.0
2019-10-19T21:00:00.0,0.0,631.0,0.0,1380.0,9699.0,0.0,0.0,0.0,0.0,0.0,0.0,0.0,0.0,0.0,351.0,0.0,0.0,0.0,0.0,3.0
2019-10-19T22:00:00.0,0.0,718.0,0.0,1375.0,9044.0,0.0,0.0,0.0,0.0,0.0,0.0,0.0,0.0,0.0,350.0,0.0,0.0,0.0,0.0,3.0
2019-10-19T23:00:00.0,0.0,827.0,0.0,1374.0,9121.0,0.0,0.0,0.0,0.0,0.0,0.0,0.0,0.0,0.0,353.0,0.0,0.0,0.0,0.0,3.0
2019-10-20T00:00:00.0,0.0,890.0,0.0,1373.0,8661.0,0.0,0.0,0.0,0.0,0.0,0.0,0.0,0.0,0.0,350.0,0.0,0.0,0.0,0.0,3.0
2019-10-20T01:00:00.0,0.0,914.0,0.0,1373.0,8501.0,0.0,0.0,0.0,0.0,0.0,0.0,0.0,0.0,0.0,351.0,0.0,0.0,0.0,0.0,3.0
2019-10-20T02:00:00.0,0.0,911.0,0.0,1372.0,8733.0,0.0,0.0,0.0,0.0,0.0,0.0,0.0,0.0,0.0,355.0,0.0,0.0,0.0,0.0,3.0
2019-10-20T03:00:00.0,0.0,941.0,0.0,1370.0,8827.0,0.0,0.0,0.0,0.0,0.0,0.0,0.0,0.0,0.0,353.0,0.0,0.0,0.0,0.0,3.0
2019-10-20T04:00:00.0,0.0,993.0,0.0,1371.0,9054.0,0.0,0.0,0.0,0.0,0.0,0.0,0.0,0.0,0.0,353.0,0.0,0.0,0.0,0.0,3.0
2019-10-20T05:00:00.0,0.0,986.0,0.0,1372.0,9326.0,0.0,0.0,0.0,0.0,0.0,0.0,0.0,0.0,0.0,352.0,0.0,0.0,0.0,0.0,3.0
2019-10-20T06:00:00.0,0.0,900.0,0.0,1372.0,9668.0,0.0,0.0,0.0,0.0,0.0,0.0,0.0,0.0,0.0,354.0,0.0,0.0,0.0,0.0,3.0
2019-10-20T07:00:00.0,0.0,932.0,0.0,1371.0,10143.0,0.0,0.0,0.0,0.0,0.0,0.0,0.0,0.0,0.0,354.0,0.0,0.0,0.0,0.0,3.0
2019-10-20T08:00:00.0,0.0,800.0,0.0,1374.0,11449.0,0.0,0.0,0.0,0.0,0.0,0.0,0.0,0.0,0.0,354.0,0.0,0.0,0.0,0.0,3.0
2019-10-20T09:00:00.0,0.0,797.0,0.0,1375.0,12366.0,0.0,0.0,0.0,0.0,0.0,0.0,0.0,0.0,0.0,355.0,0.0,0.0,0.0,0.0,3.0
2019-10-20T10:00:00.0,0.0,690.0,0.0,1382.0,13124.0,0.0,0.0,0.0,0.0,0.0,0.0,0.0,0.0,0.0,357.0,0.0,0.0,0.0,0.0,3.0
2019-10-20T11:00:00.0,0.0,766.0,0.0,1386.0,12782.0,0.0,0.0,0.0,0.0,0.0,0.0,0.0,0.0,0.0,353.0,0.0,0.0,0.0,0.0,3.0
2019-10-20T12:00:00.0,0.0,559.0,0.0,1385.0,11847.0,0.0,0.0,0.0,0.0,0.0,0.0,0.0,0.0,0.0,356.0,0.0,0.0,0.0,0.0,3.0
2019-10-20T13:00:00.0,0.0,413.0,0.0,1385.0,11795.0,0.0,0.0,0.0,0.0,0.0,0.0,0.0,0.0,0.0,355.0,0.0,0.0,0.0,0.0,3.0
2019-10-20T14:00:00.0,0.0,355.0,0.0,1383.0,12010.0,0.0,0.0,0.0,0.0,0.0,0.0,0.0,0.0,0.0,356.0,0.0,0.0,0.0,0.0,3.0
2019-10-20T15:00:00.0,0.0,341.0,0.0,1387.0,12551.0,0.0,0.0,0.0,0.0,0.0,0.0,0.0,0.0,0.0,357.0,0.0,0.0,0.0,0.0,3.0
2019-10-20T16:00:00.0,0.0,340.0,0.0,1386.0,14133.0,0.0,0.0,0.0,0.0,0.0,0.0,0.0,0.0,0.0,357.0,0.0,0.0,0.0,0.0,3.0
2019-10-20T17:00:00.0,0.0,367.0,0.0,1405.0,15375.0,0.0,0.0,0.0,0.0,0.0,0.0,0.0,0.0,0.0,354.0,0.0,0.0,0.0,0.0,3.0
2019-10-20T18:00:00.0,0.0,361.0,0.0,1405.0,15517.0,0.0,0.0,0.0,0.0,0.0,0.0,0.0,0.0,0.0,355.0,0.0,0.0,0.0,0.0,3.0
2019-10-20T19:00:00.0,0.0,272.0,0.0,1404.0,15288.0,0.0,0.0,0.0,0.0,0.0,0.0,0.0,0.0,0.0,356.0,0.0,0.0,0.0,0.0,3.0
2019-10-20T20:00:00.0,0.0,281.0,0.0,1404.0,14752.0,0.0,0.0,0.0,0.0,0.0,0.0,0.0,0.0,0.0,356.0,0.0,0.0,0.0,0.0,3.0
2019-10-20T21:00:00.0,0.0,285.0,0.0,1409.0,13894.0,0.0,0.0,0.0,0.0,0.0,0.0,0.0,0.0,0.0,351.0,0.0,0.0,0.0,0.0,3.0
2019-10-20T22:00:00.0,0.0,304.0,0.0,1407.0,11910.0,0.0,0.0,0.0,0.0,0.0,0.0,0.0,0.0,0.0,353.0,0.0,0.0,0.0,0.0,3.0
2019-10-20T23:00:00.0,0.0,268.0,0.0,1400.0,10494.0,0.0,0.0,0.0,0.0,0.0,0.0,0.0,0.0,0.0,349.0,0.0,0.0,0.0,0.0,3.0
2019-10-21T00:00:00.0,0.0,282.0,0.0,1401.0,10243.0,0.0,0.0,0.0,0.0,0.0,0.0,0.0,0.0,0.0,347.0,0.0,0.0,0.0,0.0,3.0
2019-10-21T01:00:00.0,0.0,272.0,0.0,1402.0,10212.0,0.0,0.0,0.0,0.0,0.0,0.0,0.0,0.0,0.0,348.0,0.0,0.0,0.0,0.0,3.0
2019-10-21T02:00:00.0,0.0,248.0,0.0,1403.0,10277.0,0.0,0.0,0.0,0.0,0.0,0.0,0.0,0.0,0.0,345.0,0.0,0.0,0.0,0.0,3.0
2019-10-21T03:00:00.0,0.0,238.0,0.0,1402.0,10739.0,0.0,0.0,0.0,0.0,0.0,0.0,0.0,0.0,0.0,344.0,0.0,0.0,0.0,0.0,3.0
2019-10-21T04:00:00.0,0.0,247.0,0.0,1405.0,11970.0,0.0,0.0,0.0,0.0,0.0,0.0,0.0,0.0,0.0,345.0,0.0,0.0,0.0,0.0,3.0
2019-10-21T05:00:00.0,0.0,227.0,0.0,1404.0,14669.0,0.0,0.0,0.0,0.0,0.0,0.0,0.0,0.0,0.0,347.0,0.0,0.0,0.0,0.0,3.0
2019-10-21T06:00:00.0,0.0,186.0,0.0,1414.0,17250.0,0.0,0.0,0.0,0.0,0.0,0.0,0.0,0.0,0.0,347.0,0.0,0.0,0.0,0.0,3.0
2019-10-21T07:00:00.0,0.0,197.0,0.0,1413.0,17886.0,0.0,0.0,0.0,0.0,0.0,0.0,0.0,0.0,0.0,345.0,0.0,0.0,0.0,0.0,3.0
2019-10-21T08:00:00.0,0.0,195.0,0.0,1408.0,17720.0,0.0,0.0,0.0,0.0,0.0,0.0,0.0,0.0,0.0,346.0,0.0,0.0,0.0,0.0,3.0
2019-10-21T09:00:00.0,0.0,213.0,0.0,1408.0,17621.0,0.0,0.0,0.0,0.0,0.0,0.0,0.0,0.0,0.0,347.0,0.0,0.0,0.0,0.0,3.0
2019-10-21T10:00:00.0,0.0,240.0,0.0,1419.0,17581.0,0.0,0.0,0.0,0.0,0.0,0.0,0.0,0.0,0.0,346.0,0.0,0.0,0.0,0.0,3.0
2019-10-21T11:00:00.0,0.0,254.0,0.0,1425.0,17066.0,0.0,0.0,0.0,0.0,0.0,0.0,0.0,0.0,0.0,343.0,0.0,0.0,0.0,0.0,3.0
2019-10-21T12:00:00.0,0.0,311.0,0.0,1429.0,16986.0,0.0,0.0,0.0,0.0,0.0,0.0,0.0,0.0,0.0,345.0,0.0,0.0,0.0,0.0,3.0
2019-10-21T13:00:00.0,0.0,380.0,0.0,1432.0,16828.0,0.0,0.0,0.0,0.0,0.0,0.0,0.0,0.0,0.0,348.0,0.0,0.0,0.0,0.0,3.0
2019-10-21T14:00:00.0,0.0,451.0,0.0,1433.0,16922.0,0.0,0.0,0.0,0.0,0.0,0.0,0.0,0.0,0.0,346.0,0.0,0.0,0.0,0.0,3.0
2019-10-21T15:00:00.0,0.0,511.0,0.0,1434.0,16686.0,0.0,0.0,0.0,0.0,0.0,0.0,0.0,0.0,0.0,342.0,0.0,0.0,0.0,0.0,3.0
2019-10-21T16:00:00.0,0.0,591.0,0.0,1434.0,16415.0,0.0,0.0,0.0,0.0,0.0,0.0,0.0,0.0,0.0,343.0,0.0,0.0,0.0,0.0,3.0
2019-10-21T17:00:00.0,0.0,630.0,0.0,1432.0,16726.0,0.0,0.0,0.0,0.0,0.0,0.0,0.0,0.0,0.0,345.0,0.0,0.0,0.0,0.0,3.0
2019-10-21T18:00:00.0,0.0,661.0,0.0,1435.0,16371.0,0.0,0.0,0.0,0.0,0.0,0.0,0.0,0.0,0.0,350.0,0.0,0.0,0.0,0.0,3.0
2019-10-21T19:00:00.0,0.0,742.0,0.0,1434.0,15560.0,0.0,0.0,0.0,0.0,0.0,0.0,0.0,0.0,0.0,349.0,0.0,0.0,0.0,0.0,3.0
2019-10-21T20:00:00.0,0.0,791.0,0.0,1434.0,14702.0,0.0,0.0,0.0,0.0,0.0,0.0,0.0,0.0,0.0,349.0,0.0,0.0,0.0,0.0,3.0
2019-10-21T21:00:00.0,0.0,820.0,0.0,1426.0,13663.0,0.0,0.0,0.0,0.0,0.0,0.0,0.0,0.0,0.0,348.0,0.0,0.0,0.0,0.0,3.0
2019-10-21T22:00:00.0,0.0,918.0,0.0,1429.0,12027.0,0.0,0.0,0.0,0.0,0.0,0.0,0.0,0.0,0.0,351.0,0.0,0.0,0.0,0.0,3.0
2019-10-21T23:00:00.0,0.0,979.0,0.0,1445.0,10628.0,0.0,0.0,0.0,0.0,0.0,0.0,0.0,0.0,0.0,351.0,0.0,0.0,0.0,0.0,3.0
2019-10-22T00:00:00.0,0.0,1126.0,0.0,1447.0,9697.0,0.0,0.0,0.0,0.0,0.0,0.0,0.0,0.0,0.0,349.0,0.0,0.0,0.0,0.0,3.0
2019-10-22T01:00:00.0,0.0,1194.0,0.0,1453.0,8922.0,0.0,0.0,0.0,0.0,0.0,0.0,0.0,0.0,0.0,352.0,0.0,0.0,0.0,0.0,3.0
2019-10-22T02:00:00.0,0.0,1254.0,0.0,1459.0,8410.0,0.0,0.0,0.0,0.0,0.0,0.0,0.0,0.0,0.0,351.0,0.0,0.0,0.0,0.0,3.0
2019-10-22T03:00:00.0,0.0,1276.0,0.0,1466.0,8529.0,0.0,0.0,0.0,0.0,0.0,0.0,0.0,0.0,0.0,356.0,0.0,0.0,0.0,0.0,3.0
2019-10-22T04:00:00.0,0.0,1352.0,0.0,1476.0,10003.0,0.0,0.0,0.0,0.0,0.0,0.0,0.0,0.0,0.0,355.0,0.0,0.0,0.0,0.0,3.0
2019-10-22T05:00:00.0,0.0,1346.0,0.0,1482.0,12206.0,0.0,0.0,0.0,0.0,0.0,0.0,0.0,0.0,0.0,353.0,0.0,0.0,0.0,0.0,3.0
2019-10-22T06:00:00.0,0.0,1262.0,0.0,1500.0,13608.0,0.0,0.0,0.0,0.0,0.0,0.0,0.0,0.0,0.0,354.0,0.0,0.0,0.0,0.0,3.0
2019-10-22T07:00:00.0,0.0,1250.0,0.0,1509.0,13327.0,0.0,0.0,0.0,0.0,0.0,0.0,0.0,0.0,0.0,354.0,0.0,0.0,0.0,0.0,3.0
2019-10-22T08:00:00.0,0.0,1235.0,0.0,1515.0,12940.0,0.0,0.0,0.0,0.0,0.0,0.0,0.0,0.0,0.0,345.0,0.0,0.0,0.0,0.0,3.0
2019-10-22T09:00:00.0,0.0,1269.0,0.0,1521.0,12985.0,0.0,0.0,0.0,0.0,0.0,0.0,0.0,0.0,0.0,349.0,0.0,0.0,0.0,0.0,0.0
2019-10-22T10:00:00.0,0.0,1247.0,0.0,1527.0,12861.0,0.0,0.0,0.0,0.0,0.0,0.0,0.0,0.0,0.0,349.0,0.0,0.0,0.0,0.0,0.0
2019-10-22T11:00:00.0,0.0,1250.0,0.0,1534.0,12711.0,0.0,0.0,0.0,0.0,0.0,0.0,0.0,0.0,0.0,347.0,0.0,0.0,0.0,0.0,0.0
2019-10-22T12:00:00.0,0.0,1220.0,0.0,1534.0,12570.0,0.0,0.0,0.0,0.0,0.0,0.0,0.0,0.0,0.0,344.0,0.0,0.0,0.0,0.0,0.0
2019-10-22T13:00:00.0,0.0,1204.0,0.0,1534.0,12415.0,0.0,0.0,0.0,0.0,0.0,0.0,0.0,0.0,0.0,346.0,0.0,0.0,0.0,0.0,0.0
2019-10-22T14:00:00.0,0.0,1201.0,0.0,1539.0,12117.0,0.0,0.0,0.0,0.0,0.0,0.0,0.0,0.0,0.0,344.0,0.0,0.0,0.0,0.0,0.0
2019-10-22T15:00:00.0,0.0,1272.0,0.0,1550.0,11902.0,0.0,0.0,0.0,0.0,0.0,0.0,0.0,0.0,0.0,348.0,0.0,0.0,0.0,0.0,0.0
2019-10-22T16:00:00.0,0.0,1340.0,0.0,1568.0,12324.0,0.0,0.0,0.0,0.0,0.0,0.0,0.0,0.0,0.0,368.0,0.0,0.0,0.0,0.0,3.0
2019-10-22T17:00:00.0,0.0,1407.0,0.0,1581.0,12793.0,0.0,0.0,0.0,0.0,0.0,0.0,0.0,0.0,0.0,369.0,0.0,0.0,0.0,0.0,3.0
2019-10-22T18:00:00.0,0.0,1437.0,0.0,1586.0,12240.0,0.0,0.0,0.0,0.0,0.0,0.0,0.0,0.0,0.0,350.0,0.0,0.0,0.0,0.0,3.0
2019-10-22T19:00:00.0,0.0,1376.0,0.0,1594.0,11780.0,0.0,0.0,0.0,0.0,0.0,0.0,0.0,0.0,0.0,349.0,0.0,0.0,0.0,0.0,3.0
2019-10-22T20:00:00.0,0.0,1369.0,0.0,1600.0,11342.0,0.0,0.0,0.0,0.0,0.0,0.0,0.0,0.0,0.0,346.0,0.0,0.0,0.0,0.0,3.0
2019-10-22T21:00:00.0,0.0,1193.0,0.0,1602.0,10818.0,0.0,0.0,0.0,0.0,0.0,0.0,0.0,0.0,0.0,346.0,0.0,0.0,0.0,0.0,3.0
2019-10-22T22:00:00.0,0.0,1148.0,0.0,1601.0,9895.0,0.0,0.0,0.0,0.0,0.0,0.0,0.0,0.0,0.0,349.0,0.0,0.0,0.0,0.0,3.0
2019-10-22T23:00:00.0,0.0,923.0,0.0,1590.0,9077.0,0.0,0.0,0.0,0.0,0.0,0.0,0.0,0.0,0.0,350.0,0.0,0.0,0.0,0.0,3.0
2019-10-23T00:00:00.0,0.0,806.0,0.0,1584.0,8594.0,0.0,0.0,0.0,0.0,0.0,0.0,0.0,0.0,0.0,348.0,0.0,0.0,0.0,0.0,3.0
2019-10-23T01:00:00.0,0.0,656.0,0.0,1582.0,8482.0,0.0,0.0,0.0,0.0,0.0,0.0,0.0,0.0,0.0,350.0,0.0,0.0,0.0,0.0,3.0
2019-10-23T02:00:00.0,0.0,544.0,0.0,1580.0,8488.0,0.0,0.0,0.0,0.0,0.0,0.0,0.0,0.0,0.0,347.0,0.0,0.0,0.0,0.0,3.0
2019-10-23T03:00:00.0,0.0,505.0,0.0,1580.0,8592.0,0.0,0.0,0.0,0.0,0.0,0.0,0.0,0.0,0.0,348.0,0.0,0.0,0.0,0.0,3.0
2019-10-23T04:00:00.0,0.0,573.0,0.0,1588.0,10385.0,0.0,0.0,0.0,0.0,0.0,0.0,0.0,0.0,0.0,348.0,0.0,0.0,0.0,0.0,3.0
2019-10-23T05:00:00.0,0.0,674.0,0.0,1590.0,13183.0,0.0,0.0,0.0,0.0,0.0,0.0,0.0,0.0,0.0,348.0,0.0,0.0,0.0,0.0,3.0
2019-10-23T06:00:00.0,0.0,752.0,0.0,1585.0,15504.0,0.0,0.0,0.0,0.0,0.0,0.0,0.0,0.0,0.0,304.0,0.0,0.0,0.0,0.0,3.0
2019-10-23T07:00:00.0,0.0,769.0,0.0,1575.0,15817.0,0.0,0.0,0.0,0.0,0.0,0.0,0.0,0.0,0.0,304.0,0.0,0.0,0.0,0.0,3.0
2019-10-23T08:00:00.0,0.0,708.0,0.0,1576.0,15547.0,0.0,0.0,0.0,0.0,0.0,0.0,0.0,0.0,0.0,301.0,0.0,0.0,0.0,0.0,3.0
2019-10-23T09:00:00.0,0.0,778.0,0.0,1568.0,15816.0,0.0,0.0,0.0,0.0,0.0,0.0,0.0,0.0,0.0,305.0,0.0,0.0,0.0,0.0,3.0
2019-10-23T10:00:00.0,0.0,1005.0,0.0,1562.0,15106.0,0.0,0.0,0.0,0.0,0.0,0.0,0.0,0.0,0.0,304.0,0.0,0.0,0.0,0.0,3.0
2019-10-23T11:00:00.0,0.0,951.0,0.0,1559.0,14862.0,0.0,0.0,0.0,0.0,0.0,0.0,0.0,0.0,0.0,351.0,0.0,0.0,0.0,0.0,3.0
2019-10-23T12:00:00.0,0.0,1052.0,0.0,1557.0,14506.0,0.0,0.0,0.0,0.0,0.0,0.0,0.0,0.0,0.0,354.0,0.0,0.0,0.0,0.0,3.0
2019-10-23T13:00:00.0,0.0,1081.0,0.0,1556.0,14719.0,0.0,0.0,0.0,0.0,0.0,0.0,0.0,0.0,0.0,354.0,0.0,0.0,0.0,0.0,3.0
2019-10-23T14:00:00.0,0.0,1086.0,0.0,1557.0,14839.0,0.0,0.0,0.0,0.0,0.0,0.0,0.0,0.0,0.0,354.0,0.0,0.0,0.0,0.0,3.0
2019-10-23T15:00:00.0,0.0,973.0,0.0,1551.0,15111.0,0.0,0.0,0.0,0.0,0.0,0.0,0.0,0.0,0.0,354.0,0.0,0.0,0.0,0.0,3.0
2019-10-23T16:00:00.0,0.0,813.0,0.0,1555.0,15257.0,0.0,0.0,0.0,0.0,0.0,0.0,0.0,0.0,0.0,355.0,0.0,0.0,0.0,0.0,3.0
2019-10-23T17:00:00.0,0.0,709.0,0.0,1549.0,15894.0,0.0,0.0,0.0,0.0,0.0,0.0,0.0,0.0,0.0,355.0,0.0,0.0,0.0,0.0,3.0
2019-10-23T18:00:00.0,0.0,634.0,0.0,1545.0,15358.0,0.0,0.0,0.0,0.0,0.0,0.0,0.0,0.0,0.0,353.0,0.0,0.0,0.0,0.0,3.0
2019-10-23T19:00:00.0,0.0,603.0,0.0,1544.0,14771.0,0.0,0.0,0.0,0.0,0.0,0.0,0.0,0.0,0.0,355.0,0.0,0.0,0.0,0.0,3.0
2019-10-23T20:00:00.0,0.0,595.0,0.0,1549.0,13713.0,0.0,0.0,0.0,0.0,0.0,0.0,0.0,0.0,0.0,354.0,0.0,0.0,0.0,0.0,3.0
2019-10-23T21:00:00.0,0.0,615.0,0.0,1546.0,12621.0,0.0,0.0,0.0,0.0,0.0,0.0,0.0,0.0,0.0,354.0,0.0,0.0,0.0,0.0,3.0
2019-10-23T22:00:00.0,0.0,647.0,0.0,1540.0,10190.0,0.0,0.0,0.0,0.0,0.0,0.0,0.0,0.0,0.0,355.0,0.0,0.0,0.0,0.0,3.0
2019-10-23T23:00:00.0,0.0,795.0,0.0,1581.0,10045.0,0.0,0.0,0.0,0.0,0.0,0.0,0.0,0.0,0.0,348.0,0.0,0.0,0.0,0.0,3.0
2019-10-24T00:00:00.0,0.0,756.0,0.0,1573.0,8950.0,0.0,0.0,0.0,0.0,0.0,0.0,0.0,0.0,0.0,352.0,0.0,0.0,0.0,0.0,3.0
2019-10-24T01:00:00.0,0.0,713.0,0.0,1570.0,8598.0,0.0,0.0,0.0,0.0,0.0,0.0,0.0,0.0,0.0,355.0,0.0,0.0,0.0,0.0,3.0
2019-10-24T02:00:00.0,0.0,725.0,0.0,1564.0,8500.0,0.0,0.0,0.0,0.0,0.0,0.0,0.0,0.0,0.0,174.0,0.0,0.0,0.0,0.0,3.0
2019-10-24T03:00:00.0,0.0,711.0,0.0,1562.0,8587.0,0.0,0.0,0.0,0.0,0.0,0.0,0.0,0.0,0.0,176.0,0.0,0.0,0.0,0.0,3.0
2019-10-24T04:00:00.0,0.0,774.0,0.0,1561.0,9984.0,0.0,0.0,0.0,0.0,0.0,0.0,0.0,0.0,0.0,176.0,0.0,0.0,0.0,0.0,3.0
2019-10-24T05:00:00.0,0.0,838.0,0.0,1563.0,13792.0,0.0,0.0,0.0,0.0,0.0,0.0,0.0,0.0,0.0,177.0,0.0,0.0,0.0,0.0,3.0
2019-10-24T06:00:00.0,0.0,762.0,0.0,1581.0,16145.0,0.0,0.0,0.0,0.0,0.0,0.0,0.0,0.0,0.0,179.0,0.0,0.0,0.0,0.0,3.0
2019-10-24T07:00:00.0,0.0,818.0,0.0,1585.0,16327.0,0.0,0.0,0.0,0.0,0.0,0.0,0.0,0.0,0.0,359.0,0.0,0.0,0.0,0.0,3.0
2019-10-24T08:00:00.0,0.0,868.0,0.0,1596.0,15749.0,0.0,0.0,0.0,0.0,0.0,0.0,0.0,0.0,0.0,353.0,0.0,0.0,0.0,0.0,3.0
2019-10-24T09:00:00.0,0.0,786.0,0.0,1597.0,15970.0,0.0,0.0,0.0,0.0,0.0,0.0,0.0,0.0,0.0,354.0,0.0,0.0,0.0,0.0,3.0
2019-10-24T10:00:00.0,0.0,729.0,0.0,1597.0,15930.0,0.0,0.0,0.0,0.0,0.0,0.0,0.0,0.0,0.0,354.0,0.0,0.0,0.0,0.0,3.0
2019-10-24T11:00:00.0,0.0,677.0,0.0,1597.0,15568.0,0.0,0.0,0.0,0.0,0.0,0.0,0.0,0.0,0.0,353.0,0.0,0.0,0.0,0.0,3.0
2019-10-24T12:00:00.0,0.0,670.0,0.0,1598.0,15240.0,0.0,0.0,0.0,0.0,0.0,0.0,0.0,0.0,0.0,353.0,0.0,0.0,0.0,0.0,3.0
2019-10-24T13:00:00.0,0.0,665.0,0.0,1599.0,13734.0,0.0,0.0,0.0,0.0,0.0,0.0,0.0,0.0,0.0,351.0,0.0,0.0,0.0,0.0,3.0
2019-10-24T14:00:00.0,0.0,687.0,0.0,1599.0,13233.0,0.0,0.0,0.0,0.0,0.0,0.0,0.0,0.0,0.0,353.0,0.0,0.0,0.0,0.0,3.0
2019-10-24T15:00:00.0,0.0,733.0,0.0,1602.0,13244.0,0.0,0.0,0.0,0.0,0.0,0.0,0.0,0.0,0.0,352.0,0.0,0.0,0.0,0.0,3.0
2019-10-24T16:00:00.0,0.0,802.0,0.0,1599.0,14933.0,0.0,0.0,0.0,0.0,0.0,0.0,0.0,0.0,0.0,353.0,0.0,0.0,0.0,0.0,3.0
2019-10-24T17:00:00.0,0.0,838.0,0.0,1605.0,15640.0,0.0,0.0,0.0,0.0,0.0,0.0,0.0,0.0,0.0,357.0,0.0,0.0,0.0,0.0,3.0
2019-10-24T18:00:00.0,0.0,859.0,0.0,1614.0,14608.0,0.0,0.0,0.0,0.0,0.0,0.0,0.0,0.0,0.0,304.0,0.0,0.0,0.0,0.0,3.0
2019-10-24T19:00:00.0,0.0,901.0,0.0,1624.0,12953.0,0.0,0.0,0.0,0.0,0.0,0.0,0.0,0.0,0.0,299.0,0.0,0.0,0.0,0.0,3.0
2019-10-24T20:00:00.0,0.0,894.0,0.0,1630.0,10679.0,0.0,0.0,0.0,0.0,0.0,0.0,0.0,0.0,0.0,309.0,0.0,0.0,0.0,0.0,3.0
2019-10-24T21:00:00.0,0.0,820.0,0.0,1636.0,9511.0,0.0,0.0,0.0,0.0,0.0,0.0,0.0,0.0,0.0,321.0,0.0,0.0,0.0,0.0,3.0
2019-10-24T22:00:00.0,0.0,726.0,0.0,1638.0,8136.0,0.0,0.0,0.0,0.0,0.0,0.0,0.0,0.0,0.0,334.0,0.0,0.0,0.0,0.0,3.0
2019-10-24T23:00:00.0,0.0,753.0,0.0,1642.0,7417.0,0.0,0.0,0.0,0.0,0.0,0.0,0.0,0.0,0.0,339.0,0.0,0.0,0.0,0.0,3.0
2019-10-25T00:00:00.0,0.0,676.0,0.0,1635.0,7053.0,0.0,0.0,0.0,0.0,0.0,0.0,0.0,0.0,0.0,333.0,0.0,0.0,0.0,0.0,3.0
2019-10-25T01:00:00.0,0.0,654.0,0.0,1630.0,6810.0,0.0,0.0,0.0,0.0,0.0,0.0,0.0,0.0,0.0,342.0,0.0,0.0,0.0,0.0,3.0
2019-10-25T02:00:00.0,0.0,580.0,0.0,1631.0,6581.0,0.0,0.0,0.0,0.0,0.0,0.0,0.0,0.0,0.0,345.0,0.0,0.0,0.0,0.0,3.0
2019-10-25T03:00:00.0,0.0,575.0,0.0,1633.0,6819.0,0.0,0.0,0.0,0.0,0.0,0.0,0.0,0.0,0.0,347.0,0.0,0.0,0.0,0.0,3.0
2019-10-25T04:00:00.0,0.0,687.0,0.0,1645.0,8158.0,0.0,0.0,0.0,0.0,0.0,0.0,0.0,0.0,0.0,340.0,0.0,0.0,0.0,0.0,3.0
2019-10-25T05:00:00.0,0.0,654.0,0.0,1651.0,10736.0,0.0,0.0,0.0,0.0,0.0,0.0,0.0,0.0,0.0,341.0,0.0,0.0,0.0,0.0,3.0
2019-10-25T06:00:00.0,0.0,812.0,0.0,1665.0,13478.0,0.0,0.0,0.0,0.0,0.0,0.0,0.0,0.0,0.0,346.0,0.0,0.0,0.0,0.0,3.0
2019-10-25T07:00:00.0,0.0,848.0,0.0,1671.0,14032.0,0.0,0.0,0.0,0.0,0.0,0.0,0.0,0.0,0.0,347.0,0.0,0.0,0.0,0.0,3.0
2019-10-25T08:00:00.0,0.0,1034.0,0.0,1672.0,13494.0,0.0,0.0,0.0,0.0,0.0,0.0,0.0,0.0,0.0,343.0,0.0,0.0,0.0,0.0,3.0
2019-10-25T09:00:00.0,0.0,1214.0,0.0,1670.0,11659.0,0.0,0.0,0.0,0.0,0.0,0.0,0.0,0.0,0.0,346.0,0.0,0.0,0.0,0.0,3.0
2019-10-25T10:00:00.0,0.0,1255.0,0.0,1660.0,10286.0,0.0,0.0,0.0,0.0,0.0,0.0,0.0,0.0,0.0,341.0,0.0,0.0,0.0,0.0,3.0
2019-10-25T11:00:00.0,0.0,1408.0,0.0,1658.0,9458.0,0.0,0.0,0.0,0.0,0.0,0.0,0.0,0.0,0.0,348.0,0.0,0.0,0.0,0.0,3.0
2019-10-25T12:00:00.0,0.0,1438.0,0.0,1649.0,9315.0,0.0,0.0,0.0,0.0,0.0,0.0,0.0,0.0,0.0,349.0,0.0,0.0,0.0,0.0,3.0
2019-10-25T13:00:00.0,0.0,1465.0,0.0,1648.0,9518.0,0.0,0.0,0.0,0.0,0.0,0.0,0.0,0.0,0.0,348.0,0.0,0.0,0.0,0.0,3.0
2019-10-25T14:00:00.0,0.0,1527.0,0.0,1650.0,10421.0,0.0,0.0,0.0,0.0,0.0,0.0,0.0,0.0,0.0,348.0,0.0,0.0,0.0,0.0,3.0
2019-10-25T15:00:00.0,0.0,1553.0,0.0,1647.0,11025.0,0.0,0.0,0.0,0.0,0.0,0.0,0.0,0.0,0.0,341.0,0.0,0.0,0.0,0.0,3.0
2019-10-25T16:00:00.0,0.0,1547.0,0.0,1644.0,11855.0,0.0,0.0,0.0,0.0,0.0,0.0,0.0,0.0,0.0,347.0,0.0,0.0,0.0,0.0,3.0
2019-10-25T17:00:00.0,0.0,1560.0,0.0,1640.0,12594.0,0.0,0.0,0.0,0.0,0.0,0.0,0.0,0.0,0.0,346.0,0.0,0.0,0.0,0.0,3.0
2019-10-25T18:00:00.0,0.0,1548.0,0.0,1636.0,12379.0,0.0,0.0,0.0,0.0,0.0,0.0,0.0,0.0,0.0,350.0,0.0,0.0,0.0,0.0,3.0
2019-10-25T19:00:00.0,0.0,1396.0,0.0,1629.0,10729.0,0.0,0.0,0.0,0.0,0.0,0.0,0.0,0.0,0.0,349.0,0.0,0.0,0.0,0.0,3.0
2019-10-25T20:00:00.0,0.0,1297.0,0.0,1625.0,8842.0,0.0,0.0,0.0,0.0,0.0,0.0,0.0,0.0,0.0,348.0,0.0,0.0,0.0,0.0,3.0
2019-10-25T21:00:00.0,0.0,1231.0,0.0,1616.0,7797.0,0.0,0.0,0.0,0.0,0.0,0.0,0.0,0.0,0.0,349.0,0.0,0.0,0.0,0.0,3.0
2019-10-25T22:00:00.0,0.0,1238.0,0.0,1611.0,7195.0,0.0,0.0,0.0,0.0,0.0,0.0,0.0,0.0,0.0,347.0,0.0,0.0,0.0,0.0,3.0
2019-10-25T23:00:00.0,0.0,1034.0,0.0,1590.0,6323.0,0.0,0.0,0.0,0.0,0.0,0.0,0.0,0.0,0.0,346.0,0.0,0.0,0.0,0.0,3.0
2019-10-26T00:00:00.0,0.0,981.0,0.0,1558.0,5997.0,0.0,0.0,0.0,0.0,0.0,0.0,0.0,0.0,0.0,343.0,0.0,0.0,0.0,0.0,3.0
2019-10-26T01:00:00.0,0.0,937.0,0.0,1534.0,6019.0,0.0,0.0,0.0,0.0,0.0,0.0,0.0,0.0,0.0,346.0,0.0,0.0,0.0,0.0,3.0
2019-10-26T02:00:00.0,0.0,852.0,0.0,1523.0,6060.0,0.0,0.0,0.0,0.0,0.0,0.0,0.0,0.0,0.0,346.0,0.0,0.0,0.0,0.0,3.0
2019-10-26T03:00:00.0,0.0,723.0,0.0,1511.0,6163.0,0.0,0.0,0.0,0.0,0.0,0.0,0.0,0.0,0.0,349.0,0.0,0.0,0.0,0.0,3.0
2019-10-26T04:00:00.0,0.0,578.0,0.0,1507.0,6845.0,0.0,0.0,0.0,0.0,0.0,0.0,0.0,0.0,0.0,347.0,0.0,0.0,0.0,0.0,3.0
2019-10-26T05:00:00.0,0.0,514.0,0.0,1500.0,7364.0,0.0,0.0,0.0,0.0,0.0,0.0,0.0,0.0,0.0,351.0,0.0,0.0,0.0,0.0,3.0
2019-10-26T06:00:00.0,0.0,488.0,0.0,1501.0,8034.0,0.0,0.0,0.0,0.0,0.0,0.0,0.0,0.0,0.0,350.0,0.0,0.0,0.0,0.0,3.0
2019-10-26T07:00:00.0,0.0,455.0,0.0,1495.0,9018.0,0.0,0.0,0.0,0.0,0.0,0.0,0.0,0.0,0.0,350.0,0.0,0.0,0.0,0.0,3.0
2019-10-26T08:00:00.0,0.0,443.0,0.0,1495.0,9857.0,0.0,0.0,0.0,0.0,0.0,0.0,0.0,0.0,0.0,345.0,0.0,0.0,0.0,0.0,3.0
2019-10-26T09:00:00.0,0.0,334.0,0.0,1488.0,9987.0,0.0,0.0,0.0,0.0,0.0,0.0,0.0,0.0,0.0,349.0,0.0,0.0,0.0,0.0,3.0
2019-10-26T10:00:00.0,0.0,450.0,0.0,1487.0,9869.0,0.0,0.0,0.0,0.0,0.0,0.0,0.0,0.0,0.0,342.0,0.0,0.0,0.0,0.0,3.0
2019-10-26T11:00:00.0,0.0,379.0,0.0,1476.0,9939.0,0.0,0.0,0.0,0.0,0.0,0.0,0.0,0.0,0.0,346.0,0.0,0.0,0.0,0.0,3.0
2019-10-26T12:00:00.0,0.0,321.0,0.0,1478.0,9675.0,0.0,0.0,0.0,0.0,0.0,0.0,0.0,0.0,0.0,340.0,0.0,0.0,0.0,0.0,3.0
2019-10-26T13:00:00.0,0.0,412.0,0.0,1477.0,9593.0,0.0,0.0,0.0,0.0,0.0,0.0,0.0,0.0,0.0,345.0,0.0,0.0,0.0,0.0,3.0
2019-10-26T14:00:00.0,0.0,396.0,0.0,1470.0,9853.0,0.0,0.0,0.0,0.0,0.0,0.0,0.0,0.0,0.0,352.0,0.0,0.0,0.0,0.0,3.0
2019-10-26T15:00:00.0,0.0,358.0,0.0,1467.0,10226.0,0.0,0.0,0.0,0.0,0.0,0.0,0.0,0.0,0.0,352.0,0.0,0.0,0.0,0.0,3.0
2019-10-26T16:00:00.0,0.0,383.0,0.0,1470.0,11524.0,0.0,0.0,0.0,0.0,0.0,0.0,0.0,0.0,0.0,351.0,0.0,0.0,0.0,0.0,3.0
2019-10-26T17:00:00.0,0.0,388.0,0.0,1471.0,12476.0,0.0,0.0,0.0,0.0,0.0,0.0,0.0,0.0,0.0,352.0,0.0,0.0,0.0,0.0,3.0
2019-10-26T18:00:00.0,0.0,300.0,0.0,1469.0,11443.0,0.0,0.0,0.0,0.0,0.0,0.0,0.0,0.0,0.0,352.0,0.0,0.0,0.0,0.0,3.0
2019-10-26T19:00:00.0,0.0,316.0,0.0,1469.0,10357.0,0.0,0.0,0.0,0.0,0.0,0.0,0.0,0.0,0.0,354.0,0.0,0.0,0.0,0.0,3.0
2019-10-26T20:00:00.0,0.0,284.0,0.0,1465.0,9583.0,0.0,0.0,0.0,0.0,0.0,0.0,0.0,0.0,0.0,354.0,0.0,0.0,0.0,0.0,3.0
2019-10-26T21:00:00.0,0.0,268.0,0.0,1459.0,8711.0,0.0,0.0,0.0,0.0,0.0,0.0,0.0,0.0,0.0,353.0,0.0,0.0,0.0,0.0,3.0
2019-10-26T22:00:00.0,0.0,263.0,0.0,1458.0,8415.0,0.0,0.0,0.0,0.0,0.0,0.0,0.0,0.0,0.0,356.0,0.0,0.0,0.0,0.0,3.0
2019-10-26T23:00:00.0,0.0,258.0,0.0,1451.0,8181.0,0.0,0.0,0.0,0.0,0.0,0.0,0.0,0.0,0.0,333.0,0.0,0.0,0.0,0.0,3.0
2019-10-27T00:00:00.0,0.0,248.0,0.0,1447.0,8281.0,0.0,0.0,0.0,0.0,0.0,0.0,0.0,0.0,0.0,331.0,0.0,0.0,0.0,0.0,3.0
2019-10-27T01:00:00.0,0.0,510.0,0.0,2893.0,16319.0,0.0,0.0,0.0,0.0,0.0,0.0,0.0,0.0,0.0,416.0,0.0,0.0,0.0,0.0,6.0
2019-10-27T02:00:00.0,0.0,0.0,0.0,0.0,0.0,0.0,0.0,0.0,0.0,0.0,0.0,0.0,0.0,0.0,0.0,0.0,0.0,0.0,0.0,0.0
2019-10-27T03:00:00.0,0.0,259.0,0.0,1444.0,8199.0,0.0,0.0,0.0,0.0,0.0,0.0,0.0,0.0,0.0,327.0,0.0,0.0,0.0,0.0,3.0
2019-10-27T04:00:00.0,0.0,251.0,0.0,1437.0,8418.0,0.0,0.0,0.0,0.0,0.0,0.0,0.0,0.0,0.0,333.0,0.0,0.0,0.0,0.0,3.0
2019-10-27T05:00:00.0,0.0,244.0,0.0,1433.0,8743.0,0.0,0.0,0.0,0.0,0.0,0.0,0.0,0.0,0.0,330.0,0.0,0.0,0.0,0.0,3.0
2019-10-27T06:00:00.0,0.0,270.0,0.0,1431.0,9084.0,0.0,0.0,0.0,0.0,0.0,0.0,0.0,0.0,0.0,331.0,0.0,0.0,0.0,0.0,3.0
2019-10-27T07:00:00.0,0.0,239.0,0.0,1431.0,9758.0,0.0,0.0,0.0,0.0,0.0,0.0,0.0,0.0,0.0,329.0,0.0,0.0,0.0,0.0,3.0
2019-10-27T08:00:00.0,0.0,218.0,0.0,1430.0,10041.0,0.0,0.0,0.0,0.0,0.0,0.0,0.0,0.0,0.0,329.0,0.0,0.0,0.0,0.0,3.0
2019-10-27T09:00:00.0,0.0,255.0,0.0,1432.0,10520.0,0.0,0.0,0.0,0.0,0.0,0.0,0.0,0.0,0.0,329.0,0.0,0.0,0.0,0.0,3.0
2019-10-27T10:00:00.0,0.0,229.0,0.0,1430.0,10636.0,0.0,0.0,0.0,0.0,0.0,0.0,0.0,0.0,0.0,334.0,0.0,0.0,0.0,0.0,3.0
2019-10-27T11:00:00.0,0.0,246.0,0.0,1416.0,10235.0,0.0,0.0,0.0,0.0,0.0,0.0,0.0,0.0,0.0,328.0,0.0,0.0,0.0,0.0,3.0
2019-10-27T12:00:00.0,0.0,258.0,0.0,1415.0,9930.0,0.0,0.0,0.0,0.0,0.0,0.0,0.0,0.0,0.0,328.0,0.0,0.0,0.0,0.0,3.0
2019-10-27T13:00:00.0,0.0,269.0,0.0,1414.0,9938.0,0.0,0.0,0.0,0.0,0.0,0.0,0.0,0.0,0.0,326.0,0.0,0.0,0.0,0.0,3.0
2019-10-27T14:00:00.0,0.0,334.0,0.0,1414.0,10425.0,0.0,0.0,0.0,0.0,0.0,0.0,0.0,0.0,0.0,322.0,0.0,0.0,0.0,0.0,3.0
2019-10-27T15:00:00.0,0.0,469.0,0.0,1414.0,11236.0,0.0,0.0,0.0,0.0,0.0,0.0,0.0,0.0,0.0,326.0,0.0,0.0,0.0,0.0,3.0
2019-10-27T16:00:00.0,0.0,427.0,0.0,1412.0,12951.0,0.0,0.0,0.0,0.0,0.0,0.0,0.0,0.0,0.0,330.0,0.0,0.0,0.0,0.0,3.0
2019-10-27T17:00:00.0,0.0,411.0,0.0,1410.0,15568.0,0.0,0.0,0.0,0.0,0.0,0.0,0.0,0.0,0.0,324.0,0.0,0.0,0.0,0.0,3.0
2019-10-27T18:00:00.0,0.0,454.0,0.0,1410.0,16006.0,0.0,0.0,0.0,0.0,0.0,0.0,0.0,0.0,0.0,326.0,0.0,0.0,0.0,0.0,3.0
2019-10-27T19:00:00.0,0.0,554.0,0.0,1410.0,14677.0,0.0,0.0,0.0,0.0,0.0,0.0,0.0,0.0,0.0,319.0,0.0,0.0,0.0,0.0,3.0
2019-10-27T20:00:00.0,0.0,539.0,0.0,1406.0,11983.0,0.0,0.0,0.0,0.0,0.0,0.0,0.0,0.0,0.0,322.0,0.0,0.0,0.0,0.0,3.0
2019-10-27T21:00:00.0,0.0,450.0,0.0,1405.0,10952.0,0.0,0.0,0.0,0.0,0.0,0.0,0.0,0.0,0.0,327.0,0.0,0.0,0.0,0.0,3.0
2019-10-27T22:00:00.0,0.0,451.0,0.0,1401.0,10678.0,0.0,0.0,0.0,0.0,0.0,0.0,0.0,0.0,0.0,326.0,0.0,0.0,0.0,0.0,3.0
2019-10-27T23:00:00.0,0.0,486.0,0.0,1398.0,9719.0,0.0,0.0,0.0,0.0,0.0,0.0,0.0,0.0,0.0,324.0,0.0,0.0,0.0,0.0,3.0
2019-10-28T00:00:00.0,0.0,513.0,0.0,1375.0,9296.0,0.0,0.0,0.0,0.0,0.0,0.0,0.0,0.0,0.0,343.0,0.0,0.0,0.0,0.0,3.0
2019-10-28T01:00:00.0,0.0,607.0,0.0,1372.0,8670.0,0.0,0.0,0.0,0.0,0.0,0.0,0.0,0.0,0.0,344.0,0.0,0.0,0.0,0.0,3.0
2019-10-28T02:00:00.0,0.0,574.0,0.0,1370.0,8600.0,0.0,0.0,0.0,0.0,0.0,0.0,0.0,0.0,0.0,345.0,0.0,0.0,0.0,0.0,3.0
2019-10-28T03:00:00.0,0.0,555.0,0.0,1370.0,8729.0,0.0,0.0,0.0,0.0,0.0,0.0,0.0,0.0,0.0,345.0,0.0,0.0,0.0,0.0,3.0
2019-10-28T04:00:00.0,0.0,601.0,0.0,1373.0,9677.0,0.0,0.0,0.0,0.0,0.0,0.0,0.0,0.0,0.0,342.0,0.0,0.0,0.0,0.0,3.0
2019-10-28T05:00:00.0,0.0,654.0,0.0,1376.0,11614.0,0.0,0.0,0.0,0.0,0.0,0.0,0.0,0.0,0.0,346.0,0.0,0.0,0.0,0.0,3.0
2019-10-28T06:00:00.0,0.0,682.0,0.0,1376.0,15106.0,0.0,0.0,0.0,0.0,0.0,0.0,0.0,0.0,0.0,339.0,0.0,0.0,0.0,0.0,3.0
2019-10-28T07:00:00.0,0.0,579.0,0.0,1406.0,18141.0,0.0,0.0,0.0,0.0,0.0,0.0,0.0,0.0,0.0,345.0,0.0,0.0,0.0,0.0,3.0
2019-10-28T08:00:00.0,0.0,510.0,0.0,1427.0,18993.0,0.0,0.0,0.0,0.0,0.0,0.0,0.0,0.0,0.0,345.0,0.0,0.0,0.0,0.0,3.0
2019-10-28T09:00:00.0,0.0,482.0,0.0,1447.0,18609.0,0.0,0.0,0.0,0.0,0.0,0.0,0.0,0.0,0.0,345.0,0.0,0.0,0.0,0.0,3.0
2019-10-28T10:00:00.0,0.0,440.0,0.0,1458.0,18368.0,0.0,0.0,0.0,0.0,0.0,0.0,0.0,0.0,0.0,347.0,0.0,0.0,0.0,0.0,3.0
2019-10-28T11:00:00.0,0.0,472.0,0.0,1457.0,17560.0,0.0,0.0,0.0,0.0,0.0,0.0,0.0,0.0,0.0,348.0,0.0,0.0,0.0,0.0,3.0
2019-10-28T12:00:00.0,0.0,434.0,0.0,1456.0,16939.0,0.0,0.0,0.0,0.0,0.0,0.0,0.0,0.0,0.0,344.0,0.0,0.0,0.0,0.0,3.0
2019-10-28T13:00:00.0,0.0,519.0,0.0,1453.0,17492.0,0.0,0.0,0.0,0.0,0.0,0.0,0.0,0.0,0.0,346.0,0.0,0.0,0.0,0.0,3.0
2019-10-28T14:00:00.0,0.0,491.0,0.0,1446.0,17300.0,0.0,0.0,0.0,0.0,0.0,0.0,0.0,0.0,0.0,346.0,0.0,0.0,0.0,0.0,3.0
2019-10-28T15:00:00.0,0.0,493.0,0.0,1450.0,17500.0,0.0,0.0,0.0,0.0,0.0,0.0,0.0,0.0,0.0,348.0,0.0,0.0,0.0,0.0,3.0
2019-10-28T16:00:00.0,0.0,644.0,0.0,1448.0,18029.0,0.0,0.0,0.0,0.0,0.0,0.0,0.0,0.0,0.0,349.0,0.0,0.0,0.0,0.0,3.0
2019-10-28T17:00:00.0,0.0,558.0,0.0,1447.0,18873.0,0.0,0.0,0.0,0.0,0.0,0.0,0.0,0.0,0.0,345.0,0.0,0.0,0.0,0.0,3.0
2019-10-28T18:00:00.0,0.0,537.0,0.0,1450.0,18784.0,0.0,0.0,0.0,0.0,0.0,0.0,0.0,0.0,0.0,345.0,0.0,0.0,0.0,0.0,3.0
2019-10-28T19:00:00.0,0.0,528.0,0.0,1445.0,18179.0,0.0,0.0,0.0,0.0,0.0,0.0,0.0,0.0,0.0,344.0,0.0,0.0,0.0,0.0,3.0
2019-10-28T20:00:00.0,0.0,560.0,0.0,1443.0,17148.0,0.0,0.0,0.0,0.0,0.0,0.0,0.0,0.0,0.0,347.0,0.0,0.0,0.0,0.0,3.0
2019-10-28T21:00:00.0,0.0,543.0,0.0,1439.0,16696.0,0.0,0.0,0.0,0.0,0.0,0.0,0.0,0.0,0.0,343.0,0.0,0.0,0.0,0.0,3.0
2019-10-28T22:00:00.0,0.0,533.0,0.0,1429.0,14657.0,0.0,0.0,0.0,0.0,0.0,0.0,0.0,0.0,0.0,347.0,0.0,0.0,0.0,0.0,3.0
2019-10-28T23:00:00.0,0.0,749.0,0.0,1425.0,11773.0,0.0,0.0,0.0,0.0,0.0,0.0,0.0,0.0,0.0,347.0,0.0,0.0,0.0,0.0,3.0
2019-10-29T00:00:00.0,0.0,717.0,0.0,1397.0,10871.0,0.0,0.0,0.0,0.0,0.0,0.0,0.0,0.0,0.0,346.0,0.0,0.0,0.0,0.0,3.0
2019-10-29T01:00:00.0,0.0,711.0,0.0,1394.0,10508.0,0.0,0.0,0.0,0.0,0.0,0.0,0.0,0.0,0.0,345.0,0.0,0.0,0.0,0.0,3.0
2019-10-29T02:00:00.0,0.0,601.0,0.0,1394.0,10059.0,0.0,0.0,0.0,0.0,0.0,0.0,0.0,0.0,0.0,349.0,0.0,0.0,0.0,0.0,3.0
2019-10-29T03:00:00.0,0.0,776.0,0.0,1396.0,10073.0,0.0,0.0,0.0,0.0,0.0,0.0,0.0,0.0,0.0,350.0,0.0,0.0,0.0,0.0,3.0
2019-10-29T04:00:00.0,0.0,702.0,0.0,1393.0,10761.0,0.0,0.0,0.0,0.0,0.0,0.0,0.0,0.0,0.0,350.0,0.0,0.0,0.0,0.0,3.0
2019-10-29T05:00:00.0,0.0,699.0,0.0,1390.0,12660.0,0.0,0.0,0.0,0.0,0.0,0.0,0.0,0.0,0.0,348.0,0.0,0.0,0.0,0.0,3.0
2019-10-29T06:00:00.0,0.0,641.0,0.0,1395.0,16131.0,0.0,0.0,0.0,0.0,0.0,0.0,0.0,0.0,0.0,352.0,0.0,0.0,0.0,0.0,3.0
2019-10-29T07:00:00.0,0.0,560.0,0.0,1396.0,17998.0,0.0,0.0,0.0,0.0,0.0,0.0,0.0,0.0,0.0,343.0,0.0,0.0,0.0,0.0,3.0
2019-10-29T08:00:00.0,0.0,492.0,0.0,1395.0,18641.0,0.0,0.0,0.0,0.0,0.0,0.0,0.0,0.0,0.0,346.0,0.0,0.0,0.0,0.0,3.0
2019-10-29T09:00:00.0,0.0,404.0,0.0,1398.0,18991.0,0.0,0.0,0.0,0.0,0.0,0.0,0.0,0.0,0.0,346.0,0.0,0.0,0.0,0.0,3.0
2019-10-29T10:00:00.0,0.0,282.0,0.0,1397.0,19007.0,0.0,0.0,0.0,0.0,0.0,0.0,0.0,0.0,0.0,350.0,0.0,0.0,0.0,0.0,3.0
2019-10-29T11:00:00.0,0.0,245.0,0.0,1394.0,18413.0,0.0,0.0,0.0,0.0,0.0,0.0,0.0,0.0,0.0,346.0,0.0,0.0,0.0,0.0,3.0
2019-10-29T12:00:00.0,0.0,248.0,0.0,1395.0,17786.0,0.0,0.0,0.0,0.0,0.0,0.0,0.0,0.0,0.0,347.0,0.0,0.0,0.0,0.0,3.0
2019-10-29T13:00:00.0,0.0,248.0,0.0,1394.0,17527.0,0.0,0.0,0.0,0.0,0.0,0.0,0.0,0.0,0.0,336.0,0.0,0.0,0.0,0.0,3.0
2019-10-29T14:00:00.0,0.0,279.0,0.0,1393.0,17496.0,0.0,0.0,0.0,0.0,0.0,0.0,0.0,0.0,0.0,345.0,0.0,0.0,0.0,0.0,3.0
2019-10-29T15:00:00.0,0.0,342.0,0.0,1395.0,17766.0,0.0,0.0,0.0,0.0,0.0,0.0,0.0,0.0,0.0,343.0,0.0,0.0,0.0,0.0,3.0
2019-10-29T16:00:00.0,0.0,310.0,0.0,1395.0,18713.0,0.0,0.0,0.0,0.0,0.0,0.0,0.0,0.0,0.0,341.0,0.0,0.0,0.0,0.0,3.0
2019-10-29T17:00:00.0,0.0,312.0,0.0,1391.0,19625.0,0.0,0.0,0.0,0.0,0.0,0.0,0.0,0.0,0.0,350.0,0.0,0.0,0.0,0.0,3.0
2019-10-29T18:00:00.0,0.0,390.0,0.0,1393.0,19401.0,0.0,0.0,0.0,0.0,0.0,0.0,0.0,0.0,0.0,348.0,0.0,0.0,0.0,0.0,3.0
2019-10-29T19:00:00.0,0.0,395.0,0.0,1391.0,18978.0,0.0,0.0,0.0,0.0,0.0,0.0,0.0,0.0,0.0,347.0,0.0,0.0,0.0,0.0,3.0
2019-10-29T20:00:00.0,0.0,431.0,0.0,1387.0,18282.0,0.0,0.0,0.0,0.0,0.0,0.0,0.0,0.0,0.0,348.0,0.0,0.0,0.0,0.0,3.0
2019-10-29T21:00:00.0,0.0,340.0,0.0,1383.0,18060.0,0.0,0.0,0.0,0.0,0.0,0.0,0.0,0.0,0.0,345.0,0.0,0.0,0.0,0.0,3.0
2019-10-29T22:00:00.0,0.0,420.0,0.0,1379.0,16717.0,0.0,0.0,0.0,0.0,0.0,0.0,0.0,0.0,0.0,345.0,0.0,0.0,0.0,0.0,3.0
2019-10-29T23:00:00.0,0.0,440.0,0.0,1376.0,14928.0,0.0,0.0,0.0,0.0,0.0,0.0,0.0,0.0,0.0,347.0,0.0,0.0,0.0,0.0,3.0
2019-10-30T00:00:00.0,0.0,336.0,0.0,1365.0,13615.0,0.0,0.0,0.0,0.0,0.0,0.0,0.0,0.0,0.0,349.0,0.0,0.0,0.0,0.0,3.0
2019-10-30T01:00:00.0,0.0,508.0,0.0,1362.0,12833.0,0.0,0.0,0.0,0.0,0.0,0.0,0.0,0.0,0.0,345.0,0.0,0.0,0.0,0.0,3.0
2019-10-30T02:00:00.0,0.0,576.0,0.0,1362.0,12372.0,0.0,0.0,0.0,0.0,0.0,0.0,0.0,0.0,0.0,346.0,0.0,0.0,0.0,0.0,3.0
2019-10-30T03:00:00.0,0.0,692.0,0.0,1360.0,12434.0,0.0,0.0,0.0,0.0,0.0,0.0,0.0,0.0,0.0,348.0,0.0,0.0,0.0,0.0,3.0
2019-10-30T04:00:00.0,0.0,826.0,0.0,1358.0,13239.0,0.0,0.0,0.0,0.0,0.0,0.0,0.0,0.0,0.0,346.0,0.0,0.0,0.0,0.0,3.0
2019-10-30T05:00:00.0,0.0,809.0,0.0,1361.0,15220.0,0.0,0.0,0.0,0.0,0.0,0.0,0.0,0.0,0.0,343.0,0.0,0.0,0.0,0.0,3.0
2019-10-30T06:00:00.0,0.0,816.0,0.0,1362.0,18072.0,0.0,0.0,0.0,0.0,0.0,0.0,0.0,0.0,0.0,347.0,0.0,0.0,0.0,0.0,3.0
2019-10-30T07:00:00.0,0.0,883.0,0.0,1367.0,20162.0,0.0,0.0,0.0,0.0,0.0,0.0,0.0,0.0,0.0,346.0,0.0,0.0,0.0,0.0,3.0
2019-10-30T08:00:00.0,0.0,965.0,0.0,1374.0,20448.0,0.0,0.0,0.0,0.0,0.0,0.0,0.0,0.0,0.0,346.0,0.0,0.0,0.0,0.0,3.0
2019-10-30T09:00:00.0,0.0,947.0,0.0,1371.0,19704.0,0.0,0.0,0.0,0.0,0.0,0.0,0.0,0.0,0.0,347.0,0.0,0.0,0.0,0.0,3.0
2019-10-30T10:00:00.0,0.0,875.0,0.0,1376.0,19091.0,0.0,0.0,0.0,0.0,0.0,0.0,0.0,0.0,0.0,343.0,0.0,0.0,0.0,0.0,3.0
2019-10-30T11:00:00.0,0.0,905.0,0.0,1375.0,18236.0,0.0,0.0,0.0,0.0,0.0,0.0,0.0,0.0,0.0,339.0,0.0,0.0,0.0,0.0,3.0
2019-10-30T12:00:00.0,0.0,891.0,0.0,1376.0,17423.0,0.0,0.0,0.0,0.0,0.0,0.0,0.0,0.0,0.0,343.0,0.0,0.0,0.0,0.0,3.0
2019-10-30T13:00:00.0,0.0,921.0,0.0,1376.0,17601.0,0.0,0.0,0.0,0.0,0.0,0.0,0.0,0.0,0.0,349.0,0.0,0.0,0.0,0.0,3.0
2019-10-30T14:00:00.0,0.0,913.0,0.0,1379.0,17847.0,0.0,0.0,0.0,0.0,0.0,0.0,0.0,0.0,0.0,350.0,0.0,0.0,0.0,0.0,3.0
2019-10-30T15:00:00.0,0.0,924.0,0.0,1377.0,17557.0,0.0,0.0,0.0,0.0,0.0,0.0,0.0,0.0,0.0,349.0,0.0,0.0,0.0,0.0,3.0
2019-10-30T16:00:00.0,0.0,968.0,0.0,1379.0,18315.0,0.0,0.0,0.0,0.0,0.0,0.0,0.0,0.0,0.0,347.0,0.0,0.0,0.0,0.0,3.0
2019-10-30T17:00:00.0,0.0,990.0,0.0,1376.0,18942.0,0.0,0.0,0.0,0.0,0.0,0.0,0.0,0.0,0.0,347.0,0.0,0.0,0.0,0.0,3.0
2019-10-30T18:00:00.0,0.0,963.0,0.0,1382.0,18319.0,0.0,0.0,0.0,0.0,0.0,0.0,0.0,0.0,0.0,350.0,0.0,0.0,0.0,0.0,3.0
2019-10-30T19:00:00.0,0.0,921.0,0.0,1384.0,17423.0,0.0,0.0,0.0,0.0,0.0,0.0,0.0,0.0,0.0,349.0,0.0,0.0,0.0,0.0,3.0
2019-10-30T20:00:00.0,0.0,867.0,0.0,1385.0,15934.0,0.0,0.0,0.0,0.0,0.0,0.0,0.0,0.0,0.0,346.0,0.0,0.0,0.0,0.0,3.0
2019-10-30T21:00:00.0,0.0,856.0,0.0,1383.0,15113.0,0.0,0.0,0.0,0.0,0.0,0.0,0.0,0.0,0.0,344.0,0.0,0.0,0.0,0.0,3.0
2019-10-30T22:00:00.0,0.0,753.0,0.0,1383.0,13221.0,0.0,0.0,0.0,0.0,0.0,0.0,0.0,0.0,0.0,349.0,0.0,0.0,0.0,0.0,3.0
2019-10-30T23:00:00.0,0.0,856.0,0.0,1386.0,11356.0,0.0,0.0,0.0,0.0,0.0,0.0,0.0,0.0,0.0,345.0,0.0,0.0,0.0,0.0,2.0
2019-10-31T00:00:00.0,0.0,807.0,0.0,1363.0,10225.0,0.0,0.0,0.0,0.0,0.0,0.0,0.0,0.0,0.0,343.0,0.0,0.0,0.0,0.0,2.0
2019-10-31T01:00:00.0,0.0,728.0,0.0,1334.0,9092.0,0.0,0.0,0.0,0.0,0.0,0.0,0.0,0.0,0.0,339.0,0.0,0.0,0.0,0.0,2.0
2019-10-31T02:00:00.0,0.0,937.0,0.0,1317.0,8602.0,0.0,0.0,0.0,0.0,0.0,0.0,0.0,0.0,0.0,342.0,0.0,0.0,0.0,0.0,2.0
2019-10-31T03:00:00.0,0.0,902.0,0.0,1305.0,8437.0,0.0,0.0,0.0,0.0,0.0,0.0,0.0,0.0,0.0,348.0,0.0,0.0,0.0,0.0,2.0
2019-10-31T04:00:00.0,0.0,735.0,0.0,1302.0,9241.0,0.0,0.0,0.0,0.0,0.0,0.0,0.0,0.0,0.0,344.0,0.0,0.0,0.0,0.0,2.0
2019-10-31T05:00:00.0,0.0,597.0,0.0,1300.0,11176.0,0.0,0.0,0.0,0.0,0.0,0.0,0.0,0.0,0.0,341.0,0.0,0.0,0.0,0.0,2.0
2019-10-31T06:00:00.0,0.0,553.0,0.0,1301.0,14335.0,0.0,0.0,0.0,0.0,0.0,0.0,0.0,0.0,0.0,344.0,0.0,0.0,0.0,0.0,2.0
2019-10-31T07:00:00.0,0.0,461.0,0.0,1302.0,17476.0,0.0,0.0,0.0,0.0,0.0,0.0,0.0,0.0,0.0,339.0,0.0,0.0,0.0,0.0,2.0
2019-10-31T08:00:00.0,0.0,392.0,0.0,1308.0,18017.0,0.0,0.0,0.0,0.0,0.0,0.0,0.0,0.0,0.0,341.0,0.0,0.0,0.0,0.0,2.0
2019-10-31T09:00:00.0,0.0,324.0,0.0,1322.0,17948.0,0.0,0.0,0.0,0.0,0.0,0.0,0.0,0.0,0.0,334.0,0.0,0.0,0.0,0.0,2.0
2019-10-31T10:00:00.0,0.0,297.0,0.0,1320.0,17073.0,0.0,0.0,0.0,0.0,0.0,0.0,0.0,0.0,0.0,339.0,0.0,0.0,0.0,0.0,2.0
2019-10-31T11:00:00.0,0.0,292.0,0.0,1322.0,15859.0,0.0,0.0,0.0,0.0,0.0,0.0,0.0,0.0,0.0,338.0,0.0,0.0,0.0,0.0,2.0
2019-10-31T12:00:00.0,0.0,270.0,0.0,1320.0,14704.0,0.0,0.0,0.0,0.0,0.0,0.0,0.0,0.0,0.0,336.0,0.0,0.0,0.0,0.0,2.0
2019-10-31T13:00:00.0,0.0,213.0,0.0,1323.0,15394.0,0.0,0.0,0.0,0.0,0.0,0.0,0.0,0.0,0.0,333.0,0.0,0.0,0.0,0.0,2.0
2019-10-31T14:00:00.0,0.0,217.0,0.0,1321.0,16705.0,0.0,0.0,0.0,0.0,0.0,0.0,0.0,0.0,0.0,331.0,0.0,0.0,0.0,0.0,2.0
2019-10-31T15:00:00.0,0.0,233.0,0.0,1317.0,17887.0,0.0,0.0,0.0,0.0,0.0,0.0,0.0,0.0,0.0,330.0,0.0,0.0,0.0,0.0,2.0
2019-10-31T16:00:00.0,0.0,253.0,0.0,1316.0,18354.0,0.0,0.0,0.0,0.0,0.0,0.0,0.0,0.0,0.0,331.0,0.0,0.0,0.0,0.0,2.0
2019-10-31T17:00:00.0,0.0,232.0,0.0,1316.0,18329.0,0.0,0.0,0.0,0.0,0.0,0.0,0.0,0.0,0.0,330.0,0.0,0.0,0.0,0.0,2.0
2019-10-31T18:00:00.0,0.0,187.0,0.0,1314.0,18116.0,0.0,0.0,0.0,0.0,0.0,0.0,0.0,0.0,0.0,332.0,0.0,0.0,0.0,0.0,2.0
2019-10-31T19:00:00.0,0.0,170.0,0.0,1331.0,17318.0,0.0,0.0,0.0,0.0,0.0,0.0,0.0,0.0,0.0,338.0,0.0,0.0,0.0,0.0,2.0
2019-10-31T20:00:00.0,0.0,190.0,0.0,1329.0,16406.0,0.0,0.0,0.0,0.0,0.0,0.0,0.0,0.0,0.0,340.0,0.0,0.0,0.0,0.0,2.0
2019-10-31T21:00:00.0,0.0,174.0,0.0,1327.0,15565.0,0.0,0.0,0.0,0.0,0.0,0.0,0.0,0.0,0.0,342.0,0.0,0.0,0.0,0.0,2.0
2019-10-31T22:00:00.0,0.0,202.0,0.0,1325.0,14379.0,0.0,0.0,0.0,0.0,0.0,0.0,0.0,0.0,0.0,337.0,0.0,0.0,0.0,0.0,2.0
2019-10-31T23:00:00.0,0.0,233.0,0.0,1322.0,11497.0,0.0,0.0,0.0,0.0,0.0,0.0,0.0,0.0,0.0,341.0,0.0,0.0,0.0,0.0,2.0
2019-11-01T00:00:00.0,0.0,317.0,0.0,1336.0,10617.0,0.0,0.0,0.0,0.0,0.0,0.0,0.0,0.0,0.0,342.0,0.0,0.0,0.0,0.0,2.0
2019-11-01T01:00:00.0,0.0,315.0,0.0,1331.0,9087.0,0.0,0.0,0.0,0.0,0.0,0.0,0.0,0.0,0.0,343.0,0.0,0.0,0.0,0.0,2.0
2019-11-01T02:00:00.0,0.0,431.0,0.0,1330.0,8864.0,0.0,0.0,0.0,0.0,0.0,0.0,0.0,0.0,0.0,342.0,0.0,0.0,0.0,0.0,2.0
2019-11-01T03:00:00.0,0.0,453.0,0.0,1328.0,8776.0,0.0,0.0,0.0,0.0,0.0,0.0,0.0,0.0,0.0,339.0,0.0,0.0,0.0,0.0,2.0
2019-11-01T04:00:00.0,0.0,536.0,0.0,1325.0,9499.0,0.0,0.0,0.0,0.0,0.0,0.0,0.0,0.0,0.0,341.0,0.0,0.0,0.0,0.0,2.0
2019-11-01T05:00:00.0,0.0,517.0,0.0,1323.0,11028.0,0.0,0.0,0.0,0.0,0.0,0.0,0.0,0.0,0.0,343.0,0.0,0.0,0.0,0.0,2.0
2019-11-01T06:00:00.0,0.0,624.0,0.0,1321.0,13128.0,0.0,0.0,0.0,0.0,0.0,0.0,0.0,0.0,0.0,344.0,0.0,0.0,0.0,0.0,2.0
2019-11-01T07:00:00.0,0.0,608.0,0.0,1323.0,14964.0,0.0,0.0,0.0,0.0,0.0,0.0,0.0,0.0,0.0,345.0,0.0,0.0,0.0,0.0,2.0
2019-11-01T08:00:00.0,0.0,658.0,0.0,1323.0,15542.0,0.0,0.0,0.0,0.0,0.0,0.0,0.0,0.0,0.0,333.0,0.0,0.0,0.0,0.0,2.0
2019-11-01T09:00:00.0,0.0,611.0,0.0,1317.0,15230.0,0.0,0.0,0.0,0.0,0.0,0.0,0.0,0.0,0.0,338.0,0.0,0.0,0.0,0.0,2.0
2019-11-01T10:00:00.0,0.0,651.0,0.0,1315.0,15085.0,0.0,0.0,0.0,0.0,0.0,0.0,0.0,0.0,0.0,316.0,0.0,0.0,0.0,0.0,2.0
2019-11-01T11:00:00.0,0.0,546.0,0.0,1314.0,14518.0,0.0,0.0,0.0,0.0,0.0,0.0,0.0,0.0,0.0,316.0,0.0,0.0,0.0,0.0,2.0
2019-11-01T12:00:00.0,0.0,530.0,0.0,1311.0,13846.0,0.0,0.0,0.0,0.0,0.0,0.0,0.0,0.0,0.0,342.0,0.0,0.0,0.0,0.0,2.0
2019-11-01T13:00:00.0,0.0,616.0,0.0,1313.0,13775.0,0.0,0.0,0.0,0.0,0.0,0.0,0.0,0.0,0.0,154.0,0.0,0.0,0.0,0.0,2.0
2019-11-01T14:00:00.0,0.0,619.0,0.0,1310.0,13376.0,0.0,0.0,0.0,0.0,0.0,0.0,0.0,0.0,0.0,341.0,0.0,0.0,0.0,0.0,2.0
2019-11-01T15:00:00.0,0.0,695.0,0.0,1307.0,13565.0,0.0,0.0,0.0,0.0,0.0,0.0,0.0,0.0,0.0,335.0,0.0,0.0,0.0,0.0,2.0
2019-11-01T16:00:00.0,0.0,719.0,0.0,1297.0,14178.0,0.0,0.0,0.0,0.0,0.0,0.0,0.0,0.0,0.0,337.0,0.0,0.0,0.0,0.0,2.0
2019-11-01T17:00:00.0,0.0,697.0,0.0,1298.0,14954.0,0.0,0.0,0.0,0.0,0.0,0.0,0.0,0.0,0.0,341.0,0.0,0.0,0.0,0.0,2.0
2019-11-01T18:00:00.0,0.0,757.0,0.0,1299.0,14527.0,0.0,0.0,0.0,0.0,0.0,0.0,0.0,0.0,0.0,340.0,0.0,0.0,0.0,0.0,2.0
2019-11-01T19:00:00.0,0.0,736.0,0.0,1288.0,13093.0,0.0,0.0,0.0,0.0,0.0,0.0,0.0,0.0,0.0,342.0,0.0,0.0,0.0,0.0,2.0
2019-11-01T20:00:00.0,0.0,744.0,0.0,1284.0,11658.0,0.0,0.0,0.0,0.0,0.0,0.0,0.0,0.0,0.0,337.0,0.0,0.0,0.0,0.0,2.0
2019-11-01T21:00:00.0,0.0,618.0,0.0,1283.0,10749.0,0.0,0.0,0.0,0.0,0.0,0.0,0.0,0.0,0.0,337.0,0.0,0.0,0.0,0.0,2.0
2019-11-01T22:00:00.0,0.0,642.0,0.0,1279.0,9629.0,0.0,0.0,0.0,0.0,0.0,0.0,0.0,0.0,0.0,338.0,0.0,0.0,0.0,0.0,2.0
2019-11-01T23:00:00.0,0.0,624.0,0.0,1271.0,8883.0,0.0,0.0,0.0,0.0,0.0,0.0,0.0,0.0,0.0,315.0,0.0,0.0,0.0,0.0,2.0
2019-11-02T00:00:00.0,0.0,655.0,0.0,1243.0,8733.0,0.0,0.0,0.0,0.0,0.0,0.0,0.0,0.0,0.0,315.0,0.0,0.0,0.0,0.0,2.0
2019-11-02T01:00:00.0,0.0,666.0,0.0,1234.0,8499.0,0.0,0.0,0.0,0.0,0.0,0.0,0.0,0.0,0.0,315.0,0.0,0.0,0.0,0.0,2.0
2019-11-02T02:00:00.0,0.0,696.0,0.0,1226.0,8314.0,0.0,0.0,0.0,0.0,0.0,0.0,0.0,0.0,0.0,333.0,0.0,0.0,0.0,0.0,2.0
2019-11-02T03:00:00.0,0.0,648.0,0.0,1224.0,8292.0,0.0,0.0,0.0,0.0,0.0,0.0,0.0,0.0,0.0,336.0,0.0,0.0,0.0,0.0,2.0
2019-11-02T04:00:00.0,0.0,639.0,0.0,1222.0,8321.0,0.0,0.0,0.0,0.0,0.0,0.0,0.0,0.0,0.0,338.0,0.0,0.0,0.0,0.0,2.0
2019-11-02T05:00:00.0,0.0,581.0,0.0,1214.0,8413.0,0.0,0.0,0.0,0.0,0.0,0.0,0.0,0.0,0.0,342.0,0.0,0.0,0.0,0.0,2.0
2019-11-02T06:00:00.0,0.0,615.0,0.0,1219.0,8514.0,0.0,0.0,0.0,0.0,0.0,0.0,0.0,0.0,0.0,339.0,0.0,0.0,0.0,0.0,2.0
2019-11-02T07:00:00.0,0.0,648.0,0.0,1215.0,9412.0,0.0,0.0,0.0,0.0,0.0,0.0,0.0,0.0,0.0,341.0,0.0,0.0,0.0,0.0,2.0
2019-11-02T08:00:00.0,0.0,675.0,0.0,1221.0,11020.0,0.0,0.0,0.0,0.0,0.0,0.0,0.0,0.0,0.0,341.0,0.0,0.0,0.0,0.0,2.0
2019-11-02T09:00:00.0,0.0,689.0,0.0,1225.0,12411.0,0.0,0.0,0.0,0.0,0.0,0.0,0.0,0.0,0.0,338.0,0.0,0.0,0.0,0.0,2.0
2019-11-02T10:00:00.0,0.0,781.0,0.0,1222.0,12882.0,0.0,0.0,0.0,0.0,0.0,0.0,0.0,0.0,0.0,344.0,0.0,0.0,0.0,0.0,2.0
2019-11-02T11:00:00.0,0.0,846.0,0.0,1228.0,12410.0,0.0,0.0,0.0,0.0,0.0,0.0,0.0,0.0,0.0,343.0,0.0,0.0,0.0,0.0,2.0
2019-11-02T12:00:00.0,0.0,912.0,0.0,1228.0,11916.0,0.0,0.0,0.0,0.0,0.0,0.0,0.0,0.0,0.0,351.0,0.0,0.0,0.0,0.0,2.0
2019-11-02T13:00:00.0,0.0,1027.0,0.0,1225.0,11363.0,0.0,0.0,0.0,0.0,0.0,0.0,0.0,0.0,0.0,353.0,0.0,0.0,0.0,0.0,2.0
2019-11-02T14:00:00.0,0.0,1036.0,0.0,1227.0,11118.0,0.0,0.0,0.0,0.0,0.0,0.0,0.0,0.0,0.0,351.0,0.0,0.0,0.0,0.0,2.0
2019-11-02T15:00:00.0,0.0,1079.0,0.0,1225.0,11209.0,0.0,0.0,0.0,0.0,0.0,0.0,0.0,0.0,0.0,352.0,0.0,0.0,0.0,0.0,2.0
2019-11-02T16:00:00.0,0.0,1076.0,0.0,1227.0,12038.0,0.0,0.0,0.0,0.0,0.0,0.0,0.0,0.0,0.0,348.0,0.0,0.0,0.0,0.0,2.0
2019-11-02T17:00:00.0,0.0,1102.0,0.0,1226.0,12266.0,0.0,0.0,0.0,0.0,0.0,0.0,0.0,0.0,0.0,352.0,0.0,0.0,0.0,0.0,2.0
2019-11-02T18:00:00.0,0.0,951.0,0.0,1220.0,12190.0,0.0,0.0,0.0,0.0,0.0,0.0,0.0,0.0,0.0,349.0,0.0,0.0,0.0,0.0,2.0
2019-11-02T19:00:00.0,0.0,952.0,0.0,1218.0,11778.0,0.0,0.0,0.0,0.0,0.0,0.0,0.0,0.0,0.0,370.0,0.0,0.0,0.0,0.0,2.0
2019-11-02T20:00:00.0,0.0,914.0,0.0,1218.0,11485.0,0.0,0.0,0.0,0.0,0.0,0.0,0.0,0.0,0.0,368.0,0.0,0.0,0.0,0.0,2.0
2019-11-02T21:00:00.0,0.0,897.0,0.0,1216.0,10803.0,0.0,0.0,0.0,0.0,0.0,0.0,0.0,0.0,0.0,370.0,0.0,0.0,0.0,0.0,1.0
2019-11-02T22:00:00.0,0.0,911.0,0.0,1211.0,10015.0,0.0,0.0,0.0,0.0,0.0,0.0,0.0,0.0,0.0,369.0,0.0,0.0,0.0,0.0,1.0
2019-11-02T23:00:00.0,0.0,910.0,0.0,1205.0,9036.0,0.0,0.0,0.0,0.0,0.0,0.0,0.0,0.0,0.0,369.0,0.0,0.0,0.0,0.0,1.0
2019-11-03T00:00:00.0,0.0,901.0,0.0,1145.0,8534.0,0.0,0.0,0.0,0.0,0.0,0.0,0.0,0.0,0.0,365.0,0.0,0.0,0.0,0.0,1.0
2019-11-03T01:00:00.0,0.0,920.0,0.0,1134.0,8511.0,0.0,0.0,0.0,0.0,0.0,0.0,0.0,0.0,0.0,369.0,0.0,0.0,0.0,0.0,1.0
2019-11-03T02:00:00.0,0.0,825.0,0.0,1130.0,8428.0,0.0,0.0,0.0,0.0,0.0,0.0,0.0,0.0,0.0,365.0,0.0,0.0,0.0,0.0,1.0
2019-11-03T03:00:00.0,0.0,932.0,0.0,1124.0,8242.0,0.0,0.0,0.0,0.0,0.0,0.0,0.0,0.0,0.0,369.0,0.0,0.0,0.0,0.0,1.0
2019-11-03T04:00:00.0,0.0,875.0,0.0,1125.0,8204.0,0.0,0.0,0.0,0.0,0.0,0.0,0.0,0.0,0.0,365.0,0.0,0.0,0.0,0.0,1.0
2019-11-03T05:00:00.0,0.0,799.0,0.0,1122.0,8202.0,0.0,0.0,0.0,0.0,0.0,0.0,0.0,0.0,0.0,368.0,0.0,0.0,0.0,0.0,1.0
2019-11-03T06:00:00.0,0.0,760.0,0.0,1125.0,8034.0,0.0,0.0,0.0,0.0,0.0,0.0,0.0,0.0,0.0,369.0,0.0,0.0,0.0,0.0,1.0
2019-11-03T07:00:00.0,0.0,778.0,0.0,1122.0,8571.0,0.0,0.0,0.0,0.0,0.0,0.0,0.0,0.0,0.0,368.0,0.0,0.0,0.0,0.0,1.0
2019-11-03T08:00:00.0,0.0,822.0,0.0,1123.0,9827.0,0.0,0.0,0.0,0.0,0.0,0.0,0.0,0.0,0.0,366.0,0.0,0.0,0.0,0.0,1.0
2019-11-03T09:00:00.0,0.0,859.0,0.0,1137.0,10697.0,0.0,0.0,0.0,0.0,0.0,0.0,0.0,0.0,0.0,365.0,0.0,0.0,0.0,0.0,1.0
2019-11-03T10:00:00.0,0.0,864.0,0.0,1134.0,11214.0,0.0,0.0,0.0,0.0,0.0,0.0,0.0,0.0,0.0,368.0,0.0,0.0,0.0,0.0,1.0
2019-11-03T11:00:00.0,0.0,868.0,0.0,1146.0,11845.0,0.0,0.0,0.0,0.0,0.0,0.0,0.0,0.0,0.0,367.0,0.0,0.0,0.0,0.0,1.0
2019-11-03T12:00:00.0,0.0,862.0,0.0,1128.0,12191.0,0.0,0.0,0.0,0.0,0.0,0.0,0.0,0.0,0.0,370.0,0.0,0.0,0.0,0.0,1.0
2019-11-03T13:00:00.0,0.0,947.0,0.0,1128.0,11776.0,0.0,0.0,0.0,0.0,0.0,0.0,0.0,0.0,0.0,364.0,0.0,0.0,0.0,0.0,1.0
2019-11-03T14:00:00.0,0.0,1003.0,0.0,1140.0,12157.0,0.0,0.0,0.0,0.0,0.0,0.0,0.0,0.0,0.0,360.0,0.0,0.0,0.0,0.0,1.0
2019-11-03T15:00:00.0,0.0,1065.0,0.0,1125.0,12699.0,0.0,0.0,0.0,0.0,0.0,0.0,0.0,0.0,0.0,365.0,0.0,0.0,0.0,0.0,1.0
2019-11-03T16:00:00.0,0.0,1067.0,0.0,1126.0,13619.0,0.0,0.0,0.0,0.0,0.0,0.0,0.0,0.0,0.0,344.0,0.0,0.0,0.0,0.0,1.0
2019-11-03T17:00:00.0,0.0,1045.0,0.0,1133.0,15443.0,0.0,0.0,0.0,0.0,0.0,0.0,0.0,0.0,0.0,343.0,0.0,0.0,0.0,0.0,1.0
2019-11-03T18:00:00.0,0.0,1045.0,0.0,1128.0,15870.0,0.0,0.0,0.0,0.0,0.0,0.0,0.0,0.0,0.0,348.0,0.0,0.0,0.0,0.0,1.0
2019-11-03T19:00:00.0,0.0,999.0,0.0,1126.0,14265.0,0.0,0.0,0.0,0.0,0.0,0.0,0.0,0.0,0.0,352.0,0.0,0.0,0.0,0.0,1.0
2019-11-03T20:00:00.0,0.0,1029.0,0.0,1131.0,12786.0,0.0,0.0,0.0,0.0,0.0,0.0,0.0,0.0,0.0,372.0,0.0,0.0,0.0,0.0,1.0
2019-11-03T21:00:00.0,0.0,1023.0,0.0,1123.0,11826.0,0.0,0.0,0.0,0.0,0.0,0.0,0.0,0.0,0.0,369.0,0.0,0.0,0.0,0.0,1.0
2019-11-03T22:00:00.0,0.0,1060.0,0.0,1121.0,10731.0,0.0,0.0,0.0,0.0,0.0,0.0,0.0,0.0,0.0,370.0,0.0,0.0,0.0,0.0,1.0
2019-11-03T23:00:00.0,0.0,1031.0,0.0,1122.0,9351.0,0.0,0.0,0.0,0.0,0.0,0.0,0.0,0.0,0.0,369.0,0.0,0.0,0.0,0.0,1.0
2019-11-04T00:00:00.0,0.0,1061.0,0.0,1104.0,9167.0,0.0,0.0,0.0,0.0,0.0,0.0,0.0,0.0,0.0,364.0,0.0,0.0,0.0,0.0,1.0
2019-11-04T01:00:00.0,0.0,1132.0,0.0,1090.0,9053.0,0.0,0.0,0.0,0.0,0.0,0.0,0.0,0.0,0.0,366.0,0.0,0.0,0.0,0.0,1.0
2019-11-04T02:00:00.0,0.0,1127.0,0.0,1100.0,8970.0,0.0,0.0,0.0,0.0,0.0,0.0,0.0,0.0,0.0,368.0,0.0,0.0,0.0,0.0,1.0
2019-11-04T03:00:00.0,0.0,1049.0,0.0,1101.0,9213.0,0.0,0.0,0.0,0.0,0.0,0.0,0.0,0.0,0.0,360.0,0.0,0.0,0.0,0.0,1.0
2019-11-04T04:00:00.0,0.0,1067.0,0.0,1099.0,9786.0,0.0,0.0,0.0,0.0,0.0,0.0,0.0,0.0,0.0,365.0,0.0,0.0,0.0,0.0,1.0
2019-11-04T05:00:00.0,0.0,1013.0,0.0,1098.0,10755.0,0.0,0.0,0.0,0.0,0.0,0.0,0.0,0.0,0.0,349.0,0.0,0.0,0.0,0.0,1.0
2019-11-04T06:00:00.0,0.0,987.0,0.0,1099.0,13569.0,0.0,0.0,0.0,0.0,0.0,0.0,0.0,0.0,0.0,363.0,0.0,0.0,0.0,0.0,1.0
2019-11-04T07:00:00.0,0.0,945.0,0.0,1112.0,16931.0,0.0,0.0,0.0,0.0,0.0,0.0,0.0,0.0,0.0,364.0,0.0,0.0,0.0,0.0,1.0
2019-11-04T08:00:00.0,0.0,930.0,0.0,1124.0,18499.0,0.0,0.0,0.0,0.0,0.0,0.0,0.0,0.0,0.0,369.0,0.0,0.0,0.0,0.0,1.0
2019-11-04T09:00:00.0,0.0,927.0,0.0,1128.0,18953.0,0.0,0.0,0.0,0.0,0.0,0.0,0.0,0.0,0.0,366.0,0.0,0.0,0.0,0.0,1.0
2019-11-04T10:00:00.0,0.0,911.0,0.0,1129.0,18696.0,0.0,0.0,0.0,0.0,0.0,0.0,0.0,0.0,0.0,364.0,0.0,0.0,0.0,0.0,1.0
2019-11-04T11:00:00.0,0.0,831.0,0.0,1133.0,18219.0,0.0,0.0,0.0,0.0,0.0,0.0,0.0,0.0,0.0,364.0,0.0,0.0,0.0,0.0,1.0
2019-11-04T12:00:00.0,0.0,792.0,0.0,1134.0,17587.0,0.0,0.0,0.0,0.0,0.0,0.0,0.0,0.0,0.0,365.0,0.0,0.0,0.0,0.0,1.0
2019-11-04T13:00:00.0,0.0,760.0,0.0,1131.0,17977.0,0.0,0.0,0.0,0.0,0.0,0.0,0.0,0.0,0.0,361.0,0.0,0.0,0.0,0.0,1.0
2019-11-04T14:00:00.0,0.0,695.0,0.0,1130.0,18269.0,0.0,0.0,0.0,0.0,0.0,0.0,0.0,0.0,0.0,362.0,0.0,0.0,0.0,0.0,1.0
2019-11-04T15:00:00.0,0.0,744.0,0.0,1124.0,18335.0,0.0,0.0,0.0,0.0,0.0,0.0,0.0,0.0,0.0,363.0,0.0,0.0,0.0,0.0,1.0
2019-11-04T16:00:00.0,0.0,757.0,0.0,1119.0,18976.0,0.0,0.0,0.0,0.0,0.0,0.0,0.0,0.0,0.0,360.0,0.0,0.0,0.0,0.0,1.0
2019-11-04T17:00:00.0,0.0,725.0,0.0,1118.0,19325.0,0.0,0.0,0.0,0.0,0.0,0.0,0.0,0.0,0.0,362.0,0.0,0.0,0.0,0.0,1.0
2019-11-04T18:00:00.0,0.0,701.0,0.0,1116.0,19160.0,0.0,0.0,0.0,0.0,0.0,0.0,0.0,0.0,0.0,359.0,0.0,0.0,0.0,0.0,1.0
2019-11-04T19:00:00.0,0.0,688.0,0.0,1116.0,19089.0,0.0,0.0,0.0,0.0,0.0,0.0,0.0,0.0,0.0,363.0,0.0,0.0,0.0,0.0,1.0
2019-11-04T20:00:00.0,0.0,586.0,0.0,1114.0,17597.0,0.0,0.0,0.0,0.0,0.0,0.0,0.0,0.0,0.0,358.0,0.0,0.0,0.0,0.0,1.0
2019-11-04T21:00:00.0,0.0,568.0,0.0,1109.0,15542.0,0.0,0.0,0.0,0.0,0.0,0.0,0.0,0.0,0.0,361.0,0.0,0.0,0.0,0.0,1.0
2019-11-04T22:00:00.0,0.0,540.0,0.0,1096.0,14508.0,0.0,0.0,0.0,0.0,0.0,0.0,0.0,0.0,0.0,354.0,0.0,0.0,0.0,0.0,1.0
2019-11-04T23:00:00.0,0.0,488.0,0.0,1095.0,13002.0,0.0,0.0,0.0,0.0,0.0,0.0,0.0,0.0,0.0,356.0,0.0,0.0,0.0,0.0,1.0
2019-11-05T00:00:00.0,0.0,448.0,0.0,1082.0,13126.0,0.0,0.0,0.0,0.0,0.0,0.0,0.0,0.0,0.0,360.0,0.0,0.0,0.0,0.0,1.0
2019-11-05T01:00:00.0,0.0,391.0,0.0,1075.0,12807.0,0.0,0.0,0.0,0.0,0.0,0.0,0.0,0.0,0.0,361.0,0.0,0.0,0.0,0.0,1.0
2019-11-05T02:00:00.0,0.0,390.0,0.0,1072.0,12566.0,0.0,0.0,0.0,0.0,0.0,0.0,0.0,0.0,0.0,356.0,0.0,0.0,0.0,0.0,1.0
2019-11-05T03:00:00.0,0.0,323.0,0.0,1068.0,12627.0,0.0,0.0,0.0,0.0,0.0,0.0,0.0,0.0,0.0,357.0,0.0,0.0,0.0,0.0,1.0
2019-11-05T04:00:00.0,0.0,296.0,0.0,1069.0,13388.0,0.0,0.0,0.0,0.0,0.0,0.0,0.0,0.0,0.0,357.0,0.0,0.0,0.0,0.0,1.0
2019-11-05T05:00:00.0,0.0,267.0,0.0,1067.0,15073.0,0.0,0.0,0.0,0.0,0.0,0.0,0.0,0.0,0.0,361.0,0.0,0.0,0.0,0.0,1.0
2019-11-05T06:00:00.0,0.0,279.0,0.0,1065.0,17052.0,0.0,0.0,0.0,0.0,0.0,0.0,0.0,0.0,0.0,357.0,0.0,0.0,0.0,0.0,1.0
2019-11-05T07:00:00.0,0.0,266.0,0.0,1098.0,19567.0,0.0,0.0,0.0,0.0,0.0,0.0,0.0,0.0,0.0,355.0,0.0,0.0,0.0,0.0,1.0
2019-11-05T08:00:00.0,0.0,242.0,0.0,1115.0,20424.0,0.0,0.0,0.0,0.0,0.0,0.0,0.0,0.0,0.0,356.0,0.0,0.0,0.0,0.0,1.0
2019-11-05T09:00:00.0,0.0,229.0,0.0,1119.0,20431.0,0.0,0.0,0.0,0.0,0.0,0.0,0.0,0.0,0.0,356.0,0.0,0.0,0.0,0.0,0.0
2019-11-05T10:00:00.0,0.0,191.0,0.0,1126.0,20628.0,0.0,0.0,0.0,0.0,0.0,0.0,0.0,0.0,0.0,359.0,0.0,0.0,0.0,0.0,0.0
2019-11-05T11:00:00.0,0.0,164.0,0.0,1124.0,20573.0,0.0,0.0,0.0,0.0,0.0,0.0,0.0,0.0,0.0,355.0,0.0,0.0,0.0,0.0,0.0
2019-11-05T12:00:00.0,0.0,138.0,0.0,1124.0,20604.0,0.0,0.0,0.0,0.0,0.0,0.0,0.0,0.0,0.0,356.0,0.0,0.0,0.0,0.0,0.0
2019-11-05T13:00:00.0,0.0,105.0,0.0,1126.0,20702.0,0.0,0.0,0.0,0.0,0.0,0.0,0.0,0.0,0.0,357.0,0.0,0.0,0.0,0.0,0.0
2019-11-05T14:00:00.0,0.0,106.0,0.0,1127.0,20800.0,0.0,0.0,0.0,0.0,0.0,0.0,0.0,0.0,0.0,356.0,0.0,0.0,0.0,0.0,0.0
2019-11-05T15:00:00.0,0.0,142.0,0.0,1126.0,20840.0,0.0,0.0,0.0,0.0,0.0,0.0,0.0,0.0,0.0,359.0,0.0,0.0,0.0,0.0,0.0
2019-11-05T16:00:00.0,0.0,165.0,0.0,1128.0,20846.0,0.0,0.0,0.0,0.0,0.0,0.0,0.0,0.0,0.0,356.0,0.0,0.0,0.0,0.0,0.0
2019-11-05T17:00:00.0,0.0,180.0,0.0,1130.0,21632.0,0.0,0.0,0.0,0.0,0.0,0.0,0.0,0.0,0.0,376.0,0.0,0.0,0.0,0.0,0.0
2019-11-05T18:00:00.0,0.0,137.0,0.0,1131.0,22066.0,0.0,0.0,0.0,0.0,0.0,0.0,0.0,0.0,0.0,379.0,0.0,0.0,0.0,0.0,0.0
2019-11-05T19:00:00.0,0.0,116.0,0.0,1127.0,21948.0,0.0,0.0,0.0,0.0,0.0,0.0,0.0,0.0,0.0,358.0,0.0,0.0,0.0,0.0,0.0
2019-11-05T20:00:00.0,0.0,138.0,0.0,1127.0,21931.0,0.0,0.0,0.0,0.0,0.0,0.0,0.0,0.0,0.0,357.0,0.0,0.0,0.0,0.0,0.0
2019-11-05T21:00:00.0,0.0,185.0,0.0,1119.0,19604.0,0.0,0.0,0.0,0.0,0.0,0.0,0.0,0.0,0.0,357.0,0.0,0.0,0.0,0.0,0.0
2019-11-05T22:00:00.0,0.0,208.0,0.0,1116.0,16747.0,0.0,0.0,0.0,0.0,0.0,0.0,0.0,0.0,0.0,354.0,0.0,0.0,0.0,0.0,0.0
2019-11-05T23:00:00.0,0.0,203.0,0.0,1116.0,14540.0,0.0,0.0,0.0,0.0,0.0,0.0,0.0,0.0,0.0,357.0,0.0,0.0,0.0,0.0,0.0
2019-11-06T00:00:00.0,0.0,201.0,0.0,1059.0,14407.0,0.0,0.0,0.0,0.0,0.0,0.0,0.0,0.0,0.0,356.0,0.0,0.0,0.0,0.0,0.0
2019-11-06T01:00:00.0,0.0,209.0,0.0,1036.0,13994.0,0.0,0.0,0.0,0.0,0.0,0.0,0.0,0.0,0.0,358.0,0.0,0.0,0.0,0.0,0.0
2019-11-06T02:00:00.0,0.0,291.0,0.0,1026.0,13828.0,0.0,0.0,0.0,0.0,0.0,0.0,0.0,0.0,0.0,356.0,0.0,0.0,0.0,0.0,0.0
2019-11-06T03:00:00.0,0.0,267.0,0.0,1017.0,14151.0,0.0,0.0,0.0,0.0,0.0,0.0,0.0,0.0,0.0,358.0,0.0,0.0,0.0,0.0,0.0
2019-11-06T04:00:00.0,0.0,244.0,0.0,1012.0,14999.0,0.0,0.0,0.0,0.0,0.0,0.0,0.0,0.0,0.0,359.0,0.0,0.0,0.0,0.0,0.0
2019-11-06T05:00:00.0,0.0,263.0,0.0,1017.0,16194.0,0.0,0.0,0.0,0.0,0.0,0.0,0.0,0.0,0.0,357.0,0.0,0.0,0.0,0.0,0.0
2019-11-06T06:00:00.0,0.0,290.0,0.0,1023.0,20371.0,0.0,0.0,0.0,0.0,0.0,0.0,0.0,0.0,0.0,356.0,0.0,0.0,0.0,0.0,0.0
2019-11-06T07:00:00.0,0.0,298.0,0.0,1029.0,21299.0,0.0,0.0,0.0,0.0,0.0,0.0,0.0,0.0,0.0,360.0,0.0,0.0,0.0,0.0,0.0
2019-11-06T08:00:00.0,0.0,394.0,0.0,997.0,20932.0,0.0,0.0,0.0,0.0,0.0,0.0,0.0,0.0,0.0,356.0,0.0,0.0,0.0,0.0,0.0
2019-11-06T09:00:00.0,0.0,358.0,0.0,1004.0,21124.0,0.0,0.0,0.0,0.0,0.0,0.0,0.0,0.0,0.0,356.0,0.0,0.0,0.0,0.0,0.0
2019-11-06T10:00:00.0,0.0,319.0,0.0,996.0,21091.0,0.0,0.0,0.0,0.0,0.0,0.0,0.0,0.0,0.0,357.0,0.0,0.0,0.0,0.0,0.0
2019-11-06T11:00:00.0,0.0,325.0,0.0,1000.0,21208.0,0.0,0.0,0.0,0.0,0.0,0.0,0.0,0.0,0.0,357.0,0.0,0.0,0.0,0.0,1.0
2019-11-06T12:00:00.0,0.0,282.0,0.0,996.0,21122.0,0.0,0.0,0.0,0.0,0.0,0.0,0.0,0.0,0.0,358.0,0.0,0.0,0.0,0.0,1.0
2019-11-06T13:00:00.0,0.0,281.0,0.0,996.0,21158.0,0.0,0.0,0.0,0.0,0.0,0.0,0.0,0.0,0.0,357.0,0.0,0.0,0.0,0.0,1.0
2019-11-06T14:00:00.0,0.0,288.0,0.0,994.0,20763.0,0.0,0.0,0.0,0.0,0.0,0.0,0.0,0.0,0.0,361.0,0.0,0.0,0.0,0.0,1.0
2019-11-06T15:00:00.0,0.0,308.0,0.0,992.0,20533.0,0.0,0.0,0.0,0.0,0.0,0.0,0.0,0.0,0.0,353.0,0.0,0.0,0.0,0.0,1.0
2019-11-06T16:00:00.0,0.0,326.0,0.0,984.0,21076.0,0.0,0.0,0.0,0.0,0.0,0.0,0.0,0.0,0.0,347.0,0.0,0.0,0.0,0.0,1.0
2019-11-06T17:00:00.0,0.0,440.0,0.0,987.0,21525.0,0.0,0.0,0.0,0.0,0.0,0.0,0.0,0.0,0.0,354.0,0.0,0.0,0.0,0.0,1.0
2019-11-06T18:00:00.0,0.0,365.0,0.0,987.0,21867.0,0.0,0.0,0.0,0.0,0.0,0.0,0.0,0.0,0.0,358.0,0.0,0.0,0.0,0.0,1.0
2019-11-06T19:00:00.0,0.0,436.0,0.0,996.0,21664.0,0.0,0.0,0.0,0.0,0.0,0.0,0.0,0.0,0.0,357.0,0.0,0.0,0.0,0.0,1.0
2019-11-06T20:00:00.0,0.0,367.0,0.0,996.0,21431.0,0.0,0.0,0.0,0.0,0.0,0.0,0.0,0.0,0.0,353.0,0.0,0.0,0.0,0.0,1.0
2019-11-06T21:00:00.0,0.0,373.0,0.0,993.0,20910.0,0.0,0.0,0.0,0.0,0.0,0.0,0.0,0.0,0.0,356.0,0.0,0.0,0.0,0.0,1.0
2019-11-06T22:00:00.0,0.0,374.0,0.0,991.0,19117.0,0.0,0.0,0.0,0.0,0.0,0.0,0.0,0.0,0.0,357.0,0.0,0.0,0.0,0.0,1.0
2019-11-06T23:00:00.0,0.0,382.0,0.0,983.0,16326.0,0.0,0.0,0.0,0.0,0.0,0.0,0.0,0.0,0.0,355.0,0.0,0.0,0.0,0.0,1.0
2019-11-07T00:00:00.0,0.0,460.0,0.0,982.0,15478.0,0.0,0.0,0.0,0.0,0.0,0.0,0.0,0.0,0.0,357.0,0.0,0.0,0.0,0.0,1.0
2019-11-07T01:00:00.0,0.0,431.0,0.0,977.0,14649.0,0.0,0.0,0.0,0.0,0.0,0.0,0.0,0.0,0.0,359.0,0.0,0.0,0.0,0.0,1.0
2019-11-07T02:00:00.0,0.0,403.0,0.0,976.0,14396.0,0.0,0.0,0.0,0.0,0.0,0.0,0.0,0.0,0.0,357.0,0.0,0.0,0.0,0.0,1.0
2019-11-07T03:00:00.0,0.0,389.0,0.0,975.0,14729.0,0.0,0.0,0.0,0.0,0.0,0.0,0.0,0.0,0.0,360.0,0.0,0.0,0.0,0.0,1.0
2019-11-07T04:00:00.0,0.0,408.0,0.0,979.0,15854.0,0.0,0.0,0.0,0.0,0.0,0.0,0.0,0.0,0.0,358.0,0.0,0.0,0.0,0.0,1.0
2019-11-07T05:00:00.0,0.0,419.0,0.0,979.0,17437.0,0.0,0.0,0.0,0.0,0.0,0.0,0.0,0.0,0.0,361.0,0.0,0.0,0.0,0.0,1.0
2019-11-07T06:00:00.0,0.0,445.0,0.0,979.0,19924.0,0.0,0.0,0.0,0.0,0.0,0.0,0.0,0.0,0.0,357.0,0.0,0.0,0.0,0.0,1.0
2019-11-07T07:00:00.0,0.0,410.0,0.0,983.0,21217.0,0.0,0.0,0.0,0.0,0.0,0.0,0.0,0.0,0.0,355.0,0.0,0.0,0.0,0.0,1.0
2019-11-07T08:00:00.0,0.0,422.0,0.0,987.0,21127.0,0.0,0.0,0.0,0.0,0.0,0.0,0.0,0.0,0.0,348.0,0.0,0.0,0.0,0.0,1.0
2019-11-07T09:00:00.0,0.0,382.0,0.0,977.0,21236.0,0.0,0.0,0.0,0.0,0.0,0.0,0.0,0.0,0.0,349.0,0.0,0.0,0.0,0.0,1.0
2019-11-07T10:00:00.0,0.0,353.0,0.0,979.0,21188.0,0.0,0.0,0.0,0.0,0.0,0.0,0.0,0.0,0.0,354.0,0.0,0.0,0.0,0.0,1.0
2019-11-07T11:00:00.0,0.0,331.0,0.0,977.0,20965.0,0.0,0.0,0.0,0.0,0.0,0.0,0.0,0.0,0.0,361.0,0.0,0.0,0.0,0.0,1.0
2019-11-07T12:00:00.0,0.0,303.0,0.0,976.0,20742.0,0.0,0.0,0.0,0.0,0.0,0.0,0.0,0.0,0.0,346.0,0.0,0.0,0.0,0.0,1.0
2019-11-07T13:00:00.0,0.0,316.0,0.0,948.0,20795.0,0.0,0.0,0.0,0.0,0.0,0.0,0.0,0.0,0.0,351.0,0.0,0.0,0.0,0.0,1.0
2019-11-07T14:00:00.0,0.0,295.0,0.0,951.0,20678.0,0.0,0.0,0.0,0.0,0.0,0.0,0.0,0.0,0.0,352.0,0.0,0.0,0.0,0.0,1.0
2019-11-07T15:00:00.0,0.0,271.0,0.0,973.0,21045.0,0.0,0.0,0.0,0.0,0.0,0.0,0.0,0.0,0.0,353.0,0.0,0.0,0.0,0.0,1.0
2019-11-07T16:00:00.0,0.0,295.0,0.0,977.0,21262.0,0.0,0.0,0.0,0.0,0.0,0.0,0.0,0.0,0.0,335.0,0.0,0.0,0.0,0.0,1.0
2019-11-07T17:00:00.0,0.0,320.0,0.0,979.0,21561.0,0.0,0.0,0.0,0.0,0.0,0.0,0.0,0.0,0.0,335.0,0.0,0.0,0.0,0.0,1.0
2019-11-07T18:00:00.0,0.0,385.0,0.0,980.0,21558.0,0.0,0.0,0.0,0.0,0.0,0.0,0.0,0.0,0.0,334.0,0.0,0.0,0.0,0.0,1.0
2019-11-07T19:00:00.0,0.0,338.0,0.0,980.0,21069.0,0.0,0.0,0.0,0.0,0.0,0.0,0.0,0.0,0.0,351.0,0.0,0.0,0.0,0.0,1.0
2019-11-07T20:00:00.0,0.0,361.0,0.0,983.0,19688.0,0.0,0.0,0.0,0.0,0.0,0.0,0.0,0.0,0.0,356.0,0.0,0.0,0.0,0.0,1.0
2019-11-07T21:00:00.0,0.0,382.0,0.0,993.0,17731.0,0.0,0.0,0.0,0.0,0.0,0.0,0.0,0.0,0.0,358.0,0.0,0.0,0.0,0.0,1.0
2019-11-07T22:00:00.0,0.0,381.0,0.0,997.0,16439.0,0.0,0.0,0.0,0.0,0.0,0.0,0.0,0.0,0.0,354.0,0.0,0.0,0.0,0.0,1.0
2019-11-07T23:00:00.0,0.0,373.0,0.0,992.0,15332.0,0.0,0.0,0.0,0.0,0.0,0.0,0.0,0.0,0.0,359.0,0.0,0.0,0.0,0.0,1.0
2019-11-08T00:00:00.0,0.0,388.0,0.0,970.0,14273.0,0.0,0.0,0.0,0.0,0.0,0.0,0.0,0.0,0.0,357.0,0.0,0.0,0.0,0.0,1.0
2019-11-08T01:00:00.0,0.0,439.0,0.0,960.0,13535.0,0.0,0.0,0.0,0.0,0.0,0.0,0.0,0.0,0.0,359.0,0.0,0.0,0.0,0.0,0.0
2019-11-08T02:00:00.0,0.0,393.0,0.0,955.0,13003.0,0.0,0.0,0.0,0.0,0.0,0.0,0.0,0.0,0.0,359.0,0.0,0.0,0.0,0.0,0.0
2019-11-08T03:00:00.0,0.0,340.0,0.0,951.0,13026.0,0.0,0.0,0.0,0.0,0.0,0.0,0.0,0.0,0.0,359.0,0.0,0.0,0.0,0.0,0.0
2019-11-08T04:00:00.0,0.0,329.0,0.0,952.0,13929.0,0.0,0.0,0.0,0.0,0.0,0.0,0.0,0.0,0.0,358.0,0.0,0.0,0.0,0.0,0.0
2019-11-08T05:00:00.0,0.0,352.0,0.0,957.0,16020.0,0.0,0.0,0.0,0.0,0.0,0.0,0.0,0.0,0.0,360.0,0.0,0.0,0.0,0.0,0.0
2019-11-08T06:00:00.0,0.0,381.0,0.0,961.0,19835.0,0.0,0.0,0.0,0.0,0.0,0.0,0.0,0.0,0.0,357.0,0.0,0.0,0.0,0.0,0.0
2019-11-08T07:00:00.0,0.0,377.0,0.0,962.0,22112.0,0.0,0.0,0.0,0.0,0.0,0.0,0.0,0.0,0.0,359.0,0.0,0.0,0.0,0.0,0.0
2019-11-08T08:00:00.0,0.0,331.0,0.0,970.0,22487.0,0.0,0.0,0.0,0.0,0.0,0.0,0.0,0.0,0.0,353.0,0.0,0.0,0.0,0.0,0.0
2019-11-08T09:00:00.0,0.0,303.0,0.0,968.0,22241.0,0.0,0.0,0.0,0.0,0.0,0.0,0.0,0.0,0.0,361.0,0.0,0.0,0.0,0.0,0.0
2019-11-08T10:00:00.0,0.0,264.0,0.0,966.0,22422.0,0.0,0.0,0.0,0.0,0.0,0.0,0.0,0.0,0.0,357.0,0.0,0.0,0.0,0.0,0.0
2019-11-08T11:00:00.0,0.0,234.0,0.0,965.0,22658.0,0.0,0.0,0.0,0.0,0.0,0.0,0.0,0.0,0.0,361.0,0.0,0.0,0.0,0.0,0.0
2019-11-08T12:00:00.0,0.0,190.0,0.0,964.0,22254.0,0.0,0.0,0.0,0.0,0.0,0.0,0.0,0.0,0.0,361.0,0.0,0.0,0.0,0.0,0.0
2019-11-08T13:00:00.0,0.0,162.0,0.0,946.0,22322.0,0.0,0.0,0.0,0.0,0.0,0.0,0.0,0.0,0.0,360.0,0.0,0.0,0.0,0.0,0.0
2019-11-08T14:00:00.0,0.0,151.0,0.0,946.0,22380.0,0.0,0.0,0.0,0.0,0.0,0.0,0.0,0.0,0.0,366.0,0.0,0.0,0.0,0.0,0.0
2019-11-08T15:00:00.0,0.0,144.0,0.0,938.0,23020.0,0.0,0.0,0.0,0.0,0.0,0.0,0.0,0.0,0.0,361.0,0.0,0.0,0.0,0.0,0.0
2019-11-08T16:00:00.0,0.0,156.0,0.0,940.0,22911.0,0.0,0.0,0.0,0.0,0.0,0.0,0.0,0.0,0.0,363.0,0.0,0.0,0.0,0.0,0.0
2019-11-08T17:00:00.0,0.0,159.0,0.0,941.0,22985.0,0.0,0.0,0.0,0.0,0.0,0.0,0.0,0.0,0.0,379.0,0.0,0.0,0.0,0.0,0.0
2019-11-08T18:00:00.0,0.0,237.0,0.0,939.0,22508.0,0.0,0.0,0.0,0.0,0.0,0.0,0.0,0.0,0.0,397.0,0.0,0.0,0.0,0.0,0.0
2019-11-08T19:00:00.0,0.0,239.0,0.0,934.0,21758.0,0.0,0.0,0.0,0.0,0.0,0.0,0.0,0.0,0.0,365.0,0.0,0.0,0.0,0.0,0.0
2019-11-08T20:00:00.0,0.0,244.0,0.0,929.0,20813.0,0.0,0.0,0.0,0.0,0.0,0.0,0.0,0.0,0.0,361.0,0.0,0.0,0.0,0.0,0.0
2019-11-08T21:00:00.0,0.0,216.0,0.0,916.0,20098.0,0.0,0.0,0.0,0.0,0.0,0.0,0.0,0.0,0.0,363.0,0.0,0.0,0.0,0.0,0.0
2019-11-08T22:00:00.0,0.0,155.0,0.0,908.0,19094.0,0.0,0.0,0.0,0.0,0.0,0.0,0.0,0.0,0.0,365.0,0.0,0.0,0.0,0.0,0.0
2019-11-08T23:00:00.0,0.0,261.0,0.0,899.0,16616.0,0.0,0.0,0.0,0.0,0.0,0.0,0.0,0.0,0.0,365.0,0.0,0.0,0.0,0.0,0.0
2019-11-09T00:00:00.0,0.0,182.0,0.0,881.0,17068.0,0.0,0.0,0.0,0.0,0.0,0.0,0.0,0.0,0.0,359.0,0.0,0.0,0.0,0.0,0.0
2019-11-09T01:00:00.0,0.0,166.0,0.0,870.0,14907.0,0.0,0.0,0.0,0.0,0.0,0.0,0.0,0.0,0.0,364.0,0.0,0.0,0.0,0.0,0.0
2019-11-09T02:00:00.0,0.0,230.0,0.0,866.0,13709.0,0.0,0.0,0.0,0.0,0.0,0.0,0.0,0.0,0.0,357.0,0.0,0.0,0.0,0.0,0.0
2019-11-09T03:00:00.0,0.0,274.0,0.0,861.0,13048.0,0.0,0.0,0.0,0.0,0.0,0.0,0.0,0.0,0.0,363.0,0.0,0.0,0.0,0.0,0.0
2019-11-09T04:00:00.0,0.0,286.0,0.0,861.0,13134.0,0.0,0.0,0.0,0.0,0.0,0.0,0.0,0.0,0.0,360.0,0.0,0.0,0.0,0.0,0.0
2019-11-09T05:00:00.0,0.0,320.0,0.0,860.0,13456.0,0.0,0.0,0.0,0.0,0.0,0.0,0.0,0.0,0.0,358.0,0.0,0.0,0.0,0.0,0.0
2019-11-09T06:00:00.0,0.0,327.0,0.0,860.0,14961.0,0.0,0.0,0.0,0.0,0.0,0.0,0.0,0.0,0.0,359.0,0.0,0.0,0.0,0.0,0.0
2019-11-09T07:00:00.0,0.0,368.0,0.0,860.0,17097.0,0.0,0.0,0.0,0.0,0.0,0.0,0.0,0.0,0.0,359.0,0.0,0.0,0.0,0.0,0.0
2019-11-09T08:00:00.0,0.0,385.0,0.0,868.0,18138.0,0.0,0.0,0.0,0.0,0.0,0.0,0.0,0.0,0.0,359.0,0.0,0.0,0.0,0.0,0.0
2019-11-09T09:00:00.0,0.0,443.0,0.0,867.0,19843.0,0.0,0.0,0.0,0.0,0.0,0.0,0.0,0.0,0.0,355.0,0.0,0.0,0.0,0.0,0.0
2019-11-09T10:00:00.0,0.0,502.0,0.0,866.0,20086.0,0.0,0.0,0.0,0.0,0.0,0.0,0.0,0.0,0.0,359.0,0.0,0.0,0.0,0.0,0.0
2019-11-09T11:00:00.0,0.0,499.0,0.0,864.0,19367.0,0.0,0.0,0.0,0.0,0.0,0.0,0.0,0.0,0.0,349.0,0.0,0.0,0.0,0.0,0.0
2019-11-09T12:00:00.0,0.0,397.0,0.0,864.0,19140.0,0.0,0.0,0.0,0.0,0.0,0.0,0.0,0.0,0.0,353.0,0.0,0.0,0.0,0.0,0.0
2019-11-09T13:00:00.0,0.0,519.0,0.0,863.0,17701.0,0.0,0.0,0.0,0.0,0.0,0.0,0.0,0.0,0.0,355.0,0.0,0.0,0.0,0.0,0.0
2019-11-09T14:00:00.0,0.0,504.0,0.0,864.0,17711.0,0.0,0.0,0.0,0.0,0.0,0.0,0.0,0.0,0.0,352.0,0.0,0.0,0.0,0.0,0.0
2019-11-09T15:00:00.0,0.0,544.0,0.0,865.0,19189.0,0.0,0.0,0.0,0.0,0.0,0.0,0.0,0.0,0.0,352.0,0.0,0.0,0.0,0.0,0.0
2019-11-09T16:00:00.0,0.0,518.0,0.0,864.0,20400.0,0.0,0.0,0.0,0.0,0.0,0.0,0.0,0.0,0.0,353.0,0.0,0.0,0.0,0.0,0.0
2019-11-09T17:00:00.0,0.0,486.0,0.0,864.0,20972.0,0.0,0.0,0.0,0.0,0.0,0.0,0.0,0.0,0.0,356.0,0.0,0.0,0.0,0.0,0.0
2019-11-09T18:00:00.0,0.0,537.0,0.0,864.0,20802.0,0.0,0.0,0.0,0.0,0.0,0.0,0.0,0.0,0.0,352.0,0.0,0.0,0.0,0.0,0.0
2019-11-09T19:00:00.0,0.0,498.0,0.0,860.0,20308.0,0.0,0.0,0.0,0.0,0.0,0.0,0.0,0.0,0.0,358.0,0.0,0.0,0.0,0.0,0.0
2019-11-09T20:00:00.0,0.0,508.0,0.0,860.0,18976.0,0.0,0.0,0.0,0.0,0.0,0.0,0.0,0.0,0.0,365.0,0.0,0.0,0.0,0.0,0.0
2019-11-09T21:00:00.0,0.0,436.0,0.0,859.0,16547.0,0.0,0.0,0.0,0.0,0.0,0.0,0.0,0.0,0.0,361.0,0.0,0.0,0.0,0.0,0.0
2019-11-09T22:00:00.0,0.0,453.0,0.0,859.0,14678.0,0.0,0.0,0.0,0.0,0.0,0.0,0.0,0.0,0.0,366.0,0.0,0.0,0.0,0.0,0.0
2019-11-09T23:00:00.0,0.0,450.0,0.0,858.0,12890.0,0.0,0.0,0.0,0.0,0.0,0.0,0.0,0.0,0.0,366.0,0.0,0.0,0.0,0.0,0.0
2019-11-10T00:00:00.0,0.0,395.0,0.0,846.0,12341.0,0.0,0.0,0.0,0.0,0.0,0.0,0.0,0.0,0.0,341.0,0.0,0.0,0.0,0.0,0.0
2019-11-10T01:00:00.0,0.0,358.0,0.0,846.0,11728.0,0.0,0.0,0.0,0.0,0.0,0.0,0.0,0.0,0.0,350.0,0.0,0.0,0.0,0.0,0.0
2019-11-10T02:00:00.0,0.0,316.0,0.0,847.0,11454.0,0.0,0.0,0.0,0.0,0.0,0.0,0.0,0.0,0.0,355.0,0.0,0.0,0.0,0.0,0.0
2019-11-10T03:00:00.0,0.0,318.0,0.0,847.0,11372.0,0.0,0.0,0.0,0.0,0.0,0.0,0.0,0.0,0.0,361.0,0.0,0.0,0.0,0.0,0.0
2019-11-10T04:00:00.0,0.0,355.0,0.0,846.0,11547.0,0.0,0.0,0.0,0.0,0.0,0.0,0.0,0.0,0.0,358.0,0.0,0.0,0.0,0.0,0.0
2019-11-10T05:00:00.0,0.0,350.0,0.0,846.0,11702.0,0.0,0.0,0.0,0.0,0.0,0.0,0.0,0.0,0.0,358.0,0.0,0.0,0.0,0.0,0.0
2019-11-10T06:00:00.0,0.0,324.0,0.0,847.0,11820.0,0.0,0.0,0.0,0.0,0.0,0.0,0.0,0.0,0.0,358.0,0.0,0.0,0.0,0.0,0.0
2019-11-10T07:00:00.0,0.0,354.0,0.0,846.0,12710.0,0.0,0.0,0.0,0.0,0.0,0.0,0.0,0.0,0.0,349.0,0.0,0.0,0.0,0.0,0.0
2019-11-10T08:00:00.0,0.0,319.0,0.0,848.0,13934.0,0.0,0.0,0.0,0.0,0.0,0.0,0.0,0.0,0.0,357.0,0.0,0.0,0.0,0.0,0.0
2019-11-10T09:00:00.0,0.0,315.0,0.0,851.0,15006.0,0.0,0.0,0.0,0.0,0.0,0.0,0.0,0.0,0.0,347.0,0.0,0.0,0.0,0.0,0.0
2019-11-10T10:00:00.0,0.0,326.0,0.0,852.0,16088.0,0.0,0.0,0.0,0.0,0.0,0.0,0.0,0.0,0.0,349.0,0.0,0.0,0.0,0.0,0.0
2019-11-10T11:00:00.0,0.0,392.0,0.0,852.0,16511.0,0.0,0.0,0.0,0.0,0.0,0.0,0.0,0.0,0.0,338.0,0.0,0.0,0.0,0.0,0.0
2019-11-10T12:00:00.0,0.0,364.0,0.0,850.0,16874.0,0.0,0.0,0.0,0.0,0.0,0.0,0.0,0.0,0.0,346.0,0.0,0.0,0.0,0.0,0.0
2019-11-10T13:00:00.0,0.0,348.0,0.0,850.0,16651.0,0.0,0.0,0.0,0.0,0.0,0.0,0.0,0.0,0.0,350.0,0.0,0.0,0.0,0.0,0.0
2019-11-10T14:00:00.0,0.0,313.0,0.0,850.0,16705.0,0.0,0.0,0.0,0.0,0.0,0.0,0.0,0.0,0.0,351.0,0.0,0.0,0.0,0.0,0.0
2019-11-10T15:00:00.0,0.0,399.0,0.0,857.0,18389.0,0.0,0.0,0.0,0.0,0.0,0.0,0.0,0.0,0.0,346.0,0.0,0.0,0.0,0.0,0.0
2019-11-10T16:00:00.0,0.0,358.0,0.0,858.0,20534.0,0.0,0.0,0.0,0.0,0.0,0.0,0.0,0.0,0.0,354.0,0.0,0.0,0.0,0.0,0.0
2019-11-10T17:00:00.0,0.0,304.0,0.0,858.0,21301.0,0.0,0.0,0.0,0.0,0.0,0.0,0.0,0.0,0.0,362.0,0.0,0.0,0.0,0.0,0.0
2019-11-10T18:00:00.0,0.0,308.0,0.0,859.0,21254.0,0.0,0.0,0.0,0.0,0.0,0.0,0.0,0.0,0.0,363.0,0.0,0.0,0.0,0.0,0.0
2019-11-10T19:00:00.0,0.0,281.0,0.0,860.0,20903.0,0.0,0.0,0.0,0.0,0.0,0.0,0.0,0.0,0.0,360.0,0.0,0.0,0.0,0.0,0.0
2019-11-10T20:00:00.0,0.0,326.0,0.0,863.0,20720.0,0.0,0.0,0.0,0.0,0.0,0.0,0.0,0.0,0.0,363.0,0.0,0.0,0.0,0.0,0.0
2019-11-10T21:00:00.0,0.0,334.0,0.0,867.0,20196.0,0.0,0.0,0.0,0.0,0.0,0.0,0.0,0.0,0.0,360.0,0.0,0.0,0.0,0.0,0.0
2019-11-10T22:00:00.0,0.0,424.0,0.0,871.0,19268.0,0.0,0.0,0.0,0.0,0.0,0.0,0.0,0.0,0.0,358.0,0.0,0.0,0.0,0.0,0.0
2019-11-10T23:00:00.0,0.0,535.0,0.0,871.0,15961.0,0.0,0.0,0.0,0.0,0.0,0.0,0.0,0.0,0.0,353.0,0.0,0.0,0.0,0.0,0.0
2019-11-11T00:00:00.0,0.0,448.0,0.0,872.0,13422.0,0.0,0.0,0.0,0.0,0.0,0.0,0.0,0.0,0.0,352.0,0.0,0.0,0.0,0.0,0.0
2019-11-11T01:00:00.0,0.0,498.0,0.0,870.0,12660.0,0.0,0.0,0.0,0.0,0.0,0.0,0.0,0.0,0.0,353.0,0.0,0.0,0.0,0.0,0.0
2019-11-11T02:00:00.0,0.0,478.0,0.0,871.0,12398.0,0.0,0.0,0.0,0.0,0.0,0.0,0.0,0.0,0.0,355.0,0.0,0.0,0.0,0.0,0.0
2019-11-11T03:00:00.0,0.0,574.0,0.0,871.0,12549.0,0.0,0.0,0.0,0.0,0.0,0.0,0.0,0.0,0.0,355.0,0.0,0.0,0.0,0.0,0.0
2019-11-11T04:00:00.0,0.0,540.0,0.0,872.0,13255.0,0.0,0.0,0.0,0.0,0.0,0.0,0.0,0.0,0.0,356.0,0.0,0.0,0.0,0.0,0.0
2019-11-11T05:00:00.0,0.0,568.0,0.0,905.0,15301.0,0.0,0.0,0.0,0.0,0.0,0.0,0.0,0.0,0.0,355.0,0.0,0.0,0.0,0.0,0.0
2019-11-11T06:00:00.0,0.0,629.0,0.0,924.0,19021.0,0.0,0.0,0.0,0.0,0.0,0.0,0.0,0.0,0.0,354.0,0.0,0.0,0.0,0.0,0.0
2019-11-11T07:00:00.0,0.0,629.0,0.0,946.0,21140.0,0.0,0.0,0.0,0.0,0.0,0.0,0.0,0.0,0.0,356.0,0.0,0.0,0.0,0.0,0.0
2019-11-11T08:00:00.0,0.0,528.0,0.0,966.0,21501.0,0.0,0.0,0.0,0.0,0.0,0.0,0.0,0.0,0.0,355.0,0.0,0.0,0.0,0.0,0.0
2019-11-11T09:00:00.0,0.0,682.0,0.0,974.0,21589.0,0.0,0.0,0.0,0.0,0.0,0.0,0.0,0.0,0.0,349.0,0.0,0.0,0.0,0.0,0.0
2019-11-11T10:00:00.0,0.0,575.0,0.0,976.0,21182.0,0.0,0.0,0.0,0.0,0.0,0.0,0.0,0.0,0.0,346.0,0.0,0.0,0.0,0.0,0.0
2019-11-11T11:00:00.0,0.0,611.0,0.0,970.0,21275.0,0.0,0.0,0.0,0.0,0.0,0.0,0.0,0.0,0.0,347.0,0.0,0.0,0.0,0.0,0.0
2019-11-11T12:00:00.0,0.0,559.0,0.0,978.0,20907.0,0.0,0.0,0.0,0.0,0.0,0.0,0.0,0.0,0.0,348.0,0.0,0.0,0.0,0.0,0.0
2019-11-11T13:00:00.0,0.0,688.0,0.0,976.0,21330.0,0.0,0.0,0.0,0.0,0.0,0.0,0.0,0.0,0.0,342.0,0.0,0.0,0.0,0.0,0.0
2019-11-11T14:00:00.0,0.0,816.0,0.0,974.0,20797.0,0.0,0.0,0.0,0.0,0.0,0.0,0.0,0.0,0.0,345.0,0.0,0.0,0.0,0.0,0.0
2019-11-11T15:00:00.0,0.0,949.0,0.0,975.0,21341.0,0.0,0.0,0.0,0.0,0.0,0.0,0.0,0.0,0.0,349.0,0.0,0.0,0.0,0.0,0.0
2019-11-11T16:00:00.0,0.0,1121.0,0.0,974.0,21497.0,0.0,0.0,0.0,0.0,0.0,0.0,0.0,0.0,0.0,336.0,0.0,0.0,0.0,0.0,0.0
2019-11-11T17:00:00.0,0.0,1089.0,0.0,982.0,22146.0,0.0,0.0,0.0,0.0,0.0,0.0,0.0,0.0,0.0,348.0,0.0,0.0,0.0,0.0,0.0
2019-11-11T18:00:00.0,0.0,1047.0,0.0,983.0,20963.0,0.0,0.0,0.0,0.0,0.0,0.0,0.0,0.0,0.0,346.0,0.0,0.0,0.0,0.0,0.0
2019-11-11T19:00:00.0,0.0,1150.0,0.0,983.0,19265.0,0.0,0.0,0.0,0.0,0.0,0.0,0.0,0.0,0.0,340.0,0.0,0.0,0.0,0.0,0.0
2019-11-11T20:00:00.0,0.0,1103.0,0.0,983.0,17258.0,0.0,0.0,0.0,0.0,0.0,0.0,0.0,0.0,0.0,338.0,0.0,0.0,0.0,0.0,0.0
2019-11-11T21:00:00.0,0.0,1074.0,0.0,977.0,15771.0,0.0,0.0,0.0,0.0,0.0,0.0,0.0,0.0,0.0,338.0,0.0,0.0,0.0,0.0,0.0
2019-11-11T22:00:00.0,0.0,1049.0,0.0,973.0,14334.0,0.0,0.0,0.0,0.0,0.0,0.0,0.0,0.0,0.0,341.0,0.0,0.0,0.0,0.0,0.0
2019-11-11T23:00:00.0,0.0,985.0,0.0,971.0,12478.0,0.0,0.0,0.0,0.0,0.0,0.0,0.0,0.0,0.0,339.0,0.0,0.0,0.0,0.0,0.0
2019-11-12T00:00:00.0,0.0,1020.0,0.0,953.0,11360.0,0.0,0.0,0.0,0.0,0.0,0.0,0.0,0.0,0.0,338.0,0.0,0.0,0.0,0.0,0.0
2019-11-12T01:00:00.0,0.0,909.0,0.0,952.0,10862.0,0.0,0.0,0.0,0.0,0.0,0.0,0.0,0.0,0.0,344.0,0.0,0.0,0.0,0.0,0.0
2019-11-12T02:00:00.0,0.0,969.0,0.0,954.0,10736.0,0.0,0.0,0.0,0.0,0.0,0.0,0.0,0.0,0.0,343.0,0.0,0.0,0.0,0.0,0.0
2019-11-12T03:00:00.0,0.0,1001.0,0.0,954.0,10750.0,0.0,0.0,0.0,0.0,0.0,0.0,0.0,0.0,0.0,337.0,0.0,0.0,0.0,0.0,0.0
2019-11-12T04:00:00.0,0.0,972.0,0.0,954.0,11390.0,0.0,0.0,0.0,0.0,0.0,0.0,0.0,0.0,0.0,343.0,0.0,0.0,0.0,0.0,0.0
2019-11-12T05:00:00.0,0.0,982.0,0.0,954.0,13090.0,0.0,0.0,0.0,0.0,0.0,0.0,0.0,0.0,0.0,340.0,0.0,0.0,0.0,0.0,0.0
2019-11-12T06:00:00.0,0.0,913.0,0.0,959.0,15969.0,0.0,0.0,0.0,0.0,0.0,0.0,0.0,0.0,0.0,337.0,0.0,0.0,0.0,0.0,0.0
2019-11-12T07:00:00.0,0.0,860.0,0.0,964.0,19164.0,0.0,0.0,0.0,0.0,0.0,0.0,0.0,0.0,0.0,342.0,0.0,0.0,0.0,0.0,0.0
2019-11-12T08:00:00.0,0.0,882.0,0.0,965.0,19667.0,0.0,0.0,0.0,0.0,0.0,0.0,0.0,0.0,0.0,340.0,0.0,0.0,0.0,0.0,0.0
2019-11-12T09:00:00.0,0.0,961.0,0.0,963.0,19167.0,0.0,0.0,0.0,0.0,0.0,0.0,0.0,0.0,0.0,338.0,0.0,0.0,0.0,0.0,0.0
2019-11-12T10:00:00.0,0.0,974.0,0.0,964.0,18926.0,0.0,0.0,0.0,0.0,0.0,0.0,0.0,0.0,0.0,349.0,0.0,0.0,0.0,0.0,0.0
2019-11-12T11:00:00.0,0.0,978.0,0.0,953.0,18187.0,0.0,0.0,0.0,0.0,0.0,0.0,0.0,0.0,0.0,350.0,0.0,0.0,0.0,0.0,0.0
2019-11-12T12:00:00.0,0.0,1072.0,0.0,950.0,17649.0,0.0,0.0,0.0,0.0,0.0,0.0,0.0,0.0,0.0,347.0,0.0,0.0,0.0,0.0,1.0
2019-11-12T13:00:00.0,0.0,1152.0,0.0,953.0,18531.0,0.0,0.0,0.0,0.0,0.0,0.0,0.0,0.0,0.0,347.0,0.0,0.0,0.0,0.0,1.0
2019-11-12T14:00:00.0,0.0,998.0,0.0,956.0,19377.0,0.0,0.0,0.0,0.0,0.0,0.0,0.0,0.0,0.0,350.0,0.0,0.0,0.0,0.0,1.0
2019-11-12T15:00:00.0,0.0,1003.0,0.0,960.0,20474.0,0.0,0.0,0.0,0.0,0.0,0.0,0.0,0.0,0.0,345.0,0.0,0.0,0.0,0.0,1.0
2019-11-12T16:00:00.0,0.0,1030.0,0.0,960.0,21150.0,0.0,0.0,0.0,0.0,0.0,0.0,0.0,0.0,0.0,348.0,0.0,0.0,0.0,0.0,1.0
2019-11-12T17:00:00.0,0.0,1074.0,0.0,970.0,21493.0,0.0,0.0,0.0,0.0,0.0,0.0,0.0,0.0,0.0,346.0,0.0,0.0,0.0,0.0,1.0
2019-11-12T18:00:00.0,0.0,1047.0,0.0,971.0,20808.0,0.0,0.0,0.0,0.0,0.0,0.0,0.0,0.0,0.0,349.0,0.0,0.0,0.0,0.0,1.0
2019-11-12T19:00:00.0,0.0,1003.0,0.0,971.0,18576.0,0.0,0.0,0.0,0.0,0.0,0.0,0.0,0.0,0.0,345.0,0.0,0.0,0.0,0.0,1.0
2019-11-12T20:00:00.0,0.0,971.0,0.0,971.0,16563.0,0.0,0.0,0.0,0.0,0.0,0.0,0.0,0.0,0.0,349.0,0.0,0.0,0.0,0.0,1.0
2019-11-12T21:00:00.0,0.0,1036.0,0.0,965.0,14951.0,0.0,0.0,0.0,0.0,0.0,0.0,0.0,0.0,0.0,349.0,0.0,0.0,0.0,0.0,1.0
2019-11-12T22:00:00.0,0.0,940.0,0.0,965.0,13099.0,0.0,0.0,0.0,0.0,0.0,0.0,0.0,0.0,0.0,344.0,0.0,0.0,0.0,0.0,1.0
2019-11-12T23:00:00.0,0.0,1049.0,0.0,966.0,11366.0,0.0,0.0,0.0,0.0,0.0,0.0,0.0,0.0,0.0,346.0,0.0,0.0,0.0,0.0,1.0
2019-11-13T00:00:00.0,0.0,1078.0,0.0,957.0,9716.0,0.0,0.0,0.0,0.0,0.0,0.0,0.0,0.0,0.0,327.0,0.0,0.0,0.0,0.0,1.0
2019-11-13T01:00:00.0,0.0,956.0,0.0,950.0,9386.0,0.0,0.0,0.0,0.0,0.0,0.0,0.0,0.0,0.0,325.0,0.0,0.0,0.0,0.0,1.0
2019-11-13T02:00:00.0,0.0,817.0,0.0,949.0,9337.0,0.0,0.0,0.0,0.0,0.0,0.0,0.0,0.0,0.0,327.0,0.0,0.0,0.0,0.0,1.0
2019-11-13T03:00:00.0,0.0,917.0,0.0,946.0,9611.0,0.0,0.0,0.0,0.0,0.0,0.0,0.0,0.0,0.0,326.0,0.0,0.0,0.0,0.0,1.0
2019-11-13T04:00:00.0,0.0,881.0,0.0,947.0,10753.0,0.0,0.0,0.0,0.0,0.0,0.0,0.0,0.0,0.0,326.0,0.0,0.0,0.0,0.0,1.0
2019-11-13T05:00:00.0,0.0,864.0,0.0,948.0,13146.0,0.0,0.0,0.0,0.0,0.0,0.0,0.0,0.0,0.0,325.0,0.0,0.0,0.0,0.0,1.0
2019-11-13T06:00:00.0,0.0,964.0,0.0,951.0,16280.0,0.0,0.0,0.0,0.0,0.0,0.0,0.0,0.0,0.0,317.0,0.0,0.0,0.0,0.0,1.0
2019-11-13T07:00:00.0,0.0,836.0,0.0,952.0,20166.0,0.0,0.0,0.0,0.0,0.0,0.0,0.0,0.0,0.0,323.0,0.0,0.0,0.0,0.0,1.0
2019-11-13T08:00:00.0,0.0,816.0,0.0,970.0,19961.0,0.0,0.0,0.0,0.0,0.0,0.0,0.0,0.0,0.0,321.0,0.0,0.0,0.0,0.0,1.0
2019-11-13T09:00:00.0,0.0,797.0,0.0,969.0,19711.0,0.0,0.0,0.0,0.0,0.0,0.0,0.0,0.0,0.0,325.0,0.0,0.0,0.0,0.0,1.0
2019-11-13T10:00:00.0,0.0,762.0,0.0,972.0,20002.0,0.0,0.0,0.0,0.0,0.0,0.0,0.0,0.0,0.0,323.0,0.0,0.0,0.0,0.0,1.0
2019-11-13T11:00:00.0,0.0,777.0,0.0,971.0,19881.0,0.0,0.0,0.0,0.0,0.0,0.0,0.0,0.0,0.0,327.0,0.0,0.0,0.0,0.0,1.0
2019-11-13T12:00:00.0,0.0,739.0,0.0,974.0,20324.0,0.0,0.0,0.0,0.0,0.0,0.0,0.0,0.0,0.0,326.0,0.0,0.0,0.0,0.0,1.0
2019-11-13T13:00:00.0,0.0,693.0,0.0,968.0,20184.0,0.0,0.0,0.0,0.0,0.0,0.0,0.0,0.0,0.0,326.0,0.0,0.0,0.0,0.0,1.0
2019-11-13T14:00:00.0,0.0,677.0,0.0,968.0,20511.0,0.0,0.0,0.0,0.0,0.0,0.0,0.0,0.0,0.0,327.0,0.0,0.0,0.0,0.0,1.0
2019-11-13T15:00:00.0,0.0,692.0,0.0,970.0,20788.0,0.0,0.0,0.0,0.0,0.0,0.0,0.0,0.0,0.0,326.0,0.0,0.0,0.0,0.0,1.0
2019-11-13T16:00:00.0,0.0,698.0,0.0,967.0,20956.0,0.0,0.0,0.0,0.0,0.0,0.0,0.0,0.0,0.0,322.0,0.0,0.0,0.0,0.0,1.0
2019-11-13T17:00:00.0,0.0,759.0,0.0,968.0,20927.0,0.0,0.0,0.0,0.0,0.0,0.0,0.0,0.0,0.0,324.0,0.0,0.0,0.0,0.0,1.0
2019-11-13T18:00:00.0,0.0,716.0,0.0,969.0,20944.0,0.0,0.0,0.0,0.0,0.0,0.0,0.0,0.0,0.0,324.0,0.0,0.0,0.0,0.0,1.0
2019-11-13T19:00:00.0,0.0,646.0,0.0,968.0,20432.0,0.0,0.0,0.0,0.0,0.0,0.0,0.0,0.0,0.0,325.0,0.0,0.0,0.0,0.0,1.0
2019-11-13T20:00:00.0,0.0,606.0,0.0,960.0,19574.0,0.0,0.0,0.0,0.0,0.0,0.0,0.0,0.0,0.0,327.0,0.0,0.0,0.0,0.0,1.0
2019-11-13T21:00:00.0,0.0,567.0,0.0,958.0,18286.0,0.0,0.0,0.0,0.0,0.0,0.0,0.0,0.0,0.0,328.0,0.0,0.0,0.0,0.0,1.0
2019-11-13T22:00:00.0,0.0,583.0,0.0,953.0,15974.0,0.0,0.0,0.0,0.0,0.0,0.0,0.0,0.0,0.0,329.0,0.0,0.0,0.0,0.0,1.0
2019-11-13T23:00:00.0,0.0,542.0,0.0,951.0,13532.0,0.0,0.0,0.0,0.0,0.0,0.0,0.0,0.0,0.0,328.0,0.0,0.0,0.0,0.0,1.0
2019-11-14T00:00:00.0,0.0,582.0,0.0,939.0,12254.0,0.0,0.0,0.0,0.0,0.0,0.0,0.0,0.0,0.0,323.0,0.0,0.0,0.0,0.0,1.0
2019-11-14T01:00:00.0,0.0,549.0,0.0,925.0,11515.0,0.0,0.0,0.0,0.0,0.0,0.0,0.0,0.0,0.0,325.0,0.0,0.0,0.0,0.0,1.0
2019-11-14T02:00:00.0,0.0,513.0,0.0,919.0,11122.0,0.0,0.0,0.0,0.0,0.0,0.0,0.0,0.0,0.0,325.0,0.0,0.0,0.0,0.0,1.0
2019-11-14T03:00:00.0,0.0,490.0,0.0,913.0,11317.0,0.0,0.0,0.0,0.0,0.0,0.0,0.0,0.0,0.0,322.0,0.0,0.0,0.0,0.0,1.0
2019-11-14T04:00:00.0,0.0,459.0,0.0,910.0,12056.0,0.0,0.0,0.0,0.0,0.0,0.0,0.0,0.0,0.0,320.0,0.0,0.0,0.0,0.0,1.0
2019-11-14T05:00:00.0,0.0,469.0,0.0,900.0,14326.0,0.0,0.0,0.0,0.0,0.0,0.0,0.0,0.0,0.0,325.0,0.0,0.0,0.0,0.0,1.0
2019-11-14T06:00:00.0,0.0,466.0,0.0,901.0,18239.0,0.0,0.0,0.0,0.0,0.0,0.0,0.0,0.0,0.0,323.0,0.0,0.0,0.0,0.0,1.0
2019-11-14T07:00:00.0,0.0,447.0,0.0,913.0,20750.0,0.0,0.0,0.0,0.0,0.0,0.0,0.0,0.0,0.0,327.0,0.0,0.0,0.0,0.0,1.0
2019-11-14T08:00:00.0,0.0,376.0,0.0,928.0,20976.0,0.0,0.0,0.0,0.0,0.0,0.0,0.0,0.0,0.0,323.0,0.0,0.0,0.0,0.0,1.0
2019-11-14T09:00:00.0,0.0,336.0,0.0,935.0,20338.0,0.0,0.0,0.0,0.0,0.0,0.0,0.0,0.0,0.0,317.0,0.0,0.0,0.0,0.0,1.0
2019-11-14T10:00:00.0,0.0,325.0,0.0,937.0,20024.0,0.0,0.0,0.0,0.0,0.0,0.0,0.0,0.0,0.0,326.0,0.0,0.0,0.0,0.0,1.0
2019-11-14T11:00:00.0,0.0,297.0,0.0,936.0,20737.0,0.0,0.0,0.0,0.0,0.0,0.0,0.0,0.0,0.0,326.0,0.0,0.0,0.0,0.0,1.0
2019-11-14T12:00:00.0,0.0,233.0,0.0,941.0,20431.0,0.0,0.0,0.0,0.0,0.0,0.0,0.0,0.0,0.0,325.0,0.0,0.0,0.0,0.0,1.0
2019-11-14T13:00:00.0,0.0,202.0,0.0,939.0,20576.0,0.0,0.0,0.0,0.0,0.0,0.0,0.0,0.0,0.0,326.0,0.0,0.0,0.0,0.0,1.0
2019-11-14T14:00:00.0,0.0,191.0,0.0,936.0,21090.0,0.0,0.0,0.0,0.0,0.0,0.0,0.0,0.0,0.0,326.0,0.0,0.0,0.0,0.0,1.0
2019-11-14T15:00:00.0,0.0,211.0,0.0,936.0,21291.0,0.0,0.0,0.0,0.0,0.0,0.0,0.0,0.0,0.0,322.0,0.0,0.0,0.0,0.0,1.0
2019-11-14T16:00:00.0,0.0,210.0,0.0,936.0,21526.0,0.0,0.0,0.0,0.0,0.0,0.0,0.0,0.0,0.0,326.0,0.0,0.0,0.0,0.0,1.0
2019-11-14T17:00:00.0,0.0,202.0,0.0,937.0,21312.0,0.0,0.0,0.0,0.0,0.0,0.0,0.0,0.0,0.0,318.0,0.0,0.0,0.0,0.0,1.0
2019-11-14T18:00:00.0,0.0,188.0,0.0,955.0,20044.0,0.0,0.0,0.0,0.0,0.0,0.0,0.0,0.0,0.0,327.0,0.0,0.0,0.0,0.0,1.0
2019-11-14T19:00:00.0,0.0,215.0,0.0,954.0,19265.0,0.0,0.0,0.0,0.0,0.0,0.0,0.0,0.0,0.0,327.0,0.0,0.0,0.0,0.0,1.0
2019-11-14T20:00:00.0,0.0,272.0,0.0,948.0,17986.0,0.0,0.0,0.0,0.0,0.0,0.0,0.0,0.0,0.0,325.0,0.0,0.0,0.0,0.0,1.0
2019-11-14T21:00:00.0,0.0,263.0,0.0,947.0,16946.0,0.0,0.0,0.0,0.0,0.0,0.0,0.0,0.0,0.0,327.0,0.0,0.0,0.0,0.0,1.0
2019-11-14T22:00:00.0,0.0,346.0,0.0,945.0,15004.0,0.0,0.0,0.0,0.0,0.0,0.0,0.0,0.0,0.0,313.0,0.0,0.0,0.0,0.0,1.0
2019-11-14T23:00:00.0,0.0,404.0,0.0,941.0,13497.0,0.0,0.0,0.0,0.0,0.0,0.0,0.0,0.0,0.0,312.0,0.0,0.0,0.0,0.0,1.0
2019-11-15T00:00:00.0,0.0,479.0,0.0,947.0,11767.0,0.0,0.0,0.0,0.0,0.0,0.0,0.0,0.0,0.0,345.0,0.0,0.0,0.0,0.0,1.0
2019-11-15T01:00:00.0,0.0,647.0,0.0,946.0,10695.0,0.0,0.0,0.0,0.0,0.0,0.0,0.0,0.0,0.0,355.0,0.0,0.0,0.0,0.0,1.0
2019-11-15T02:00:00.0,0.0,703.0,0.0,946.0,10190.0,0.0,0.0,0.0,0.0,0.0,0.0,0.0,0.0,0.0,360.0,0.0,0.0,0.0,0.0,1.0
2019-11-15T03:00:00.0,0.0,667.0,0.0,945.0,9987.0,0.0,0.0,0.0,0.0,0.0,0.0,0.0,0.0,0.0,360.0,0.0,0.0,0.0,0.0,1.0
2019-11-15T04:00:00.0,0.0,721.0,0.0,945.0,10355.0,0.0,0.0,0.0,0.0,0.0,0.0,0.0,0.0,0.0,358.0,0.0,0.0,0.0,0.0,1.0
2019-11-15T05:00:00.0,0.0,652.0,0.0,946.0,12030.0,0.0,0.0,0.0,0.0,0.0,0.0,0.0,0.0,0.0,351.0,0.0,0.0,0.0,0.0,1.0
2019-11-15T06:00:00.0,0.0,720.0,0.0,950.0,14768.0,0.0,0.0,0.0,0.0,0.0,0.0,0.0,0.0,0.0,358.0,0.0,0.0,0.0,0.0,1.0
2019-11-15T07:00:00.0,0.0,678.0,0.0,969.0,16867.0,0.0,0.0,0.0,0.0,0.0,0.0,0.0,0.0,0.0,355.0,0.0,0.0,0.0,0.0,1.0
2019-11-15T08:00:00.0,0.0,585.0,0.0,985.0,17671.0,0.0,0.0,0.0,0.0,0.0,0.0,0.0,0.0,0.0,356.0,0.0,0.0,0.0,0.0,1.0
2019-11-15T09:00:00.0,0.0,712.0,0.0,987.0,17265.0,0.0,0.0,0.0,0.0,0.0,0.0,0.0,0.0,0.0,358.0,0.0,0.0,0.0,0.0,1.0
2019-11-15T10:00:00.0,0.0,699.0,0.0,991.0,17410.0,0.0,0.0,0.0,0.0,0.0,0.0,0.0,0.0,0.0,357.0,0.0,0.0,0.0,0.0,1.0
2019-11-15T11:00:00.0,0.0,699.0,0.0,988.0,17172.0,0.0,0.0,0.0,0.0,0.0,0.0,0.0,0.0,0.0,352.0,0.0,0.0,0.0,0.0,1.0
2019-11-15T12:00:00.0,0.0,810.0,0.0,988.0,17308.0,0.0,0.0,0.0,0.0,0.0,0.0,0.0,0.0,0.0,347.0,0.0,0.0,0.0,0.0,1.0
2019-11-15T13:00:00.0,0.0,803.0,0.0,977.0,17159.0,0.0,0.0,0.0,0.0,0.0,0.0,0.0,0.0,0.0,347.0,0.0,0.0,0.0,0.0,1.0
2019-11-15T14:00:00.0,0.0,691.0,0.0,975.0,17429.0,0.0,0.0,0.0,0.0,0.0,0.0,0.0,0.0,0.0,350.0,0.0,0.0,0.0,0.0,1.0
2019-11-15T15:00:00.0,0.0,685.0,0.0,975.0,18785.0,0.0,0.0,0.0,0.0,0.0,0.0,0.0,0.0,0.0,345.0,0.0,0.0,0.0,0.0,1.0
2019-11-15T16:00:00.0,0.0,593.0,0.0,976.0,19473.0,0.0,0.0,0.0,0.0,0.0,0.0,0.0,0.0,0.0,346.0,0.0,0.0,0.0,0.0,1.0
2019-11-15T17:00:00.0,0.0,584.0,0.0,980.0,20107.0,0.0,0.0,0.0,0.0,0.0,0.0,0.0,0.0,0.0,352.0,0.0,0.0,0.0,0.0,1.0
2019-11-15T18:00:00.0,0.0,565.0,0.0,979.0,19700.0,0.0,0.0,0.0,0.0,0.0,0.0,0.0,0.0,0.0,350.0,0.0,0.0,0.0,0.0,1.0
2019-11-15T19:00:00.0,0.0,562.0,0.0,978.0,18402.0,0.0,0.0,0.0,0.0,0.0,0.0,0.0,0.0,0.0,355.0,0.0,0.0,0.0,0.0,1.0
2019-11-15T20:00:00.0,0.0,535.0,0.0,977.0,16566.0,0.0,0.0,0.0,0.0,0.0,0.0,0.0,0.0,0.0,357.0,0.0,0.0,0.0,0.0,1.0
2019-11-15T21:00:00.0,0.0,494.0,0.0,976.0,15755.0,0.0,0.0,0.0,0.0,0.0,0.0,0.0,0.0,0.0,356.0,0.0,0.0,0.0,0.0,1.0
2019-11-15T22:00:00.0,0.0,508.0,0.0,970.0,14259.0,0.0,0.0,0.0,0.0,0.0,0.0,0.0,0.0,0.0,357.0,0.0,0.0,0.0,0.0,1.0
2019-11-15T23:00:00.0,0.0,536.0,0.0,967.0,12646.0,0.0,0.0,0.0,0.0,0.0,0.0,0.0,0.0,0.0,358.0,0.0,0.0,0.0,0.0,1.0
2019-11-16T00:00:00.0,0.0,559.0,0.0,929.0,11796.0,0.0,0.0,0.0,0.0,0.0,0.0,0.0,0.0,0.0,355.0,0.0,0.0,0.0,0.0,1.0
2019-11-16T01:00:00.0,0.0,514.0,0.0,910.0,11471.0,0.0,0.0,0.0,0.0,0.0,0.0,0.0,0.0,0.0,353.0,0.0,0.0,0.0,0.0,1.0
2019-11-16T02:00:00.0,0.0,551.0,0.0,902.0,11013.0,0.0,0.0,0.0,0.0,0.0,0.0,0.0,0.0,0.0,355.0,0.0,0.0,0.0,0.0,1.0
2019-11-16T03:00:00.0,0.0,575.0,0.0,893.0,11404.0,0.0,0.0,0.0,0.0,0.0,0.0,0.0,0.0,0.0,355.0,0.0,0.0,0.0,0.0,1.0
2019-11-16T04:00:00.0,0.0,580.0,0.0,894.0,11372.0,0.0,0.0,0.0,0.0,0.0,0.0,0.0,0.0,0.0,356.0,0.0,0.0,0.0,0.0,1.0
2019-11-16T05:00:00.0,0.0,630.0,0.0,895.0,11428.0,0.0,0.0,0.0,0.0,0.0,0.0,0.0,0.0,0.0,355.0,0.0,0.0,0.0,0.0,1.0
2019-11-16T06:00:00.0,0.0,649.0,0.0,895.0,11500.0,0.0,0.0,0.0,0.0,0.0,0.0,0.0,0.0,0.0,355.0,0.0,0.0,0.0,0.0,1.0
2019-11-16T07:00:00.0,0.0,677.0,0.0,898.0,13354.0,0.0,0.0,0.0,0.0,0.0,0.0,0.0,0.0,0.0,357.0,0.0,0.0,0.0,0.0,1.0
2019-11-16T08:00:00.0,0.0,728.0,0.0,900.0,15667.0,0.0,0.0,0.0,0.0,0.0,0.0,0.0,0.0,0.0,352.0,0.0,0.0,0.0,0.0,1.0
2019-11-16T09:00:00.0,0.0,700.0,0.0,889.0,17147.0,0.0,0.0,0.0,0.0,0.0,0.0,0.0,0.0,0.0,345.0,0.0,0.0,0.0,0.0,1.0
2019-11-16T10:00:00.0,0.0,664.0,0.0,887.0,16500.0,0.0,0.0,0.0,0.0,0.0,0.0,0.0,0.0,0.0,351.0,0.0,0.0,0.0,0.0,1.0
2019-11-16T11:00:00.0,0.0,801.0,0.0,894.0,15482.0,0.0,0.0,0.0,0.0,0.0,0.0,0.0,0.0,0.0,350.0,0.0,0.0,0.0,0.0,1.0
2019-11-16T12:00:00.0,0.0,773.0,0.0,892.0,13800.0,0.0,0.0,0.0,0.0,0.0,0.0,0.0,0.0,0.0,346.0,0.0,0.0,0.0,0.0,1.0
2019-11-16T13:00:00.0,0.0,784.0,0.0,890.0,13966.0,0.0,0.0,0.0,0.0,0.0,0.0,0.0,0.0,0.0,329.0,0.0,0.0,0.0,0.0,1.0
2019-11-16T14:00:00.0,0.0,768.0,0.0,889.0,13922.0,0.0,0.0,0.0,0.0,0.0,0.0,0.0,0.0,0.0,323.0,0.0,0.0,0.0,0.0,1.0
2019-11-16T15:00:00.0,0.0,726.0,0.0,888.0,14287.0,0.0,0.0,0.0,0.0,0.0,0.0,0.0,0.0,0.0,321.0,0.0,0.0,0.0,0.0,1.0
2019-11-16T16:00:00.0,0.0,723.0,0.0,890.0,15394.0,0.0,0.0,0.0,0.0,0.0,0.0,0.0,0.0,0.0,320.0,0.0,0.0,0.0,0.0,1.0
2019-11-16T17:00:00.0,0.0,645.0,0.0,889.0,16531.0,0.0,0.0,0.0,0.0,0.0,0.0,0.0,0.0,0.0,319.0,0.0,0.0,0.0,0.0,1.0
2019-11-16T18:00:00.0,0.0,672.0,0.0,889.0,15564.0,0.0,0.0,0.0,0.0,0.0,0.0,0.0,0.0,0.0,332.0,0.0,0.0,0.0,0.0,1.0
2019-11-16T19:00:00.0,0.0,720.0,0.0,887.0,13831.0,0.0,0.0,0.0,0.0,0.0,0.0,0.0,0.0,0.0,336.0,0.0,0.0,0.0,0.0,1.0
2019-11-16T20:00:00.0,0.0,672.0,0.0,889.0,12561.0,0.0,0.0,0.0,0.0,0.0,0.0,0.0,0.0,0.0,333.0,0.0,0.0,0.0,0.0,1.0
2019-11-16T21:00:00.0,0.0,736.0,0.0,885.0,12162.0,0.0,0.0,0.0,0.0,0.0,0.0,0.0,0.0,0.0,332.0,0.0,0.0,0.0,0.0,1.0
2019-11-16T22:00:00.0,0.0,731.0,0.0,886.0,11550.0,0.0,0.0,0.0,0.0,0.0,0.0,0.0,0.0,0.0,335.0,0.0,0.0,0.0,0.0,1.0
2019-11-16T23:00:00.0,0.0,747.0,0.0,886.0,10887.0,0.0,0.0,0.0,0.0,0.0,0.0,0.0,0.0,0.0,345.0,0.0,0.0,0.0,0.0,1.0
2019-11-17T00:00:00.0,0.0,751.0,0.0,881.0,10775.0,0.0,0.0,0.0,0.0,0.0,0.0,0.0,0.0,0.0,352.0,0.0,0.0,0.0,0.0,1.0
2019-11-17T01:00:00.0,0.0,772.0,0.0,881.0,10470.0,0.0,0.0,0.0,0.0,0.0,0.0,0.0,0.0,0.0,350.0,0.0,0.0,0.0,0.0,1.0
2019-11-17T02:00:00.0,0.0,797.0,0.0,881.0,10229.0,0.0,0.0,0.0,0.0,0.0,0.0,0.0,0.0,0.0,352.0,0.0,0.0,0.0,0.0,1.0
2019-11-17T03:00:00.0,0.0,763.0,0.0,880.0,10121.0,0.0,0.0,0.0,0.0,0.0,0.0,0.0,0.0,0.0,352.0,0.0,0.0,0.0,0.0,1.0
2019-11-17T04:00:00.0,0.0,711.0,0.0,880.0,10266.0,0.0,0.0,0.0,0.0,0.0,0.0,0.0,0.0,0.0,350.0,0.0,0.0,0.0,0.0,1.0
2019-11-17T05:00:00.0,0.0,758.0,0.0,881.0,10592.0,0.0,0.0,0.0,0.0,0.0,0.0,0.0,0.0,0.0,353.0,0.0,0.0,0.0,0.0,1.0
2019-11-17T06:00:00.0,0.0,741.0,0.0,880.0,10696.0,0.0,0.0,0.0,0.0,0.0,0.0,0.0,0.0,0.0,357.0,0.0,0.0,0.0,0.0,1.0
2019-11-17T07:00:00.0,0.0,699.0,0.0,885.0,11477.0,0.0,0.0,0.0,0.0,0.0,0.0,0.0,0.0,0.0,356.0,0.0,0.0,0.0,0.0,1.0
2019-11-17T08:00:00.0,0.0,605.0,0.0,886.0,12396.0,0.0,0.0,0.0,0.0,0.0,0.0,0.0,0.0,0.0,347.0,0.0,0.0,0.0,0.0,1.0
2019-11-17T09:00:00.0,0.0,632.0,0.0,886.0,12744.0,0.0,0.0,0.0,0.0,0.0,0.0,0.0,0.0,0.0,348.0,0.0,0.0,0.0,0.0,1.0
2019-11-17T10:00:00.0,0.0,654.0,0.0,886.0,13458.0,0.0,0.0,0.0,0.0,0.0,0.0,0.0,0.0,0.0,348.0,0.0,0.0,0.0,0.0,1.0
2019-11-17T11:00:00.0,0.0,479.0,0.0,886.0,14642.0,0.0,0.0,0.0,0.0,0.0,0.0,0.0,0.0,0.0,351.0,0.0,0.0,0.0,0.0,1.0
2019-11-17T12:00:00.0,0.0,353.0,0.0,886.0,13514.0,0.0,0.0,0.0,0.0,0.0,0.0,0.0,0.0,0.0,346.0,0.0,0.0,0.0,0.0,1.0
2019-11-17T13:00:00.0,0.0,370.0,0.0,886.0,13521.0,0.0,0.0,0.0,0.0,0.0,0.0,0.0,0.0,0.0,348.0,0.0,0.0,0.0,0.0,0.0
2019-11-17T14:00:00.0,0.0,321.0,0.0,886.0,13630.0,0.0,0.0,0.0,0.0,0.0,0.0,0.0,0.0,0.0,346.0,0.0,0.0,0.0,0.0,0.0
2019-11-17T15:00:00.0,0.0,331.0,0.0,887.0,15056.0,0.0,0.0,0.0,0.0,0.0,0.0,0.0,0.0,0.0,347.0,0.0,0.0,0.0,0.0,0.0
2019-11-17T16:00:00.0,0.0,473.0,0.0,885.0,17155.0,0.0,0.0,0.0,0.0,0.0,0.0,0.0,0.0,0.0,345.0,0.0,0.0,0.0,0.0,0.0
2019-11-17T17:00:00.0,0.0,386.0,0.0,885.0,19011.0,0.0,0.0,0.0,0.0,0.0,0.0,0.0,0.0,0.0,343.0,0.0,0.0,0.0,0.0,0.0
2019-11-17T18:00:00.0,0.0,288.0,0.0,887.0,18589.0,0.0,0.0,0.0,0.0,0.0,0.0,0.0,0.0,0.0,346.0,0.0,0.0,0.0,0.0,0.0
2019-11-17T19:00:00.0,0.0,297.0,0.0,887.0,16913.0,0.0,0.0,0.0,0.0,0.0,0.0,0.0,0.0,0.0,349.0,0.0,0.0,0.0,0.0,0.0
2019-11-17T20:00:00.0,0.0,378.0,0.0,887.0,14872.0,0.0,0.0,0.0,0.0,0.0,0.0,0.0,0.0,0.0,350.0,0.0,0.0,0.0,0.0,0.0
2019-11-17T21:00:00.0,0.0,304.0,0.0,887.0,13847.0,0.0,0.0,0.0,0.0,0.0,0.0,0.0,0.0,0.0,343.0,0.0,0.0,0.0,0.0,0.0
2019-11-17T22:00:00.0,0.0,286.0,0.0,883.0,13084.0,0.0,0.0,0.0,0.0,0.0,0.0,0.0,0.0,0.0,346.0,0.0,0.0,0.0,0.0,0.0
2019-11-17T23:00:00.0,0.0,292.0,0.0,884.0,12275.0,0.0,0.0,0.0,0.0,0.0,0.0,0.0,0.0,0.0,350.0,0.0,0.0,0.0,0.0,0.0
2019-11-18T00:00:00.0,0.0,259.0,0.0,884.0,11310.0,0.0,0.0,0.0,0.0,0.0,0.0,0.0,0.0,0.0,352.0,0.0,0.0,0.0,0.0,0.0
2019-11-18T01:00:00.0,0.0,241.0,0.0,884.0,10796.0,0.0,0.0,0.0,0.0,0.0,0.0,0.0,0.0,0.0,351.0,0.0,0.0,0.0,0.0,0.0
2019-11-18T02:00:00.0,0.0,264.0,0.0,885.0,10762.0,0.0,0.0,0.0,0.0,0.0,0.0,0.0,0.0,0.0,352.0,0.0,0.0,0.0,0.0,0.0
2019-11-18T03:00:00.0,0.0,308.0,0.0,885.0,10491.0,0.0,0.0,0.0,0.0,0.0,0.0,0.0,0.0,0.0,353.0,0.0,0.0,0.0,0.0,0.0
2019-11-18T04:00:00.0,0.0,342.0,0.0,885.0,10964.0,0.0,0.0,0.0,0.0,0.0,0.0,0.0,0.0,0.0,357.0,0.0,0.0,0.0,0.0,0.0
2019-11-18T05:00:00.0,0.0,438.0,0.0,885.0,12233.0,0.0,0.0,0.0,0.0,0.0,0.0,0.0,0.0,0.0,355.0,0.0,0.0,0.0,0.0,0.0
2019-11-18T06:00:00.0,0.0,629.0,0.0,890.0,15865.0,0.0,0.0,0.0,0.0,0.0,0.0,0.0,0.0,0.0,354.0,0.0,0.0,0.0,0.0,0.0
2019-11-18T07:00:00.0,0.0,667.0,0.0,896.0,19542.0,0.0,0.0,0.0,0.0,0.0,0.0,0.0,0.0,0.0,355.0,0.0,0.0,0.0,0.0,0.0
2019-11-18T08:00:00.0,0.0,733.0,0.0,896.0,20892.0,0.0,0.0,0.0,0.0,0.0,0.0,0.0,0.0,0.0,359.0,0.0,0.0,0.0,0.0,0.0
2019-11-18T09:00:00.0,0.0,699.0,0.0,900.0,21015.0,0.0,0.0,0.0,0.0,0.0,0.0,0.0,0.0,0.0,356.0,0.0,0.0,0.0,0.0,1.0
2019-11-18T10:00:00.0,0.0,693.0,0.0,885.0,20989.0,0.0,0.0,0.0,0.0,0.0,0.0,0.0,0.0,0.0,347.0,0.0,0.0,0.0,0.0,1.0
2019-11-18T11:00:00.0,0.0,678.0,0.0,881.0,20804.0,0.0,0.0,0.0,0.0,0.0,0.0,0.0,0.0,0.0,347.0,0.0,0.0,0.0,0.0,1.0
2019-11-18T12:00:00.0,0.0,698.0,0.0,888.0,20454.0,0.0,0.0,0.0,0.0,0.0,0.0,0.0,0.0,0.0,349.0,0.0,0.0,0.0,0.0,1.0
2019-11-18T13:00:00.0,0.0,777.0,0.0,893.0,20484.0,0.0,0.0,0.0,0.0,0.0,0.0,0.0,0.0,0.0,347.0,0.0,0.0,0.0,0.0,1.0
2019-11-18T14:00:00.0,0.0,837.0,0.0,896.0,20441.0,0.0,0.0,0.0,0.0,0.0,0.0,0.0,0.0,0.0,344.0,0.0,0.0,0.0,0.0,1.0
2019-11-18T15:00:00.0,0.0,872.0,0.0,895.0,20484.0,0.0,0.0,0.0,0.0,0.0,0.0,0.0,0.0,0.0,344.0,0.0,0.0,0.0,0.0,1.0
2019-11-18T16:00:00.0,0.0,894.0,0.0,899.0,20491.0,0.0,0.0,0.0,0.0,0.0,0.0,0.0,0.0,0.0,342.0,0.0,0.0,0.0,0.0,1.0
2019-11-18T17:00:00.0,0.0,990.0,0.0,899.0,20339.0,0.0,0.0,0.0,0.0,0.0,0.0,0.0,0.0,0.0,342.0,0.0,0.0,0.0,0.0,1.0
2019-11-18T18:00:00.0,0.0,975.0,0.0,900.0,19307.0,0.0,0.0,0.0,0.0,0.0,0.0,0.0,0.0,0.0,345.0,0.0,0.0,0.0,0.0,1.0
2019-11-18T19:00:00.0,0.0,967.0,0.0,899.0,17460.0,0.0,0.0,0.0,0.0,0.0,0.0,0.0,0.0,0.0,344.0,0.0,0.0,0.0,0.0,1.0
2019-11-18T20:00:00.0,0.0,869.0,0.0,900.0,14796.0,0.0,0.0,0.0,0.0,0.0,0.0,0.0,0.0,0.0,343.0,0.0,0.0,0.0,0.0,1.0
2019-11-18T21:00:00.0,0.0,934.0,0.0,898.0,13550.0,0.0,0.0,0.0,0.0,0.0,0.0,0.0,0.0,0.0,340.0,0.0,0.0,0.0,0.0,1.0
2019-11-18T22:00:00.0,0.0,957.0,0.0,896.0,12383.0,0.0,0.0,0.0,0.0,0.0,0.0,0.0,0.0,0.0,339.0,0.0,0.0,0.0,0.0,1.0
2019-11-18T23:00:00.0,0.0,1007.0,0.0,894.0,11309.0,0.0,0.0,0.0,0.0,0.0,0.0,0.0,0.0,0.0,335.0,0.0,0.0,0.0,0.0,1.0
2019-11-19T00:00:00.0,0.0,1041.0,0.0,910.0,10194.0,0.0,0.0,0.0,0.0,0.0,0.0,0.0,0.0,0.0,337.0,0.0,0.0,0.0,0.0,1.0
2019-11-19T01:00:00.0,0.0,1021.0,0.0,916.0,9462.0,0.0,0.0,0.0,0.0,0.0,0.0,0.0,0.0,0.0,337.0,0.0,0.0,0.0,0.0,1.0
2019-11-19T02:00:00.0,0.0,972.0,0.0,918.0,8828.0,0.0,0.0,0.0,0.0,0.0,0.0,0.0,0.0,0.0,322.0,0.0,0.0,0.0,0.0,1.0
2019-11-19T03:00:00.0,0.0,1008.0,0.0,922.0,8522.0,0.0,0.0,0.0,0.0,0.0,0.0,0.0,0.0,0.0,325.0,0.0,0.0,0.0,0.0,1.0
2019-11-19T04:00:00.0,0.0,855.0,0.0,923.0,9452.0,0.0,0.0,0.0,0.0,0.0,0.0,0.0,0.0,0.0,327.0,0.0,0.0,0.0,0.0,1.0
2019-11-19T05:00:00.0,0.0,856.0,0.0,924.0,11310.0,0.0,0.0,0.0,0.0,0.0,0.0,0.0,0.0,0.0,331.0,0.0,0.0,0.0,0.0,1.0
2019-11-19T06:00:00.0,0.0,737.0,0.0,924.0,14390.0,0.0,0.0,0.0,0.0,0.0,0.0,0.0,0.0,0.0,330.0,0.0,0.0,0.0,0.0,1.0
2019-11-19T07:00:00.0,0.0,651.0,0.0,937.0,17615.0,0.0,0.0,0.0,0.0,0.0,0.0,0.0,0.0,0.0,333.0,0.0,0.0,0.0,0.0,1.0
2019-11-19T08:00:00.0,0.0,626.0,0.0,934.0,18997.0,0.0,0.0,0.0,0.0,0.0,0.0,0.0,0.0,0.0,332.0,0.0,0.0,0.0,0.0,1.0
2019-11-19T09:00:00.0,0.0,652.0,0.0,924.0,18205.0,0.0,0.0,0.0,0.0,0.0,0.0,0.0,0.0,0.0,329.0,0.0,0.0,0.0,0.0,1.0
2019-11-19T10:00:00.0,0.0,622.0,0.0,925.0,17776.0,0.0,0.0,0.0,0.0,0.0,0.0,0.0,0.0,0.0,336.0,0.0,0.0,0.0,0.0,1.0
2019-11-19T11:00:00.0,0.0,633.0,0.0,929.0,17965.0,0.0,0.0,0.0,0.0,0.0,0.0,0.0,0.0,0.0,333.0,0.0,0.0,0.0,0.0,1.0
2019-11-19T12:00:00.0,0.0,622.0,0.0,928.0,18170.0,0.0,0.0,0.0,0.0,0.0,0.0,0.0,0.0,0.0,336.0,0.0,0.0,0.0,0.0,1.0
2019-11-19T13:00:00.0,0.0,634.0,0.0,930.0,19047.0,0.0,0.0,0.0,0.0,0.0,0.0,0.0,0.0,0.0,332.0,0.0,0.0,0.0,0.0,1.0
2019-11-19T14:00:00.0,0.0,641.0,0.0,930.0,18936.0,0.0,0.0,0.0,0.0,0.0,0.0,0.0,0.0,0.0,332.0,0.0,0.0,0.0,0.0,1.0
2019-11-19T15:00:00.0,0.0,724.0,0.0,925.0,18892.0,0.0,0.0,0.0,0.0,0.0,0.0,0.0,0.0,0.0,333.0,0.0,0.0,0.0,0.0,1.0
2019-11-19T16:00:00.0,0.0,741.0,0.0,932.0,19151.0,0.0,0.0,0.0,0.0,0.0,0.0,0.0,0.0,0.0,334.0,0.0,0.0,0.0,0.0,1.0
2019-11-19T17:00:00.0,0.0,726.0,0.0,933.0,19167.0,0.0,0.0,0.0,0.0,0.0,0.0,0.0,0.0,0.0,334.0,0.0,0.0,0.0,0.0,1.0
2019-11-19T18:00:00.0,0.0,757.0,0.0,933.0,18970.0,0.0,0.0,0.0,0.0,0.0,0.0,0.0,0.0,0.0,335.0,0.0,0.0,0.0,0.0,1.0
2019-11-19T19:00:00.0,0.0,755.0,0.0,937.0,18145.0,0.0,0.0,0.0,0.0,0.0,0.0,0.0,0.0,0.0,333.0,0.0,0.0,0.0,0.0,1.0
2019-11-19T20:00:00.0,0.0,697.0,0.0,936.0,17369.0,0.0,0.0,0.0,0.0,0.0,0.0,0.0,0.0,0.0,336.0,0.0,0.0,0.0,0.0,1.0
2019-11-19T21:00:00.0,0.0,665.0,0.0,938.0,16615.0,0.0,0.0,0.0,0.0,0.0,0.0,0.0,0.0,0.0,334.0,0.0,0.0,0.0,0.0,1.0
2019-11-19T22:00:00.0,0.0,720.0,0.0,933.0,15220.0,0.0,0.0,0.0,0.0,0.0,0.0,0.0,0.0,0.0,335.0,0.0,0.0,0.0,0.0,1.0
2019-11-19T23:00:00.0,0.0,643.0,0.0,932.0,12999.0,0.0,0.0,0.0,0.0,0.0,0.0,0.0,0.0,0.0,333.0,0.0,0.0,0.0,0.0,1.0
2019-11-20T00:00:00.0,0.0,774.0,0.0,917.0,11573.0,0.0,0.0,0.0,0.0,0.0,0.0,0.0,0.0,0.0,331.0,0.0,0.0,0.0,0.0,1.0
2019-11-20T01:00:00.0,0.0,788.0,0.0,919.0,11211.0,0.0,0.0,0.0,0.0,0.0,0.0,0.0,0.0,0.0,333.0,0.0,0.0,0.0,0.0,1.0
2019-11-20T02:00:00.0,0.0,700.0,0.0,920.0,11128.0,0.0,0.0,0.0,0.0,0.0,0.0,0.0,0.0,0.0,333.0,0.0,0.0,0.0,0.0,1.0
2019-11-20T03:00:00.0,0.0,643.0,0.0,920.0,11675.0,0.0,0.0,0.0,0.0,0.0,0.0,0.0,0.0,0.0,335.0,0.0,0.0,0.0,0.0,1.0
2019-11-20T04:00:00.0,0.0,672.0,0.0,916.0,12847.0,0.0,0.0,0.0,0.0,0.0,0.0,0.0,0.0,0.0,334.0,0.0,0.0,0.0,0.0,1.0
2019-11-20T05:00:00.0,0.0,737.0,0.0,916.0,15314.0,0.0,0.0,0.0,0.0,0.0,0.0,0.0,0.0,0.0,335.0,0.0,0.0,0.0,0.0,1.0
2019-11-20T06:00:00.0,0.0,698.0,0.0,921.0,17949.0,0.0,0.0,0.0,0.0,0.0,0.0,0.0,0.0,0.0,336.0,0.0,0.0,0.0,0.0,1.0
2019-11-20T07:00:00.0,0.0,633.0,0.0,942.0,19737.0,0.0,0.0,0.0,0.0,0.0,0.0,0.0,0.0,0.0,334.0,0.0,0.0,0.0,0.0,1.0
2019-11-20T08:00:00.0,0.0,635.0,0.0,953.0,20037.0,0.0,0.0,0.0,0.0,0.0,0.0,0.0,0.0,0.0,334.0,0.0,0.0,0.0,0.0,1.0
2019-11-20T09:00:00.0,0.0,623.0,0.0,967.0,19755.0,0.0,0.0,0.0,0.0,0.0,0.0,0.0,0.0,0.0,332.0,0.0,0.0,0.0,0.0,1.0
2019-11-20T10:00:00.0,0.0,581.0,0.0,972.0,19694.0,0.0,0.0,0.0,0.0,0.0,0.0,0.0,0.0,0.0,334.0,0.0,0.0,0.0,0.0,1.0
2019-11-20T11:00:00.0,0.0,606.0,0.0,972.0,19783.0,0.0,0.0,0.0,0.0,0.0,0.0,0.0,0.0,0.0,335.0,0.0,0.0,0.0,0.0,1.0
2019-11-20T12:00:00.0,0.0,458.0,0.0,992.0,19735.0,0.0,0.0,0.0,0.0,0.0,0.0,0.0,0.0,0.0,333.0,0.0,0.0,0.0,0.0,1.0
2019-11-20T13:00:00.0,0.0,464.0,0.0,1006.0,19884.0,0.0,0.0,0.0,0.0,0.0,0.0,0.0,0.0,0.0,333.0,0.0,0.0,0.0,0.0,1.0
2019-11-20T14:00:00.0,0.0,461.0,0.0,1013.0,19936.0,0.0,0.0,0.0,0.0,0.0,0.0,0.0,0.0,0.0,323.0,0.0,0.0,0.0,0.0,1.0
2019-11-20T15:00:00.0,0.0,521.0,0.0,1018.0,20200.0,0.0,0.0,0.0,0.0,0.0,0.0,0.0,0.0,0.0,325.0,0.0,0.0,0.0,0.0,1.0
2019-11-20T16:00:00.0,0.0,631.0,0.0,1024.0,20256.0,0.0,0.0,0.0,0.0,0.0,0.0,0.0,0.0,0.0,321.0,0.0,0.0,0.0,0.0,1.0
2019-11-20T17:00:00.0,0.0,715.0,0.0,1024.0,19759.0,0.0,0.0,0.0,0.0,0.0,0.0,0.0,0.0,0.0,321.0,0.0,0.0,0.0,0.0,1.0
2019-11-20T18:00:00.0,0.0,736.0,0.0,1022.0,19294.0,0.0,0.0,0.0,0.0,0.0,0.0,0.0,0.0,0.0,323.0,0.0,0.0,0.0,0.0,1.0
2019-11-20T19:00:00.0,0.0,688.0,0.0,1022.0,19072.0,0.0,0.0,0.0,0.0,0.0,0.0,0.0,0.0,0.0,326.0,0.0,0.0,0.0,0.0,1.0
2019-11-20T20:00:00.0,0.0,749.0,0.0,1021.0,17855.0,0.0,0.0,0.0,0.0,0.0,0.0,0.0,0.0,0.0,331.0,0.0,0.0,0.0,0.0,1.0
2019-11-20T21:00:00.0,0.0,756.0,0.0,1022.0,16871.0,0.0,0.0,0.0,0.0,0.0,0.0,0.0,0.0,0.0,332.0,0.0,0.0,0.0,0.0,1.0
2019-11-20T22:00:00.0,0.0,753.0,0.0,1019.0,14715.0,0.0,0.0,0.0,0.0,0.0,0.0,0.0,0.0,0.0,334.0,0.0,0.0,0.0,0.0,1.0
2019-11-20T23:00:00.0,0.0,748.0,0.0,1016.0,12390.0,0.0,0.0,0.0,0.0,0.0,0.0,0.0,0.0,0.0,336.0,0.0,0.0,0.0,0.0,1.0
2019-11-21T00:00:00.0,0.0,685.0,0.0,1059.0,11828.0,0.0,0.0,0.0,0.0,0.0,0.0,0.0,0.0,0.0,342.0,0.0,0.0,0.0,0.0,1.0
2019-11-21T01:00:00.0,0.0,772.0,0.0,1067.0,10966.0,0.0,0.0,0.0,0.0,0.0,0.0,0.0,0.0,0.0,345.0,0.0,0.0,0.0,0.0,1.0
2019-11-21T02:00:00.0,0.0,739.0,0.0,1072.0,10174.0,0.0,0.0,0.0,0.0,0.0,0.0,0.0,0.0,0.0,347.0,0.0,0.0,0.0,0.0,1.0
2019-11-21T03:00:00.0,0.0,787.0,0.0,1076.0,10235.0,0.0,0.0,0.0,0.0,0.0,0.0,0.0,0.0,0.0,347.0,0.0,0.0,0.0,0.0,1.0
2019-11-21T04:00:00.0,0.0,859.0,0.0,1076.0,11555.0,0.0,0.0,0.0,0.0,0.0,0.0,0.0,0.0,0.0,343.0,0.0,0.0,0.0,0.0,1.0
2019-11-21T05:00:00.0,0.0,884.0,0.0,1076.0,13856.0,0.0,0.0,0.0,0.0,0.0,0.0,0.0,0.0,0.0,346.0,0.0,0.0,0.0,0.0,1.0
2019-11-21T06:00:00.0,0.0,917.0,0.0,1077.0,16931.0,0.0,0.0,0.0,0.0,0.0,0.0,0.0,0.0,0.0,346.0,0.0,0.0,0.0,0.0,1.0
2019-11-21T07:00:00.0,0.0,933.0,0.0,1099.0,18524.0,0.0,0.0,0.0,0.0,0.0,0.0,0.0,0.0,0.0,347.0,0.0,0.0,0.0,0.0,1.0
2019-11-21T08:00:00.0,0.0,968.0,0.0,1115.0,19329.0,0.0,0.0,0.0,0.0,0.0,0.0,0.0,0.0,0.0,336.0,0.0,0.0,0.0,0.0,1.0
2019-11-21T09:00:00.0,0.0,996.0,0.0,1099.0,19634.0,0.0,0.0,0.0,0.0,0.0,0.0,0.0,0.0,0.0,341.0,0.0,0.0,0.0,0.0,1.0
2019-11-21T10:00:00.0,0.0,987.0,0.0,1102.0,19411.0,0.0,0.0,0.0,0.0,0.0,0.0,0.0,0.0,0.0,345.0,0.0,0.0,0.0,0.0,1.0
2019-11-21T11:00:00.0,0.0,1079.0,0.0,1115.0,19056.0,0.0,0.0,0.0,0.0,0.0,0.0,0.0,0.0,0.0,337.0,0.0,0.0,0.0,0.0,1.0
2019-11-21T12:00:00.0,0.0,1111.0,0.0,1101.0,19026.0,0.0,0.0,0.0,0.0,0.0,0.0,0.0,0.0,0.0,336.0,0.0,0.0,0.0,0.0,1.0
2019-11-21T13:00:00.0,0.0,1105.0,0.0,1107.0,19248.0,0.0,0.0,0.0,0.0,0.0,0.0,0.0,0.0,0.0,341.0,0.0,0.0,0.0,0.0,1.0
2019-11-21T14:00:00.0,0.0,1159.0,0.0,1110.0,19496.0,0.0,0.0,0.0,0.0,0.0,0.0,0.0,0.0,0.0,339.0,0.0,0.0,0.0,0.0,1.0
2019-11-21T15:00:00.0,0.0,1179.0,0.0,1111.0,19610.0,0.0,0.0,0.0,0.0,0.0,0.0,0.0,0.0,0.0,339.0,0.0,0.0,0.0,0.0,1.0
2019-11-21T16:00:00.0,0.0,1202.0,0.0,1114.0,19564.0,0.0,0.0,0.0,0.0,0.0,0.0,0.0,0.0,0.0,331.0,0.0,0.0,0.0,0.0,2.0
2019-11-21T17:00:00.0,0.0,1229.0,0.0,1112.0,19385.0,0.0,0.0,0.0,0.0,0.0,0.0,0.0,0.0,0.0,335.0,0.0,0.0,0.0,0.0,2.0
2019-11-21T18:00:00.0,0.0,1263.0,0.0,1116.0,19418.0,0.0,0.0,0.0,0.0,0.0,0.0,0.0,0.0,0.0,338.0,0.0,0.0,0.0,0.0,2.0
2019-11-21T19:00:00.0,0.0,1241.0,0.0,1114.0,18684.0,0.0,0.0,0.0,0.0,0.0,0.0,0.0,0.0,0.0,338.0,0.0,0.0,0.0,0.0,2.0
2019-11-21T20:00:00.0,0.0,1188.0,0.0,1115.0,17732.0,0.0,0.0,0.0,0.0,0.0,0.0,0.0,0.0,0.0,343.0,0.0,0.0,0.0,0.0,2.0
2019-11-21T21:00:00.0,0.0,1173.0,0.0,1107.0,15673.0,0.0,0.0,0.0,0.0,0.0,0.0,0.0,0.0,0.0,342.0,0.0,0.0,0.0,0.0,2.0
2019-11-21T22:00:00.0,0.0,1154.0,0.0,1104.0,13382.0,0.0,0.0,0.0,0.0,0.0,0.0,0.0,0.0,0.0,344.0,0.0,0.0,0.0,0.0,2.0
2019-11-21T23:00:00.0,0.0,1183.0,0.0,1102.0,11113.0,0.0,0.0,0.0,0.0,0.0,0.0,0.0,0.0,0.0,344.0,0.0,0.0,0.0,0.0,2.0
2019-11-22T00:00:00.0,0.0,1285.0,0.0,1095.0,9666.0,0.0,0.0,0.0,0.0,0.0,0.0,0.0,0.0,0.0,342.0,0.0,0.0,0.0,0.0,2.0
2019-11-22T01:00:00.0,0.0,1251.0,0.0,1089.0,9122.0,0.0,0.0,0.0,0.0,0.0,0.0,0.0,0.0,0.0,347.0,0.0,0.0,0.0,0.0,2.0
2019-11-22T02:00:00.0,0.0,1237.0,0.0,1087.0,9113.0,0.0,0.0,0.0,0.0,0.0,0.0,0.0,0.0,0.0,344.0,0.0,0.0,0.0,0.0,2.0
2019-11-22T03:00:00.0,0.0,1190.0,0.0,1084.0,9145.0,0.0,0.0,0.0,0.0,0.0,0.0,0.0,0.0,0.0,346.0,0.0,0.0,0.0,0.0,2.0
2019-11-22T04:00:00.0,0.0,1227.0,0.0,1087.0,9504.0,0.0,0.0,0.0,0.0,0.0,0.0,0.0,0.0,0.0,346.0,0.0,0.0,0.0,0.0,2.0
2019-11-22T05:00:00.0,0.0,1223.0,0.0,1089.0,11290.0,0.0,0.0,0.0,0.0,0.0,0.0,0.0,0.0,0.0,344.0,0.0,0.0,0.0,0.0,3.0
2019-11-22T06:00:00.0,0.0,1162.0,0.0,1092.0,14796.0,0.0,0.0,0.0,0.0,0.0,0.0,0.0,0.0,0.0,339.0,0.0,0.0,0.0,0.0,3.0
2019-11-22T07:00:00.0,0.0,1126.0,0.0,1100.0,18006.0,0.0,0.0,0.0,0.0,0.0,0.0,0.0,0.0,0.0,341.0,0.0,0.0,0.0,0.0,3.0
2019-11-22T08:00:00.0,0.0,1165.0,0.0,1102.0,18847.0,0.0,0.0,0.0,0.0,0.0,0.0,0.0,0.0,0.0,345.0,0.0,0.0,0.0,0.0,3.0
2019-11-22T09:00:00.0,0.0,1155.0,0.0,1110.0,18544.0,0.0,0.0,0.0,0.0,0.0,0.0,0.0,0.0,0.0,349.0,0.0,0.0,0.0,0.0,3.0
2019-11-22T10:00:00.0,0.0,1136.0,0.0,1112.0,18377.0,0.0,0.0,0.0,0.0,0.0,0.0,0.0,0.0,0.0,355.0,0.0,0.0,0.0,0.0,3.0
2019-11-22T11:00:00.0,0.0,1159.0,0.0,1114.0,18347.0,0.0,0.0,0.0,0.0,0.0,0.0,0.0,0.0,0.0,354.0,0.0,0.0,0.0,0.0,3.0
2019-11-22T12:00:00.0,0.0,1117.0,0.0,1113.0,18256.0,0.0,0.0,0.0,0.0,0.0,0.0,0.0,0.0,0.0,349.0,0.0,0.0,0.0,0.0,3.0
2019-11-22T13:00:00.0,0.0,1071.0,0.0,1106.0,18414.0,0.0,0.0,0.0,0.0,0.0,0.0,0.0,0.0,0.0,351.0,0.0,0.0,0.0,0.0,3.0
2019-11-22T14:00:00.0,0.0,1143.0,0.0,1107.0,18545.0,0.0,0.0,0.0,0.0,0.0,0.0,0.0,0.0,0.0,350.0,0.0,0.0,0.0,0.0,3.0
2019-11-22T15:00:00.0,0.0,1157.0,0.0,1108.0,18982.0,0.0,0.0,0.0,0.0,0.0,0.0,0.0,0.0,0.0,352.0,0.0,0.0,0.0,0.0,3.0
2019-11-22T16:00:00.0,0.0,1250.0,0.0,1103.0,19219.0,0.0,0.0,0.0,0.0,0.0,0.0,0.0,0.0,0.0,352.0,0.0,0.0,0.0,0.0,3.0
2019-11-22T17:00:00.0,0.0,1288.0,0.0,1104.0,18931.0,0.0,0.0,0.0,0.0,0.0,0.0,0.0,0.0,0.0,351.0,0.0,0.0,0.0,0.0,3.0
2019-11-22T18:00:00.0,0.0,1218.0,0.0,1107.0,17795.0,0.0,0.0,0.0,0.0,0.0,0.0,0.0,0.0,0.0,355.0,0.0,0.0,0.0,0.0,3.0
2019-11-22T19:00:00.0,0.0,1218.0,0.0,1107.0,15939.0,0.0,0.0,0.0,0.0,0.0,0.0,0.0,0.0,0.0,365.0,0.0,0.0,0.0,0.0,3.0
2019-11-22T20:00:00.0,0.0,1169.0,0.0,1108.0,14423.0,0.0,0.0,0.0,0.0,0.0,0.0,0.0,0.0,0.0,364.0,0.0,0.0,0.0,0.0,3.0
2019-11-22T21:00:00.0,0.0,1167.0,0.0,1101.0,12905.0,0.0,0.0,0.0,0.0,0.0,0.0,0.0,0.0,0.0,364.0,0.0,0.0,0.0,0.0,3.0
2019-11-22T22:00:00.0,0.0,1171.0,0.0,1090.0,11416.0,0.0,0.0,0.0,0.0,0.0,0.0,0.0,0.0,0.0,361.0,0.0,0.0,0.0,0.0,3.0
2019-11-22T23:00:00.0,0.0,1198.0,0.0,1087.0,9895.0,0.0,0.0,0.0,0.0,0.0,0.0,0.0,0.0,0.0,346.0,0.0,0.0,0.0,0.0,3.0
2019-11-23T00:00:00.0,0.0,1227.0,0.0,1079.0,8816.0,0.0,0.0,0.0,0.0,0.0,0.0,0.0,0.0,0.0,353.0,0.0,0.0,0.0,0.0,3.0
2019-11-23T01:00:00.0,0.0,1214.0,0.0,1080.0,8624.0,0.0,0.0,0.0,0.0,0.0,0.0,0.0,0.0,0.0,351.0,0.0,0.0,0.0,0.0,3.0
2019-11-23T02:00:00.0,0.0,1146.0,0.0,1080.0,8121.0,0.0,0.0,0.0,0.0,0.0,0.0,0.0,0.0,0.0,350.0,0.0,0.0,0.0,0.0,3.0
2019-11-23T03:00:00.0,0.0,1099.0,0.0,1080.0,7805.0,0.0,0.0,0.0,0.0,0.0,0.0,0.0,0.0,0.0,346.0,0.0,0.0,0.0,0.0,3.0
2019-11-23T04:00:00.0,0.0,1057.0,0.0,1081.0,7905.0,0.0,0.0,0.0,0.0,0.0,0.0,0.0,0.0,0.0,349.0,0.0,0.0,0.0,0.0,3.0
2019-11-23T05:00:00.0,0.0,1042.0,0.0,1081.0,8262.0,0.0,0.0,0.0,0.0,0.0,0.0,0.0,0.0,0.0,346.0,0.0,0.0,0.0,0.0,3.0
2019-11-23T06:00:00.0,0.0,1033.0,0.0,1081.0,8481.0,0.0,0.0,0.0,0.0,0.0,0.0,0.0,0.0,0.0,349.0,0.0,0.0,0.0,0.0,3.0
2019-11-23T07:00:00.0,0.0,1094.0,0.0,1082.0,9941.0,0.0,0.0,0.0,0.0,0.0,0.0,0.0,0.0,0.0,347.0,0.0,0.0,0.0,0.0,3.0
2019-11-23T08:00:00.0,0.0,1064.0,0.0,1082.0,10970.0,0.0,0.0,0.0,0.0,0.0,0.0,0.0,0.0,0.0,349.0,0.0,0.0,0.0,0.0,3.0
2019-11-23T09:00:00.0,0.0,1015.0,0.0,1087.0,11996.0,0.0,0.0,0.0,0.0,0.0,0.0,0.0,0.0,0.0,348.0,0.0,0.0,0.0,0.0,3.0
2019-11-23T10:00:00.0,0.0,978.0,0.0,1086.0,12564.0,0.0,0.0,0.0,0.0,0.0,0.0,0.0,0.0,0.0,352.0,0.0,0.0,0.0,0.0,3.0
2019-11-23T11:00:00.0,0.0,899.0,0.0,1087.0,12539.0,0.0,0.0,0.0,0.0,0.0,0.0,0.0,0.0,0.0,352.0,0.0,0.0,0.0,0.0,3.0
2019-11-23T12:00:00.0,0.0,823.0,0.0,1129.0,12663.0,0.0,0.0,0.0,0.0,0.0,0.0,0.0,0.0,0.0,353.0,0.0,0.0,0.0,0.0,3.0
2019-11-23T13:00:00.0,0.0,759.0,0.0,1134.0,12527.0,0.0,0.0,0.0,0.0,0.0,0.0,0.0,0.0,0.0,354.0,0.0,0.0,0.0,0.0,3.0
2019-11-23T14:00:00.0,0.0,744.0,0.0,1143.0,12570.0,0.0,0.0,0.0,0.0,0.0,0.0,0.0,0.0,0.0,354.0,0.0,0.0,0.0,0.0,3.0
2019-11-23T15:00:00.0,0.0,731.0,0.0,1145.0,13210.0,0.0,0.0,0.0,0.0,0.0,0.0,0.0,0.0,0.0,353.0,0.0,0.0,0.0,0.0,3.0
2019-11-23T16:00:00.0,0.0,712.0,0.0,1145.0,13695.0,0.0,0.0,0.0,0.0,0.0,0.0,0.0,0.0,0.0,352.0,0.0,0.0,0.0,0.0,3.0
2019-11-23T17:00:00.0,0.0,684.0,0.0,1135.0,14250.0,0.0,0.0,0.0,0.0,0.0,0.0,0.0,0.0,0.0,352.0,0.0,0.0,0.0,0.0,3.0
2019-11-23T18:00:00.0,0.0,696.0,0.0,1135.0,13466.0,0.0,0.0,0.0,0.0,0.0,0.0,0.0,0.0,0.0,355.0,0.0,0.0,0.0,0.0,3.0
2019-11-23T19:00:00.0,0.0,715.0,0.0,1137.0,12455.0,0.0,0.0,0.0,0.0,0.0,0.0,0.0,0.0,0.0,354.0,0.0,0.0,0.0,0.0,3.0
2019-11-23T20:00:00.0,0.0,745.0,0.0,1137.0,12017.0,0.0,0.0,0.0,0.0,0.0,0.0,0.0,0.0,0.0,353.0,0.0,0.0,0.0,0.0,3.0
2019-11-23T21:00:00.0,0.0,769.0,0.0,1133.0,11443.0,0.0,0.0,0.0,0.0,0.0,0.0,0.0,0.0,0.0,352.0,0.0,0.0,0.0,0.0,3.0
2019-11-23T22:00:00.0,0.0,771.0,0.0,1140.0,10791.0,0.0,0.0,0.0,0.0,0.0,0.0,0.0,0.0,0.0,354.0,0.0,0.0,0.0,0.0,3.0
2019-11-23T23:00:00.0,0.0,743.0,0.0,1139.0,9854.0,0.0,0.0,0.0,0.0,0.0,0.0,0.0,0.0,0.0,352.0,0.0,0.0,0.0,0.0,3.0
2019-11-24T00:00:00.0,0.0,754.0,0.0,1131.0,9046.0,0.0,0.0,0.0,0.0,0.0,0.0,0.0,0.0,0.0,352.0,0.0,0.0,0.0,0.0,3.0
2019-11-24T01:00:00.0,0.0,742.0,0.0,1130.0,8710.0,0.0,0.0,0.0,0.0,0.0,0.0,0.0,0.0,0.0,354.0,0.0,0.0,0.0,0.0,3.0
2019-11-24T02:00:00.0,0.0,743.0,0.0,1131.0,8398.0,0.0,0.0,0.0,0.0,0.0,0.0,0.0,0.0,0.0,357.0,0.0,0.0,0.0,0.0,3.0
2019-11-24T03:00:00.0,0.0,745.0,0.0,1129.0,8125.0,0.0,0.0,0.0,0.0,0.0,0.0,0.0,0.0,0.0,356.0,0.0,0.0,0.0,0.0,3.0
2019-11-24T04:00:00.0,0.0,757.0,0.0,1129.0,8400.0,0.0,0.0,0.0,0.0,0.0,0.0,0.0,0.0,0.0,354.0,0.0,0.0,0.0,0.0,3.0
2019-11-24T05:00:00.0,0.0,780.0,0.0,1128.0,8711.0,0.0,0.0,0.0,0.0,0.0,0.0,0.0,0.0,0.0,357.0,0.0,0.0,0.0,0.0,3.0
2019-11-24T06:00:00.0,0.0,809.0,0.0,1130.0,9021.0,0.0,0.0,0.0,0.0,0.0,0.0,0.0,0.0,0.0,354.0,0.0,0.0,0.0,0.0,3.0
2019-11-24T07:00:00.0,0.0,829.0,0.0,1130.0,9856.0,0.0,0.0,0.0,0.0,0.0,0.0,0.0,0.0,0.0,355.0,0.0,0.0,0.0,0.0,3.0
2019-11-24T08:00:00.0,0.0,839.0,0.0,1127.0,10453.0,0.0,0.0,0.0,0.0,0.0,0.0,0.0,0.0,0.0,353.0,0.0,0.0,0.0,0.0,3.0
2019-11-24T09:00:00.0,0.0,834.0,0.0,1129.0,11386.0,0.0,0.0,0.0,0.0,0.0,0.0,0.0,0.0,0.0,353.0,0.0,0.0,0.0,0.0,3.0
2019-11-24T10:00:00.0,0.0,854.0,0.0,1128.0,12064.0,0.0,0.0,0.0,0.0,0.0,0.0,0.0,0.0,0.0,356.0,0.0,0.0,0.0,0.0,3.0
2019-11-24T11:00:00.0,0.0,835.0,0.0,1137.0,13506.0,0.0,0.0,0.0,0.0,0.0,0.0,0.0,0.0,0.0,356.0,0.0,0.0,0.0,0.0,3.0
2019-11-24T12:00:00.0,0.0,837.0,0.0,1128.0,13813.0,0.0,0.0,0.0,0.0,0.0,0.0,0.0,0.0,0.0,358.0,0.0,0.0,0.0,0.0,3.0
2019-11-24T13:00:00.0,0.0,980.0,0.0,1137.0,13704.0,0.0,0.0,0.0,0.0,0.0,0.0,0.0,0.0,0.0,355.0,0.0,0.0,0.0,0.0,3.0
2019-11-24T14:00:00.0,0.0,961.0,0.0,1128.0,13713.0,0.0,0.0,0.0,0.0,0.0,0.0,0.0,0.0,0.0,356.0,0.0,0.0,0.0,0.0,3.0
2019-11-24T15:00:00.0,0.0,958.0,0.0,1134.0,14762.0,0.0,0.0,0.0,0.0,0.0,0.0,0.0,0.0,0.0,354.0,0.0,0.0,0.0,0.0,3.0
2019-11-24T16:00:00.0,0.0,892.0,0.0,1143.0,16835.0,0.0,0.0,0.0,0.0,0.0,0.0,0.0,0.0,0.0,353.0,0.0,0.0,0.0,0.0,3.0
2019-11-24T17:00:00.0,0.0,864.0,0.0,1146.0,17017.0,0.0,0.0,0.0,0.0,0.0,0.0,0.0,0.0,0.0,353.0,0.0,0.0,0.0,0.0,3.0
2019-11-24T18:00:00.0,0.0,888.0,0.0,1145.0,16435.0,0.0,0.0,0.0,0.0,0.0,0.0,0.0,0.0,0.0,355.0,0.0,0.0,0.0,0.0,3.0
2019-11-24T19:00:00.0,0.0,809.0,0.0,1144.0,16628.0,0.0,0.0,0.0,0.0,0.0,0.0,0.0,0.0,0.0,357.0,0.0,0.0,0.0,0.0,3.0
2019-11-24T20:00:00.0,0.0,808.0,0.0,1136.0,16167.0,0.0,0.0,0.0,0.0,0.0,0.0,0.0,0.0,0.0,367.0,0.0,0.0,0.0,0.0,3.0
2019-11-24T21:00:00.0,0.0,824.0,0.0,1136.0,15410.0,0.0,0.0,0.0,0.0,0.0,0.0,0.0,0.0,0.0,365.0,0.0,0.0,0.0,0.0,3.0
2019-11-24T22:00:00.0,0.0,782.0,0.0,1136.0,14352.0,0.0,0.0,0.0,0.0,0.0,0.0,0.0,0.0,0.0,363.0,0.0,0.0,0.0,0.0,3.0
2019-11-24T23:00:00.0,0.0,801.0,0.0,1134.0,12990.0,0.0,0.0,0.0,0.0,0.0,0.0,0.0,0.0,0.0,353.0,0.0,0.0,0.0,0.0,3.0
2019-11-25T00:00:00.0,0.0,740.0,0.0,1121.0,11229.0,0.0,0.0,0.0,0.0,0.0,0.0,0.0,0.0,0.0,354.0,0.0,0.0,0.0,0.0,3.0
2019-11-25T01:00:00.0,0.0,705.0,0.0,1111.0,9863.0,0.0,0.0,0.0,0.0,0.0,0.0,0.0,0.0,0.0,354.0,0.0,0.0,0.0,0.0,3.0
2019-11-25T02:00:00.0,0.0,667.0,0.0,1108.0,9560.0,0.0,0.0,0.0,0.0,0.0,0.0,0.0,0.0,0.0,353.0,0.0,0.0,0.0,0.0,3.0
2019-11-25T03:00:00.0,0.0,696.0,0.0,1103.0,9536.0,0.0,0.0,0.0,0.0,0.0,0.0,0.0,0.0,0.0,351.0,0.0,0.0,0.0,0.0,3.0
2019-11-25T04:00:00.0,0.0,708.0,0.0,1104.0,11096.0,0.0,0.0,0.0,0.0,0.0,0.0,0.0,0.0,0.0,355.0,0.0,0.0,0.0,0.0,3.0
2019-11-25T05:00:00.0,0.0,725.0,0.0,1103.0,13673.0,0.0,0.0,0.0,0.0,0.0,0.0,0.0,0.0,0.0,356.0,0.0,0.0,0.0,0.0,3.0
2019-11-25T06:00:00.0,0.0,681.0,0.0,1113.0,17970.0,0.0,0.0,0.0,0.0,0.0,0.0,0.0,0.0,0.0,353.0,0.0,0.0,0.0,0.0,3.0
2019-11-25T07:00:00.0,0.0,652.0,0.0,1112.0,20258.0,0.0,0.0,0.0,0.0,0.0,0.0,0.0,0.0,0.0,353.0,0.0,0.0,0.0,0.0,3.0
2019-11-25T08:00:00.0,0.0,649.0,0.0,1127.0,20798.0,0.0,0.0,0.0,0.0,0.0,0.0,0.0,0.0,0.0,350.0,0.0,0.0,0.0,0.0,3.0
2019-11-25T09:00:00.0,0.0,643.0,0.0,1139.0,20698.0,0.0,0.0,0.0,0.0,0.0,0.0,0.0,0.0,0.0,352.0,0.0,0.0,0.0,0.0,3.0
2019-11-25T10:00:00.0,0.0,634.0,0.0,1135.0,20807.0,0.0,0.0,0.0,0.0,0.0,0.0,0.0,0.0,0.0,355.0,0.0,0.0,0.0,0.0,3.0
2019-11-25T11:00:00.0,0.0,596.0,0.0,1134.0,20947.0,0.0,0.0,0.0,0.0,0.0,0.0,0.0,0.0,0.0,352.0,0.0,0.0,0.0,0.0,3.0
2019-11-25T12:00:00.0,0.0,541.0,0.0,1131.0,20860.0,0.0,0.0,0.0,0.0,0.0,0.0,0.0,0.0,0.0,355.0,0.0,0.0,0.0,0.0,3.0
2019-11-25T13:00:00.0,0.0,510.0,0.0,1131.0,20878.0,0.0,0.0,0.0,0.0,0.0,0.0,0.0,0.0,0.0,352.0,0.0,0.0,0.0,0.0,3.0
2019-11-25T14:00:00.0,0.0,513.0,0.0,1131.0,21125.0,0.0,0.0,0.0,0.0,0.0,0.0,0.0,0.0,0.0,356.0,0.0,0.0,0.0,0.0,3.0
2019-11-25T15:00:00.0,0.0,469.0,0.0,1130.0,21692.0,0.0,0.0,0.0,0.0,0.0,0.0,0.0,0.0,0.0,358.0,0.0,0.0,0.0,0.0,3.0
2019-11-25T16:00:00.0,0.0,458.0,0.0,1127.0,21947.0,0.0,0.0,0.0,0.0,0.0,0.0,0.0,0.0,0.0,351.0,0.0,0.0,0.0,0.0,3.0
2019-11-25T17:00:00.0,0.0,431.0,0.0,1123.0,21980.0,0.0,0.0,0.0,0.0,0.0,0.0,0.0,0.0,0.0,348.0,0.0,0.0,0.0,0.0,3.0
2019-11-25T18:00:00.0,0.0,427.0,0.0,1129.0,21117.0,0.0,0.0,0.0,0.0,0.0,0.0,0.0,0.0,0.0,353.0,0.0,0.0,0.0,0.0,3.0
2019-11-25T19:00:00.0,0.0,424.0,0.0,1133.0,20341.0,0.0,0.0,0.0,0.0,0.0,0.0,0.0,0.0,0.0,352.0,0.0,0.0,0.0,0.0,3.0
2019-11-25T20:00:00.0,0.0,435.0,0.0,1129.0,19597.0,0.0,0.0,0.0,0.0,0.0,0.0,0.0,0.0,0.0,346.0,0.0,0.0,0.0,0.0,3.0
2019-11-25T21:00:00.0,0.0,480.0,0.0,1131.0,18806.0,0.0,0.0,0.0,0.0,0.0,0.0,0.0,0.0,0.0,344.0,0.0,0.0,0.0,0.0,3.0
2019-11-25T22:00:00.0,0.0,466.0,0.0,1127.0,17400.0,0.0,0.0,0.0,0.0,0.0,0.0,0.0,0.0,0.0,348.0,0.0,0.0,0.0,0.0,3.0
2019-11-25T23:00:00.0,0.0,431.0,0.0,1119.0,14689.0,0.0,0.0,0.0,0.0,0.0,0.0,0.0,0.0,0.0,349.0,0.0,0.0,0.0,0.0,3.0
2019-11-26T00:00:00.0,0.0,463.0,0.0,1104.0,13234.0,0.0,0.0,0.0,0.0,0.0,0.0,0.0,0.0,0.0,347.0,0.0,0.0,0.0,0.0,3.0
2019-11-26T01:00:00.0,0.0,457.0,0.0,1100.0,12238.0,0.0,0.0,0.0,0.0,0.0,0.0,0.0,0.0,0.0,345.0,0.0,0.0,0.0,0.0,3.0
2019-11-26T02:00:00.0,0.0,529.0,0.0,1100.0,11634.0,0.0,0.0,0.0,0.0,0.0,0.0,0.0,0.0,0.0,350.0,0.0,0.0,0.0,0.0,3.0
2019-11-26T03:00:00.0,0.0,455.0,0.0,1098.0,11283.0,0.0,0.0,0.0,0.0,0.0,0.0,0.0,0.0,0.0,350.0,0.0,0.0,0.0,0.0,3.0
2019-11-26T04:00:00.0,0.0,466.0,0.0,1099.0,12391.0,0.0,0.0,0.0,0.0,0.0,0.0,0.0,0.0,0.0,347.0,0.0,0.0,0.0,0.0,3.0
2019-11-26T05:00:00.0,0.0,463.0,0.0,1098.0,14443.0,0.0,0.0,0.0,0.0,0.0,0.0,0.0,0.0,0.0,347.0,0.0,0.0,0.0,0.0,3.0
2019-11-26T06:00:00.0,0.0,483.0,0.0,1107.0,18021.0,0.0,0.0,0.0,0.0,0.0,0.0,0.0,0.0,0.0,349.0,0.0,0.0,0.0,0.0,3.0
2019-11-26T07:00:00.0,0.0,491.0,0.0,1108.0,20964.0,0.0,0.0,0.0,0.0,0.0,0.0,0.0,0.0,0.0,350.0,0.0,0.0,0.0,0.0,3.0
2019-11-26T08:00:00.0,0.0,461.0,0.0,1112.0,21550.0,0.0,0.0,0.0,0.0,0.0,0.0,0.0,0.0,0.0,347.0,0.0,0.0,0.0,0.0,3.0
2019-11-26T09:00:00.0,0.0,463.0,0.0,1107.0,21311.0,0.0,0.0,0.0,0.0,0.0,0.0,0.0,0.0,0.0,344.0,0.0,0.0,0.0,0.0,3.0
2019-11-26T10:00:00.0,0.0,501.0,0.0,1107.0,21254.0,0.0,0.0,0.0,0.0,0.0,0.0,0.0,0.0,0.0,349.0,0.0,0.0,0.0,0.0,3.0
2019-11-26T11:00:00.0,0.0,468.0,0.0,1106.0,21149.0,0.0,0.0,0.0,0.0,0.0,0.0,0.0,0.0,0.0,347.0,0.0,0.0,0.0,0.0,3.0
2019-11-26T12:00:00.0,0.0,462.0,0.0,1107.0,21387.0,0.0,0.0,0.0,0.0,0.0,0.0,0.0,0.0,0.0,346.0,0.0,0.0,0.0,0.0,3.0
2019-11-26T13:00:00.0,0.0,512.0,0.0,1105.0,20964.0,0.0,0.0,0.0,0.0,0.0,0.0,0.0,0.0,0.0,349.0,0.0,0.0,0.0,0.0,3.0
2019-11-26T14:00:00.0,0.0,547.0,0.0,1108.0,21099.0,0.0,0.0,0.0,0.0,0.0,0.0,0.0,0.0,0.0,347.0,0.0,0.0,0.0,0.0,3.0
2019-11-26T15:00:00.0,0.0,575.0,0.0,1106.0,21432.0,0.0,0.0,0.0,0.0,0.0,0.0,0.0,0.0,0.0,343.0,0.0,0.0,0.0,0.0,3.0
2019-11-26T16:00:00.0,0.0,606.0,0.0,1106.0,21612.0,0.0,0.0,0.0,0.0,0.0,0.0,0.0,0.0,0.0,334.0,0.0,0.0,0.0,0.0,3.0
2019-11-26T17:00:00.0,0.0,635.0,0.0,1109.0,21668.0,0.0,0.0,0.0,0.0,0.0,0.0,0.0,0.0,0.0,334.0,0.0,0.0,0.0,0.0,3.0
2019-11-26T18:00:00.0,0.0,626.0,0.0,1107.0,21087.0,0.0,0.0,0.0,0.0,0.0,0.0,0.0,0.0,0.0,340.0,0.0,0.0,0.0,0.0,3.0
2019-11-26T19:00:00.0,0.0,701.0,0.0,1110.0,20320.0,0.0,0.0,0.0,0.0,0.0,0.0,0.0,0.0,0.0,341.0,0.0,0.0,0.0,0.0,3.0
2019-11-26T20:00:00.0,0.0,694.0,0.0,1107.0,19234.0,0.0,0.0,0.0,0.0,0.0,0.0,0.0,0.0,0.0,347.0,0.0,0.0,0.0,0.0,3.0
2019-11-26T21:00:00.0,0.0,846.0,0.0,1107.0,17981.0,0.0,0.0,0.0,0.0,0.0,0.0,0.0,0.0,0.0,344.0,0.0,0.0,0.0,0.0,3.0
2019-11-26T22:00:00.0,0.0,838.0,0.0,1095.0,15552.0,0.0,0.0,0.0,0.0,0.0,0.0,0.0,0.0,0.0,351.0,0.0,0.0,0.0,0.0,3.0
2019-11-26T23:00:00.0,0.0,943.0,0.0,1095.0,12434.0,0.0,0.0,0.0,0.0,0.0,0.0,0.0,0.0,0.0,350.0,0.0,0.0,0.0,0.0,3.0
2019-11-27T00:00:00.0,0.0,998.0,0.0,1080.0,11421.0,0.0,0.0,0.0,0.0,0.0,0.0,0.0,0.0,0.0,348.0,0.0,0.0,0.0,0.0,3.0
2019-11-27T01:00:00.0,0.0,1005.0,0.0,1074.0,10709.0,0.0,0.0,0.0,0.0,0.0,0.0,0.0,0.0,0.0,350.0,0.0,0.0,0.0,0.0,3.0
2019-11-27T02:00:00.0,0.0,1032.0,0.0,1068.0,10301.0,0.0,0.0,0.0,0.0,0.0,0.0,0.0,0.0,0.0,347.0,0.0,0.0,0.0,0.0,3.0
2019-11-27T03:00:00.0,0.0,1159.0,0.0,1065.0,10167.0,0.0,0.0,0.0,0.0,0.0,0.0,0.0,0.0,0.0,343.0,0.0,0.0,0.0,0.0,3.0
2019-11-27T04:00:00.0,0.0,1127.0,0.0,1064.0,10801.0,0.0,0.0,0.0,0.0,0.0,0.0,0.0,0.0,0.0,352.0,0.0,0.0,0.0,0.0,3.0
2019-11-27T05:00:00.0,0.0,1266.0,0.0,1064.0,12860.0,0.0,0.0,0.0,0.0,0.0,0.0,0.0,0.0,0.0,350.0,0.0,0.0,0.0,0.0,3.0
2019-11-27T06:00:00.0,0.0,1194.0,0.0,1065.0,16125.0,0.0,0.0,0.0,0.0,0.0,0.0,0.0,0.0,0.0,354.0,0.0,0.0,0.0,0.0,3.0
2019-11-27T07:00:00.0,0.0,1158.0,0.0,1071.0,19676.0,0.0,0.0,0.0,0.0,0.0,0.0,0.0,0.0,0.0,343.0,0.0,0.0,0.0,0.0,3.0
2019-11-27T08:00:00.0,0.0,1145.0,0.0,1075.0,20925.0,0.0,0.0,0.0,0.0,0.0,0.0,0.0,0.0,0.0,341.0,0.0,0.0,0.0,0.0,3.0
2019-11-27T09:00:00.0,0.0,976.0,0.0,1074.0,20249.0,0.0,0.0,0.0,0.0,0.0,0.0,0.0,0.0,0.0,342.0,0.0,0.0,0.0,0.0,3.0
2019-11-27T10:00:00.0,0.0,977.0,0.0,1081.0,19552.0,0.0,0.0,0.0,0.0,0.0,0.0,0.0,0.0,0.0,338.0,0.0,0.0,0.0,0.0,3.0
2019-11-27T11:00:00.0,0.0,920.0,0.0,1079.0,19543.0,0.0,0.0,0.0,0.0,0.0,0.0,0.0,0.0,0.0,334.0,0.0,0.0,0.0,0.0,3.0
2019-11-27T12:00:00.0,0.0,911.0,0.0,1081.0,19698.0,0.0,0.0,0.0,0.0,0.0,0.0,0.0,0.0,0.0,336.0,0.0,0.0,0.0,0.0,3.0
2019-11-27T13:00:00.0,0.0,919.0,0.0,1080.0,19742.0,0.0,0.0,0.0,0.0,0.0,0.0,0.0,0.0,0.0,337.0,0.0,0.0,0.0,0.0,3.0
2019-11-27T14:00:00.0,0.0,985.0,0.0,1080.0,19157.0,0.0,0.0,0.0,0.0,0.0,0.0,0.0,0.0,0.0,346.0,0.0,0.0,0.0,0.0,3.0
2019-11-27T15:00:00.0,0.0,1144.0,0.0,1082.0,20119.0,0.0,0.0,0.0,0.0,0.0,0.0,0.0,0.0,0.0,340.0,0.0,0.0,0.0,0.0,3.0
2019-11-27T16:00:00.0,0.0,1100.0,0.0,1081.0,20181.0,0.0,0.0,0.0,0.0,0.0,0.0,0.0,0.0,0.0,343.0,0.0,0.0,0.0,0.0,3.0
2019-11-27T17:00:00.0,0.0,976.0,0.0,1082.0,20022.0,0.0,0.0,0.0,0.0,0.0,0.0,0.0,0.0,0.0,344.0,0.0,0.0,0.0,0.0,3.0
2019-11-27T18:00:00.0,0.0,1029.0,0.0,1087.0,19660.0,0.0,0.0,0.0,0.0,0.0,0.0,0.0,0.0,0.0,344.0,0.0,0.0,0.0,0.0,3.0
2019-11-27T19:00:00.0,0.0,850.0,0.0,1077.0,17784.0,0.0,0.0,0.0,0.0,0.0,0.0,0.0,0.0,0.0,344.0,0.0,0.0,0.0,0.0,3.0
2019-11-27T20:00:00.0,0.0,925.0,0.0,1078.0,16015.0,0.0,0.0,0.0,0.0,0.0,0.0,0.0,0.0,0.0,344.0,0.0,0.0,0.0,0.0,3.0
2019-11-27T21:00:00.0,0.0,921.0,0.0,1076.0,14810.0,0.0,0.0,0.0,0.0,0.0,0.0,0.0,0.0,0.0,345.0,0.0,0.0,0.0,0.0,3.0
2019-11-27T22:00:00.0,0.0,861.0,0.0,1073.0,13573.0,0.0,0.0,0.0,0.0,0.0,0.0,0.0,0.0,0.0,341.0,0.0,0.0,0.0,0.0,3.0
2019-11-27T23:00:00.0,0.0,707.0,0.0,1070.0,12494.0,0.0,0.0,0.0,0.0,0.0,0.0,0.0,0.0,0.0,334.0,0.0,0.0,0.0,0.0,3.0
2019-11-28T00:00:00.0,0.0,600.0,0.0,1057.0,11807.0,0.0,0.0,0.0,0.0,0.0,0.0,0.0,0.0,0.0,343.0,0.0,0.0,0.0,0.0,3.0
2019-11-28T01:00:00.0,0.0,625.0,0.0,1055.0,10650.0,0.0,0.0,0.0,0.0,0.0,0.0,0.0,0.0,0.0,347.0,0.0,0.0,0.0,0.0,3.0
2019-11-28T02:00:00.0,0.0,586.0,0.0,1056.0,10224.0,0.0,0.0,0.0,0.0,0.0,0.0,0.0,0.0,0.0,348.0,0.0,0.0,0.0,0.0,3.0
2019-11-28T03:00:00.0,0.0,528.0,0.0,1055.0,10405.0,0.0,0.0,0.0,0.0,0.0,0.0,0.0,0.0,0.0,345.0,0.0,0.0,0.0,0.0,3.0
2019-11-28T04:00:00.0,0.0,485.0,0.0,1063.0,11302.0,0.0,0.0,0.0,0.0,0.0,0.0,0.0,0.0,0.0,336.0,0.0,0.0,0.0,0.0,3.0
2019-11-28T05:00:00.0,0.0,448.0,0.0,1065.0,13911.0,0.0,0.0,0.0,0.0,0.0,0.0,0.0,0.0,0.0,338.0,0.0,0.0,0.0,0.0,3.0
2019-11-28T06:00:00.0,0.0,435.0,0.0,1064.0,16752.0,0.0,0.0,0.0,0.0,0.0,0.0,0.0,0.0,0.0,336.0,0.0,0.0,0.0,0.0,3.0
2019-11-28T07:00:00.0,0.0,454.0,0.0,1064.0,19317.0,0.0,0.0,0.0,0.0,0.0,0.0,0.0,0.0,0.0,346.0,0.0,0.0,0.0,0.0,3.0
2019-11-28T08:00:00.0,0.0,444.0,0.0,1071.0,19821.0,0.0,0.0,0.0,0.0,0.0,0.0,0.0,0.0,0.0,344.0,0.0,0.0,0.0,0.0,3.0
2019-11-28T09:00:00.0,0.0,358.0,0.0,1071.0,19096.0,0.0,0.0,0.0,0.0,0.0,0.0,0.0,0.0,0.0,343.0,0.0,0.0,0.0,0.0,3.0
2019-11-28T10:00:00.0,0.0,394.0,0.0,1071.0,18925.0,0.0,0.0,0.0,0.0,0.0,0.0,0.0,0.0,0.0,340.0,0.0,0.0,0.0,0.0,0.0
2019-11-28T11:00:00.0,0.0,319.0,0.0,1067.0,18444.0,0.0,0.0,0.0,0.0,0.0,0.0,0.0,0.0,0.0,342.0,0.0,0.0,0.0,0.0,0.0
2019-11-28T12:00:00.0,0.0,397.0,0.0,1073.0,19274.0,0.0,0.0,0.0,0.0,0.0,0.0,0.0,0.0,0.0,351.0,0.0,0.0,0.0,0.0,0.0
2019-11-28T13:00:00.0,0.0,424.0,0.0,1076.0,19658.0,0.0,0.0,0.0,0.0,0.0,0.0,0.0,0.0,0.0,356.0,0.0,0.0,0.0,0.0,0.0
2019-11-28T14:00:00.0,0.0,447.0,0.0,1073.0,19297.0,0.0,0.0,0.0,0.0,0.0,0.0,0.0,0.0,0.0,341.0,0.0,0.0,0.0,0.0,0.0
2019-11-28T15:00:00.0,0.0,507.0,0.0,1076.0,18884.0,0.0,0.0,0.0,0.0,0.0,0.0,0.0,0.0,0.0,343.0,0.0,0.0,0.0,0.0,0.0
2019-11-28T16:00:00.0,0.0,601.0,0.0,1075.0,19036.0,0.0,0.0,0.0,0.0,0.0,0.0,0.0,0.0,0.0,344.0,0.0,0.0,0.0,0.0,0.0
2019-11-28T17:00:00.0,0.0,637.0,0.0,1079.0,19057.0,0.0,0.0,0.0,0.0,0.0,0.0,0.0,0.0,0.0,346.0,0.0,0.0,0.0,0.0,0.0
2019-11-28T18:00:00.0,0.0,796.0,0.0,1074.0,18426.0,0.0,0.0,0.0,0.0,0.0,0.0,0.0,0.0,0.0,342.0,0.0,0.0,0.0,0.0,0.0
2019-11-28T19:00:00.0,0.0,845.0,0.0,1075.0,16690.0,0.0,0.0,0.0,0.0,0.0,0.0,0.0,0.0,0.0,343.0,0.0,0.0,0.0,0.0,0.0
2019-11-28T20:00:00.0,0.0,964.0,0.0,1073.0,15795.0,0.0,0.0,0.0,0.0,0.0,0.0,0.0,0.0,0.0,338.0,0.0,0.0,0.0,0.0,0.0
2019-11-28T21:00:00.0,0.0,975.0,0.0,1076.0,14739.0,0.0,0.0,0.0,0.0,0.0,0.0,0.0,0.0,0.0,324.0,0.0,0.0,0.0,0.0,0.0
2019-11-28T22:00:00.0,0.0,1021.0,0.0,1063.0,13293.0,0.0,0.0,0.0,0.0,0.0,0.0,0.0,0.0,0.0,325.0,0.0,0.0,0.0,0.0,0.0
2019-11-28T23:00:00.0,0.0,953.0,0.0,1064.0,11590.0,0.0,0.0,0.0,0.0,0.0,0.0,0.0,0.0,0.0,325.0,0.0,0.0,0.0,0.0,0.0
2019-11-29T00:00:00.0,0.0,1049.0,0.0,1066.0,10792.0,0.0,0.0,0.0,0.0,0.0,0.0,0.0,0.0,0.0,323.0,0.0,0.0,0.0,0.0,0.0
2019-11-29T01:00:00.0,0.0,953.0,0.0,1057.0,9503.0,0.0,0.0,0.0,0.0,0.0,0.0,0.0,0.0,0.0,329.0,0.0,0.0,0.0,0.0,0.0
2019-11-29T02:00:00.0,0.0,1103.0,0.0,1056.0,8585.0,0.0,0.0,0.0,0.0,0.0,0.0,0.0,0.0,0.0,327.0,0.0,0.0,0.0,0.0,0.0
2019-11-29T03:00:00.0,0.0,1094.0,0.0,1052.0,8687.0,0.0,0.0,0.0,0.0,0.0,0.0,0.0,0.0,0.0,332.0,0.0,0.0,0.0,0.0,0.0
2019-11-29T04:00:00.0,0.0,1258.0,0.0,1050.0,9249.0,0.0,0.0,0.0,0.0,0.0,0.0,0.0,0.0,0.0,335.0,0.0,0.0,0.0,0.0,0.0
2019-11-29T05:00:00.0,0.0,1202.0,0.0,1054.0,11423.0,0.0,0.0,0.0,0.0,0.0,0.0,0.0,0.0,0.0,341.0,0.0,0.0,0.0,0.0,0.0
2019-11-29T06:00:00.0,0.0,1290.0,0.0,1056.0,14263.0,0.0,0.0,0.0,0.0,0.0,0.0,0.0,0.0,0.0,344.0,0.0,0.0,0.0,0.0,0.0
2019-11-29T07:00:00.0,0.0,1243.0,0.0,1063.0,17530.0,0.0,0.0,0.0,0.0,0.0,0.0,0.0,0.0,0.0,343.0,0.0,0.0,0.0,0.0,0.0
2019-11-29T08:00:00.0,0.0,1125.0,0.0,1059.0,18557.0,0.0,0.0,0.0,0.0,0.0,0.0,0.0,0.0,0.0,343.0,0.0,0.0,0.0,0.0,0.0
2019-11-29T09:00:00.0,0.0,1058.0,0.0,1068.0,18850.0,0.0,0.0,0.0,0.0,0.0,0.0,0.0,0.0,0.0,343.0,0.0,0.0,0.0,0.0,0.0
2019-11-29T10:00:00.0,0.0,1034.0,0.0,1065.0,18793.0,0.0,0.0,0.0,0.0,0.0,0.0,0.0,0.0,0.0,341.0,0.0,0.0,0.0,0.0,0.0
2019-11-29T11:00:00.0,0.0,1015.0,0.0,1068.0,17744.0,0.0,0.0,0.0,0.0,0.0,0.0,0.0,0.0,0.0,339.0,0.0,0.0,0.0,0.0,0.0
2019-11-29T12:00:00.0,0.0,1044.0,0.0,1067.0,17082.0,0.0,0.0,0.0,0.0,0.0,0.0,0.0,0.0,0.0,342.0,0.0,0.0,0.0,0.0,0.0
2019-11-29T13:00:00.0,0.0,1172.0,0.0,1060.0,17482.0,0.0,0.0,0.0,0.0,0.0,0.0,0.0,0.0,0.0,342.0,0.0,0.0,0.0,0.0,0.0
2019-11-29T14:00:00.0,0.0,1109.0,0.0,1059.0,18046.0,0.0,0.0,0.0,0.0,0.0,0.0,0.0,0.0,0.0,343.0,0.0,0.0,0.0,0.0,0.0
2019-11-29T15:00:00.0,0.0,1252.0,0.0,1059.0,18784.0,0.0,0.0,0.0,0.0,0.0,0.0,0.0,0.0,0.0,362.0,0.0,0.0,0.0,0.0,0.0
2019-11-29T16:00:00.0,0.0,1299.0,0.0,1054.0,19759.0,0.0,0.0,0.0,0.0,0.0,0.0,0.0,0.0,0.0,353.0,0.0,0.0,0.0,0.0,0.0
2019-11-29T17:00:00.0,0.0,1260.0,0.0,1053.0,19591.0,0.0,0.0,0.0,0.0,0.0,0.0,0.0,0.0,0.0,357.0,0.0,0.0,0.0,0.0,0.0
2019-11-29T18:00:00.0,0.0,1136.0,0.0,1053.0,18743.0,0.0,0.0,0.0,0.0,0.0,0.0,0.0,0.0,0.0,357.0,0.0,0.0,0.0,0.0,0.0
2019-11-29T19:00:00.0,0.0,1094.0,0.0,1052.0,18065.0,0.0,0.0,0.0,0.0,0.0,0.0,0.0,0.0,0.0,353.0,0.0,0.0,0.0,0.0,0.0
2019-11-29T20:00:00.0,0.0,954.0,0.0,1047.0,17412.0,0.0,0.0,0.0,0.0,0.0,0.0,0.0,0.0,0.0,353.0,0.0,0.0,0.0,0.0,0.0
2019-11-29T21:00:00.0,0.0,862.0,0.0,1044.0,16381.0,0.0,0.0,0.0,0.0,0.0,0.0,0.0,0.0,0.0,353.0,0.0,0.0,0.0,0.0,0.0
2019-11-29T22:00:00.0,0.0,943.0,0.0,1043.0,14929.0,0.0,0.0,0.0,0.0,0.0,0.0,0.0,0.0,0.0,355.0,0.0,0.0,0.0,0.0,0.0
2019-11-29T23:00:00.0,0.0,967.0,0.0,1042.0,12594.0,0.0,0.0,0.0,0.0,0.0,0.0,0.0,0.0,0.0,356.0,0.0,0.0,0.0,0.0,0.0
2019-11-30T00:00:00.0,0.0,1262.0,0.0,1003.0,12002.0,0.0,0.0,0.0,0.0,0.0,0.0,0.0,0.0,0.0,355.0,0.0,0.0,0.0,0.0,0.0
2019-11-30T01:00:00.0,0.0,1235.0,0.0,983.0,11457.0,0.0,0.0,0.0,0.0,0.0,0.0,0.0,0.0,0.0,356.0,0.0,0.0,0.0,0.0,0.0
2019-11-30T02:00:00.0,0.0,1253.0,0.0,976.0,10840.0,0.0,0.0,0.0,0.0,0.0,0.0,0.0,0.0,0.0,356.0,0.0,0.0,0.0,0.0,0.0
2019-11-30T03:00:00.0,0.0,1430.0,0.0,967.0,10690.0,0.0,0.0,0.0,0.0,0.0,0.0,0.0,0.0,0.0,356.0,0.0,0.0,0.0,0.0,0.0
2019-11-30T04:00:00.0,0.0,1417.0,0.0,967.0,10678.0,0.0,0.0,0.0,0.0,0.0,0.0,0.0,0.0,0.0,355.0,0.0,0.0,0.0,0.0,0.0
2019-11-30T05:00:00.0,0.0,1398.0,0.0,968.0,11004.0,0.0,0.0,0.0,0.0,0.0,0.0,0.0,0.0,0.0,353.0,0.0,0.0,0.0,0.0,0.0
2019-11-30T06:00:00.0,0.0,1322.0,0.0,967.0,11360.0,0.0,0.0,0.0,0.0,0.0,0.0,0.0,0.0,0.0,356.0,0.0,0.0,0.0,0.0,0.0
2019-11-30T07:00:00.0,0.0,1251.0,0.0,970.0,13780.0,0.0,0.0,0.0,0.0,0.0,0.0,0.0,0.0,0.0,357.0,0.0,0.0,0.0,0.0,0.0
2019-11-30T08:00:00.0,0.0,1190.0,0.0,973.0,16390.0,0.0,0.0,0.0,0.0,0.0,0.0,0.0,0.0,0.0,355.0,0.0,0.0,0.0,0.0,0.0
2019-11-30T09:00:00.0,0.0,1090.0,0.0,980.0,18058.0,0.0,0.0,0.0,0.0,0.0,0.0,0.0,0.0,0.0,353.0,0.0,0.0,0.0,0.0,0.0
2019-11-30T10:00:00.0,0.0,1010.0,0.0,985.0,18460.0,0.0,0.0,0.0,0.0,0.0,0.0,0.0,0.0,0.0,349.0,0.0,0.0,0.0,0.0,0.0
2019-11-30T11:00:00.0,0.0,1056.0,0.0,995.0,17691.0,0.0,0.0,0.0,0.0,0.0,0.0,0.0,0.0,0.0,349.0,0.0,0.0,0.0,0.0,0.0
2019-11-30T12:00:00.0,0.0,1078.0,0.0,994.0,16564.0,0.0,0.0,0.0,0.0,0.0,0.0,0.0,0.0,0.0,350.0,0.0,0.0,0.0,0.0,0.0
2019-11-30T13:00:00.0,0.0,1115.0,0.0,995.0,15634.0,0.0,0.0,0.0,0.0,0.0,0.0,0.0,0.0,0.0,352.0,0.0,0.0,0.0,0.0,0.0
2019-11-30T14:00:00.0,0.0,1151.0,0.0,995.0,16246.0,0.0,0.0,0.0,0.0,0.0,0.0,0.0,0.0,0.0,355.0,0.0,0.0,0.0,0.0,0.0
2019-11-30T15:00:00.0,0.0,1108.0,0.0,995.0,18177.0,0.0,0.0,0.0,0.0,0.0,0.0,0.0,0.0,0.0,353.0,0.0,0.0,0.0,0.0,3.0
2019-11-30T16:00:00.0,0.0,1123.0,0.0,998.0,20976.0,0.0,0.0,0.0,0.0,0.0,0.0,0.0,0.0,0.0,349.0,0.0,0.0,0.0,0.0,3.0
2019-11-30T17:00:00.0,0.0,1060.0,0.0,998.0,21446.0,0.0,0.0,0.0,0.0,0.0,0.0,0.0,0.0,0.0,349.0,0.0,0.0,0.0,0.0,3.0
2019-11-30T18:00:00.0,0.0,1147.0,0.0,998.0,20973.0,0.0,0.0,0.0,0.0,0.0,0.0,0.0,0.0,0.0,350.0,0.0,0.0,0.0,0.0,3.0
2019-11-30T19:00:00.0,0.0,1144.0,0.0,995.0,20155.0,0.0,0.0,0.0,0.0,0.0,0.0,0.0,0.0,0.0,345.0,0.0,0.0,0.0,0.0,3.0
2019-11-30T20:00:00.0,0.0,1181.0,0.0,993.0,19079.0,0.0,0.0,0.0,0.0,0.0,0.0,0.0,0.0,0.0,348.0,0.0,0.0,0.0,0.0,3.0
2019-11-30T21:00:00.0,0.0,1239.0,0.0,993.0,18070.0,0.0,0.0,0.0,0.0,0.0,0.0,0.0,0.0,0.0,347.0,0.0,0.0,0.0,0.0,1.0
2019-11-30T22:00:00.0,0.0,1238.0,0.0,994.0,16705.0,0.0,0.0,0.0,0.0,0.0,0.0,0.0,0.0,0.0,351.0,0.0,0.0,0.0,0.0,0.0
2019-11-30T23:00:00.0,0.0,1245.0,0.0,990.0,15209.0,0.0,0.0,0.0,0.0,0.0,0.0,0.0,0.0,0.0,348.0,0.0,0.0,0.0,0.0,0.0
2019-12-01T00:00:00.0,0.0,1247.0,0.0,973.0,12924.0,0.0,0.0,0.0,0.0,0.0,0.0,0.0,0.0,0.0,349.0,0.0,0.0,0.0,0.0,0.0
2019-12-01T01:00:00.0,0.0,1267.0,0.0,965.0,11427.0,0.0,0.0,0.0,0.0,0.0,0.0,0.0,0.0,0.0,350.0,0.0,0.0,0.0,0.0,0.0
2019-12-01T02:00:00.0,0.0,1344.0,0.0,961.0,11011.0,0.0,0.0,0.0,0.0,0.0,0.0,0.0,0.0,0.0,351.0,0.0,0.0,0.0,0.0,0.0
2019-12-01T03:00:00.0,0.0,1367.0,0.0,957.0,10840.0,0.0,0.0,0.0,0.0,0.0,0.0,0.0,0.0,0.0,350.0,0.0,0.0,0.0,0.0,0.0
2019-12-01T04:00:00.0,0.0,1349.0,0.0,956.0,10834.0,0.0,0.0,0.0,0.0,0.0,0.0,0.0,0.0,0.0,348.0,0.0,0.0,0.0,0.0,0.0
2019-12-01T05:00:00.0,0.0,1336.0,0.0,956.0,10890.0,0.0,0.0,0.0,0.0,0.0,0.0,0.0,0.0,0.0,352.0,0.0,0.0,0.0,0.0,0.0
2019-12-01T06:00:00.0,0.0,1298.0,0.0,957.0,10917.0,0.0,0.0,0.0,0.0,0.0,0.0,0.0,0.0,0.0,354.0,0.0,0.0,0.0,0.0,0.0
2019-12-01T07:00:00.0,0.0,1235.0,0.0,958.0,11789.0,0.0,0.0,0.0,0.0,0.0,0.0,0.0,0.0,0.0,355.0,0.0,0.0,0.0,0.0,0.0
2019-12-01T08:00:00.0,0.0,1231.0,0.0,957.0,13925.0,0.0,0.0,0.0,0.0,0.0,0.0,0.0,0.0,0.0,348.0,0.0,0.0,0.0,0.0,0.0
2019-12-01T09:00:00.0,0.0,1072.0,0.0,953.0,16579.0,0.0,0.0,0.0,0.0,0.0,0.0,0.0,0.0,0.0,354.0,0.0,0.0,0.0,0.0,0.0
2019-12-01T10:00:00.0,0.0,981.0,0.0,955.0,18164.0,0.0,0.0,0.0,0.0,0.0,0.0,0.0,0.0,0.0,356.0,0.0,0.0,0.0,0.0,0.0
2019-12-01T11:00:00.0,0.0,976.0,0.0,955.0,18437.0,0.0,0.0,0.0,0.0,0.0,0.0,0.0,0.0,0.0,356.0,0.0,0.0,0.0,0.0,0.0
2019-12-01T12:00:00.0,0.0,940.0,0.0,955.0,17887.0,0.0,0.0,0.0,0.0,0.0,0.0,0.0,0.0,0.0,353.0,0.0,0.0,0.0,0.0,0.0
2019-12-01T13:00:00.0,0.0,970.0,0.0,955.0,17343.0,0.0,0.0,0.0,0.0,0.0,0.0,0.0,0.0,0.0,354.0,0.0,0.0,0.0,0.0,0.0
2019-12-01T14:00:00.0,0.0,985.0,0.0,954.0,18064.0,0.0,0.0,0.0,0.0,0.0,0.0,0.0,0.0,0.0,353.0,0.0,0.0,0.0,0.0,0.0
2019-12-01T15:00:00.0,0.0,1009.0,0.0,950.0,18841.0,0.0,0.0,0.0,0.0,0.0,0.0,0.0,0.0,0.0,353.0,0.0,0.0,0.0,0.0,0.0
2019-12-01T16:00:00.0,0.0,1067.0,0.0,950.0,19535.0,0.0,0.0,0.0,0.0,0.0,0.0,0.0,0.0,0.0,353.0,0.0,0.0,0.0,0.0,0.0
2019-12-01T17:00:00.0,0.0,1159.0,0.0,950.0,19282.0,0.0,0.0,0.0,0.0,0.0,0.0,0.0,0.0,0.0,356.0,0.0,0.0,0.0,0.0,0.0
2019-12-01T18:00:00.0,0.0,1036.0,0.0,950.0,18902.0,0.0,0.0,0.0,0.0,0.0,0.0,0.0,0.0,0.0,356.0,0.0,0.0,0.0,0.0,0.0
2019-12-01T19:00:00.0,0.0,1030.0,0.0,950.0,18199.0,0.0,0.0,0.0,0.0,0.0,0.0,0.0,0.0,0.0,354.0,0.0,0.0,0.0,0.0,2.0
2019-12-01T20:00:00.0,0.0,888.0,0.0,949.0,17457.0,0.0,0.0,0.0,0.0,0.0,0.0,0.0,0.0,0.0,356.0,0.0,0.0,0.0,0.0,2.0
2019-12-01T21:00:00.0,0.0,907.0,0.0,947.0,16234.0,0.0,0.0,0.0,0.0,0.0,0.0,0.0,0.0,0.0,351.0,0.0,0.0,0.0,0.0,2.0
2019-12-01T22:00:00.0,0.0,1086.0,0.0,948.0,14827.0,0.0,0.0,0.0,0.0,0.0,0.0,0.0,0.0,0.0,353.0,0.0,0.0,0.0,0.0,2.0
2019-12-01T23:00:00.0,0.0,1047.0,0.0,943.0,12827.0,0.0,0.0,0.0,0.0,0.0,0.0,0.0,0.0,0.0,352.0,0.0,0.0,0.0,0.0,2.0
2019-12-02T00:00:00.0,0.0,993.0,0.0,938.0,11251.0,0.0,0.0,0.0,0.0,0.0,0.0,0.0,0.0,0.0,357.0,0.0,0.0,0.0,0.0,30.0
2019-12-02T01:00:00.0,0.0,1159.0,0.0,939.0,10925.0,0.0,0.0,0.0,0.0,0.0,0.0,0.0,0.0,0.0,351.0,0.0,0.0,0.0,0.0,28.0
2019-12-02T02:00:00.0,0.0,1217.0,0.0,938.0,10644.0,0.0,0.0,0.0,0.0,0.0,0.0,0.0,0.0,0.0,357.0,0.0,0.0,0.0,0.0,28.0
2019-12-02T03:00:00.0,0.0,1266.0,0.0,937.0,10102.0,0.0,0.0,0.0,0.0,0.0,0.0,0.0,0.0,0.0,357.0,0.0,0.0,0.0,0.0,28.0
2019-12-02T04:00:00.0,0.0,1144.0,0.0,951.0,10948.0,0.0,0.0,0.0,0.0,0.0,0.0,0.0,0.0,0.0,358.0,0.0,0.0,0.0,0.0,29.0
2019-12-02T05:00:00.0,0.0,1121.0,0.0,960.0,13402.0,0.0,0.0,0.0,0.0,0.0,0.0,0.0,0.0,0.0,352.0,0.0,0.0,0.0,0.0,29.0
2019-12-02T06:00:00.0,0.0,1074.0,0.0,983.0,18188.0,0.0,0.0,0.0,0.0,0.0,0.0,0.0,0.0,0.0,358.0,0.0,0.0,0.0,0.0,27.0
2019-12-02T07:00:00.0,0.0,978.0,0.0,1007.0,22243.0,0.0,0.0,0.0,0.0,0.0,0.0,0.0,0.0,0.0,352.0,0.0,0.0,0.0,0.0,21.0
2019-12-02T08:00:00.0,0.0,1004.0,0.0,1019.0,22571.0,0.0,0.0,0.0,0.0,0.0,0.0,0.0,0.0,0.0,378.0,0.0,0.0,0.0,0.0,18.0
2019-12-02T09:00:00.0,0.0,971.0,0.0,1017.0,22577.0,0.0,0.0,0.0,0.0,0.0,0.0,0.0,0.0,0.0,359.0,0.0,0.0,0.0,0.0,17.0
2019-12-02T10:00:00.0,0.0,952.0,0.0,1018.0,21881.0,0.0,0.0,0.0,0.0,0.0,0.0,0.0,0.0,0.0,361.0,0.0,0.0,0.0,0.0,16.0
2019-12-02T11:00:00.0,0.0,903.0,0.0,1019.0,20866.0,0.0,0.0,0.0,0.0,0.0,0.0,0.0,0.0,0.0,362.0,0.0,0.0,0.0,0.0,8.0
2019-12-02T12:00:00.0,0.0,868.0,0.0,1015.0,19733.0,0.0,0.0,0.0,0.0,0.0,0.0,0.0,0.0,0.0,363.0,0.0,0.0,0.0,0.0,6.0
2019-12-02T13:00:00.0,0.0,759.0,0.0,1017.0,20558.0,0.0,0.0,0.0,0.0,0.0,0.0,0.0,0.0,0.0,354.0,0.0,0.0,0.0,0.0,6.0
2019-12-02T14:00:00.0,0.0,795.0,0.0,1016.0,21378.0,0.0,0.0,0.0,0.0,0.0,0.0,0.0,0.0,0.0,357.0,0.0,0.0,0.0,0.0,6.0
2019-12-02T15:00:00.0,0.0,778.0,0.0,1017.0,22041.0,0.0,0.0,0.0,0.0,0.0,0.0,0.0,0.0,0.0,333.0,0.0,0.0,0.0,0.0,8.0
2019-12-02T16:00:00.0,0.0,777.0,0.0,1016.0,22588.0,0.0,0.0,0.0,0.0,0.0,0.0,0.0,0.0,0.0,339.0,0.0,0.0,0.0,0.0,10.0
2019-12-02T17:00:00.0,0.0,816.0,0.0,1017.0,22623.0,0.0,0.0,0.0,0.0,0.0,0.0,0.0,0.0,0.0,332.0,0.0,0.0,0.0,0.0,13.0
2019-12-02T18:00:00.0,0.0,762.0,0.0,1018.0,22281.0,0.0,0.0,0.0,0.0,0.0,0.0,0.0,0.0,0.0,337.0,0.0,0.0,0.0,0.0,20.0
2019-12-02T19:00:00.0,0.0,742.0,0.0,1018.0,21199.0,0.0,0.0,0.0,0.0,0.0,0.0,0.0,0.0,0.0,335.0,0.0,0.0,0.0,0.0,27.0
2019-12-02T20:00:00.0,0.0,794.0,0.0,1019.0,20535.0,0.0,0.0,0.0,0.0,0.0,0.0,0.0,0.0,0.0,333.0,0.0,0.0,0.0,0.0,33.0
2019-12-02T21:00:00.0,0.0,819.0,0.0,1018.0,19968.0,0.0,0.0,0.0,0.0,0.0,0.0,0.0,0.0,0.0,336.0,0.0,0.0,0.0,0.0,35.0
2019-12-02T22:00:00.0,0.0,829.0,0.0,1017.0,18435.0,0.0,0.0,0.0,0.0,0.0,0.0,0.0,0.0,0.0,335.0,0.0,0.0,0.0,0.0,36.0
2019-12-02T23:00:00.0,0.0,891.0,0.0,1017.0,15593.0,0.0,0.0,0.0,0.0,0.0,0.0,0.0,0.0,0.0,334.0,0.0,0.0,0.0,0.0,40.0
2019-12-03T00:00:00.0,0.0,792.0,0.0,1016.0,14774.0,0.0,0.0,0.0,0.0,0.0,0.0,0.0,0.0,0.0,337.0,0.0,0.0,0.0,0.0,43.0
2019-12-03T01:00:00.0,0.0,792.0,0.0,1017.0,13521.0,0.0,0.0,0.0,0.0,0.0,0.0,0.0,0.0,0.0,342.0,0.0,0.0,0.0,0.0,44.0
2019-12-03T02:00:00.0,0.0,868.0,0.0,1018.0,13060.0,0.0,0.0,0.0,0.0,0.0,0.0,0.0,0.0,0.0,327.0,0.0,0.0,0.0,0.0,45.0
2019-12-03T03:00:00.0,0.0,833.0,0.0,1018.0,12714.0,0.0,0.0,0.0,0.0,0.0,0.0,0.0,0.0,0.0,324.0,0.0,0.0,0.0,0.0,45.0
2019-12-03T04:00:00.0,0.0,927.0,0.0,1019.0,13694.0,0.0,0.0,0.0,0.0,0.0,0.0,0.0,0.0,0.0,335.0,0.0,0.0,0.0,0.0,46.0
2019-12-03T05:00:00.0,0.0,1146.0,0.0,1022.0,17301.0,0.0,0.0,0.0,0.0,0.0,0.0,0.0,0.0,0.0,342.0,0.0,0.0,0.0,0.0,46.0
2019-12-03T06:00:00.0,0.0,1186.0,0.0,1026.0,19974.0,0.0,0.0,0.0,0.0,0.0,0.0,0.0,0.0,0.0,340.0,0.0,0.0,0.0,0.0,46.0
2019-12-03T07:00:00.0,0.0,1294.0,0.0,1033.0,21090.0,0.0,0.0,0.0,0.0,0.0,0.0,0.0,0.0,0.0,338.0,0.0,0.0,0.0,0.0,45.0
2019-12-03T08:00:00.0,0.0,1436.0,0.0,1037.0,21262.0,0.0,0.0,0.0,0.0,0.0,0.0,0.0,0.0,0.0,342.0,0.0,0.0,0.0,0.0,44.0
2019-12-03T09:00:00.0,0.0,1464.0,0.0,1041.0,20661.0,0.0,0.0,0.0,0.0,0.0,0.0,0.0,0.0,0.0,331.0,0.0,0.0,0.0,0.0,39.0
2019-12-03T10:00:00.0,0.0,1477.0,0.0,1050.0,21011.0,0.0,0.0,0.0,0.0,0.0,0.0,0.0,0.0,0.0,342.0,0.0,0.0,0.0,0.0,39.0
2019-12-03T11:00:00.0,0.0,1570.0,0.0,1054.0,20997.0,0.0,0.0,0.0,0.0,0.0,0.0,0.0,0.0,0.0,337.0,0.0,0.0,0.0,0.0,37.0
2019-12-03T12:00:00.0,0.0,1578.0,0.0,1063.0,20581.0,0.0,0.0,0.0,0.0,0.0,0.0,0.0,0.0,0.0,341.0,0.0,0.0,0.0,0.0,35.0
2019-12-03T13:00:00.0,0.0,1566.0,0.0,1070.0,20477.0,0.0,0.0,0.0,0.0,0.0,0.0,0.0,0.0,0.0,341.0,0.0,0.0,0.0,0.0,33.0
2019-12-03T14:00:00.0,0.0,1511.0,0.0,1081.0,20546.0,0.0,0.0,0.0,0.0,0.0,0.0,0.0,0.0,0.0,342.0,0.0,0.0,0.0,0.0,32.0
2019-12-03T15:00:00.0,0.0,1488.0,0.0,1090.0,21017.0,0.0,0.0,0.0,0.0,0.0,0.0,0.0,0.0,0.0,344.0,0.0,0.0,0.0,0.0,2.0
2019-12-03T16:00:00.0,0.0,1453.0,0.0,1096.0,21066.0,0.0,0.0,0.0,0.0,0.0,0.0,0.0,0.0,0.0,341.0,0.0,0.0,0.0,0.0,2.0
2019-12-03T17:00:00.0,0.0,1442.0,0.0,1104.0,20777.0,0.0,0.0,0.0,0.0,0.0,0.0,0.0,0.0,0.0,342.0,0.0,0.0,0.0,0.0,2.0
2019-12-03T18:00:00.0,0.0,1446.0,0.0,1114.0,20055.0,0.0,0.0,0.0,0.0,0.0,0.0,0.0,0.0,0.0,342.0,0.0,0.0,0.0,0.0,2.0
2019-12-03T19:00:00.0,0.0,1423.0,0.0,1124.0,18380.0,0.0,0.0,0.0,0.0,0.0,0.0,0.0,0.0,0.0,341.0,0.0,0.0,0.0,0.0,2.0
2019-12-03T20:00:00.0,0.0,1467.0,0.0,1133.0,16619.0,0.0,0.0,0.0,0.0,0.0,0.0,0.0,0.0,0.0,345.0,0.0,0.0,0.0,0.0,2.0
2019-12-03T21:00:00.0,0.0,1490.0,0.0,1135.0,14549.0,0.0,0.0,0.0,0.0,0.0,0.0,0.0,0.0,0.0,344.0,0.0,0.0,0.0,0.0,2.0
2019-12-03T22:00:00.0,0.0,1461.0,0.0,1133.0,12300.0,0.0,0.0,0.0,0.0,0.0,0.0,0.0,0.0,0.0,341.0,0.0,0.0,0.0,0.0,2.0
2019-12-03T23:00:00.0,0.0,1481.0,0.0,1124.0,10444.0,0.0,0.0,0.0,0.0,0.0,0.0,0.0,0.0,0.0,339.0,0.0,0.0,0.0,0.0,2.0
2019-12-04T00:00:00.0,0.0,1426.0,0.0,1137.0,9373.0,0.0,0.0,0.0,0.0,0.0,0.0,0.0,0.0,0.0,340.0,0.0,0.0,0.0,0.0,2.0
2019-12-04T01:00:00.0,0.0,1395.0,0.0,1131.0,9619.0,0.0,0.0,0.0,0.0,0.0,0.0,0.0,0.0,0.0,333.0,0.0,0.0,0.0,0.0,2.0
2019-12-04T02:00:00.0,0.0,1324.0,0.0,1115.0,9375.0,0.0,0.0,0.0,0.0,0.0,0.0,0.0,0.0,0.0,333.0,0.0,0.0,0.0,0.0,2.0
2019-12-04T03:00:00.0,0.0,1334.0,0.0,1103.0,9396.0,0.0,0.0,0.0,0.0,0.0,0.0,0.0,0.0,0.0,347.0,0.0,0.0,0.0,0.0,2.0
2019-12-04T04:00:00.0,0.0,1330.0,0.0,1091.0,10352.0,0.0,0.0,0.0,0.0,0.0,0.0,0.0,0.0,0.0,347.0,0.0,0.0,0.0,0.0,2.0
2019-12-04T05:00:00.0,0.0,1407.0,0.0,1086.0,12171.0,0.0,0.0,0.0,0.0,0.0,0.0,0.0,0.0,0.0,348.0,0.0,0.0,0.0,0.0,2.0
2019-12-04T06:00:00.0,0.0,1388.0,0.0,1086.0,16498.0,0.0,0.0,0.0,0.0,0.0,0.0,0.0,0.0,0.0,349.0,0.0,0.0,0.0,0.0,2.0
2019-12-04T07:00:00.0,0.0,1311.0,0.0,1093.0,19739.0,0.0,0.0,0.0,0.0,0.0,0.0,0.0,0.0,0.0,348.0,0.0,0.0,0.0,0.0,2.0
2019-12-04T08:00:00.0,0.0,1215.0,0.0,1098.0,20398.0,0.0,0.0,0.0,0.0,0.0,0.0,0.0,0.0,0.0,345.0,0.0,0.0,0.0,0.0,2.0
2019-12-04T09:00:00.0,0.0,1215.0,0.0,1105.0,20098.0,0.0,0.0,0.0,0.0,0.0,0.0,0.0,0.0,0.0,344.0,0.0,0.0,0.0,0.0,2.0
2019-12-04T10:00:00.0,0.0,1232.0,0.0,1094.0,19782.0,0.0,0.0,0.0,0.0,0.0,0.0,0.0,0.0,0.0,348.0,0.0,0.0,0.0,0.0,2.0
2019-12-04T11:00:00.0,0.0,1233.0,0.0,1097.0,19271.0,0.0,0.0,0.0,0.0,0.0,0.0,0.0,0.0,0.0,346.0,0.0,0.0,0.0,0.0,2.0
2019-12-04T12:00:00.0,0.0,1231.0,0.0,1090.0,19289.0,0.0,0.0,0.0,0.0,0.0,0.0,0.0,0.0,0.0,345.0,0.0,0.0,0.0,0.0,2.0
2019-12-04T13:00:00.0,0.0,1259.0,0.0,1084.0,18656.0,0.0,0.0,0.0,0.0,0.0,0.0,0.0,0.0,0.0,347.0,0.0,0.0,0.0,0.0,2.0
2019-12-04T14:00:00.0,0.0,1254.0,0.0,1104.0,18806.0,0.0,0.0,0.0,0.0,0.0,0.0,0.0,0.0,0.0,349.0,0.0,0.0,0.0,0.0,2.0
2019-12-04T15:00:00.0,0.0,1209.0,0.0,1104.0,19578.0,0.0,0.0,0.0,0.0,0.0,0.0,0.0,0.0,0.0,349.0,0.0,0.0,0.0,0.0,2.0
2019-12-04T16:00:00.0,0.0,1380.0,0.0,1106.0,19786.0,0.0,0.0,0.0,0.0,0.0,0.0,0.0,0.0,0.0,347.0,0.0,0.0,0.0,0.0,2.0
2019-12-04T17:00:00.0,0.0,1413.0,0.0,1119.0,19298.0,0.0,0.0,0.0,0.0,0.0,0.0,0.0,0.0,0.0,341.0,0.0,0.0,0.0,0.0,2.0
2019-12-04T18:00:00.0,0.0,1485.0,0.0,1128.0,18886.0,0.0,0.0,0.0,0.0,0.0,0.0,0.0,0.0,0.0,346.0,0.0,0.0,0.0,0.0,2.0
2019-12-04T19:00:00.0,0.0,1623.0,0.0,1133.0,17451.0,0.0,0.0,0.0,0.0,0.0,0.0,0.0,0.0,0.0,348.0,0.0,0.0,0.0,0.0,2.0
2019-12-04T20:00:00.0,0.0,1740.0,0.0,1137.0,15569.0,0.0,0.0,0.0,0.0,0.0,0.0,0.0,0.0,0.0,347.0,0.0,0.0,0.0,0.0,2.0
2019-12-04T21:00:00.0,0.0,1907.0,0.0,1144.0,14347.0,0.0,0.0,0.0,0.0,0.0,0.0,0.0,0.0,0.0,344.0,0.0,0.0,0.0,0.0,2.0
2019-12-04T22:00:00.0,0.0,1910.0,0.0,1150.0,12418.0,0.0,0.0,0.0,0.0,0.0,0.0,0.0,0.0,0.0,349.0,0.0,0.0,0.0,0.0,2.0
2019-12-04T23:00:00.0,0.0,1923.0,0.0,1161.0,10723.0,0.0,0.0,0.0,0.0,0.0,0.0,0.0,0.0,0.0,344.0,0.0,0.0,0.0,0.0,2.0
2019-12-05T00:00:00.0,0.0,1936.0,0.0,1198.0,9566.0,0.0,0.0,0.0,0.0,0.0,0.0,0.0,0.0,0.0,351.0,0.0,0.0,0.0,0.0,2.0
2019-12-05T01:00:00.0,0.0,1787.0,0.0,1206.0,8294.0,0.0,0.0,0.0,0.0,0.0,0.0,0.0,0.0,0.0,349.0,0.0,0.0,0.0,0.0,2.0
2019-12-05T02:00:00.0,0.0,1822.0,0.0,1212.0,8146.0,0.0,0.0,0.0,0.0,0.0,0.0,0.0,0.0,0.0,347.0,0.0,0.0,0.0,0.0,2.0
2019-12-05T03:00:00.0,0.0,1817.0,0.0,1211.0,8606.0,0.0,0.0,0.0,0.0,0.0,0.0,0.0,0.0,0.0,349.0,0.0,0.0,0.0,0.0,2.0
2019-12-05T04:00:00.0,0.0,1810.0,0.0,1216.0,9452.0,0.0,0.0,0.0,0.0,0.0,0.0,0.0,0.0,0.0,350.0,0.0,0.0,0.0,0.0,2.0
2019-12-05T05:00:00.0,0.0,1786.0,0.0,1215.0,11073.0,0.0,0.0,0.0,0.0,0.0,0.0,0.0,0.0,0.0,349.0,0.0,0.0,0.0,0.0,2.0
2019-12-05T06:00:00.0,0.0,1799.0,0.0,1216.0,14160.0,0.0,0.0,0.0,0.0,0.0,0.0,0.0,0.0,0.0,348.0,0.0,0.0,0.0,0.0,2.0
2019-12-05T07:00:00.0,0.0,1787.0,0.0,1207.0,17597.0,0.0,0.0,0.0,0.0,0.0,0.0,0.0,0.0,0.0,349.0,0.0,0.0,0.0,0.0,2.0
2019-12-05T08:00:00.0,0.0,1838.0,0.0,1191.0,18394.0,0.0,0.0,0.0,0.0,0.0,0.0,0.0,0.0,0.0,349.0,0.0,0.0,0.0,0.0,2.0
2019-12-05T09:00:00.0,0.0,1806.0,0.0,1193.0,17765.0,0.0,0.0,0.0,0.0,0.0,0.0,0.0,0.0,0.0,345.0,0.0,0.0,0.0,0.0,2.0
2019-12-05T10:00:00.0,0.0,1813.0,0.0,1190.0,16905.0,0.0,0.0,0.0,0.0,0.0,0.0,0.0,0.0,0.0,349.0,0.0,0.0,0.0,0.0,2.0
2019-12-05T11:00:00.0,0.0,1810.0,0.0,1200.0,16434.0,0.0,0.0,0.0,0.0,0.0,0.0,0.0,0.0,0.0,349.0,0.0,0.0,0.0,0.0,2.0
2019-12-05T12:00:00.0,0.0,1733.0,0.0,1198.0,16145.0,0.0,0.0,0.0,0.0,0.0,0.0,0.0,0.0,0.0,346.0,0.0,0.0,0.0,0.0,2.0
2019-12-05T13:00:00.0,0.0,1765.0,0.0,1194.0,15708.0,0.0,0.0,0.0,0.0,0.0,0.0,0.0,0.0,0.0,350.0,0.0,0.0,0.0,0.0,2.0
2019-12-05T14:00:00.0,0.0,1715.0,0.0,1194.0,15787.0,0.0,0.0,0.0,0.0,0.0,0.0,0.0,0.0,0.0,347.0,0.0,0.0,0.0,0.0,2.0
2019-12-05T15:00:00.0,0.0,1774.0,0.0,1185.0,16779.0,0.0,0.0,0.0,0.0,0.0,0.0,0.0,0.0,0.0,350.0,0.0,0.0,0.0,0.0,4.0
2019-12-05T16:00:00.0,0.0,1726.0,0.0,1196.0,17764.0,0.0,0.0,0.0,0.0,0.0,0.0,0.0,0.0,0.0,350.0,0.0,0.0,0.0,0.0,4.0
2019-12-05T17:00:00.0,0.0,1691.0,0.0,1196.0,17842.0,0.0,0.0,0.0,0.0,0.0,0.0,0.0,0.0,0.0,331.0,0.0,0.0,0.0,0.0,4.0
2019-12-05T18:00:00.0,0.0,1700.0,0.0,1204.0,15690.0,0.0,0.0,0.0,0.0,0.0,0.0,0.0,0.0,0.0,329.0,0.0,0.0,0.0,0.0,3.0
2019-12-05T19:00:00.0,0.0,1692.0,0.0,1208.0,12886.0,0.0,0.0,0.0,0.0,0.0,0.0,0.0,0.0,0.0,333.0,0.0,0.0,0.0,0.0,3.0
2019-12-05T20:00:00.0,0.0,1618.0,0.0,1210.0,11869.0,0.0,0.0,0.0,0.0,0.0,0.0,0.0,0.0,0.0,328.0,0.0,0.0,0.0,0.0,3.0
2019-12-05T21:00:00.0,0.0,1624.0,0.0,1201.0,11093.0,0.0,0.0,0.0,0.0,0.0,0.0,0.0,0.0,0.0,329.0,0.0,0.0,0.0,0.0,3.0
2019-12-05T22:00:00.0,0.0,1548.0,0.0,1200.0,9821.0,0.0,0.0,0.0,0.0,0.0,0.0,0.0,0.0,0.0,330.0,0.0,0.0,0.0,0.0,3.0
2019-12-05T23:00:00.0,0.0,1385.0,0.0,1198.0,8376.0,0.0,0.0,0.0,0.0,0.0,0.0,0.0,0.0,0.0,331.0,0.0,0.0,0.0,0.0,3.0
2019-12-06T00:00:00.0,0.0,1317.0,0.0,1219.0,7702.0,0.0,0.0,0.0,0.0,0.0,0.0,0.0,0.0,0.0,348.0,0.0,0.0,0.0,0.0,4.0
2019-12-06T01:00:00.0,0.0,1204.0,0.0,1200.0,7311.0,0.0,0.0,0.0,0.0,0.0,0.0,0.0,0.0,0.0,348.0,0.0,0.0,0.0,0.0,4.0
2019-12-06T02:00:00.0,0.0,1091.0,0.0,1195.0,7385.0,0.0,0.0,0.0,0.0,0.0,0.0,0.0,0.0,0.0,351.0,0.0,0.0,0.0,0.0,4.0
2019-12-06T03:00:00.0,0.0,1099.0,0.0,1190.0,7834.0,0.0,0.0,0.0,0.0,0.0,0.0,0.0,0.0,0.0,349.0,0.0,0.0,0.0,0.0,3.0
2019-12-06T04:00:00.0,0.0,1252.0,0.0,1189.0,7858.0,0.0,0.0,0.0,0.0,0.0,0.0,0.0,0.0,0.0,349.0,0.0,0.0,0.0,0.0,3.0
2019-12-06T05:00:00.0,0.0,1322.0,0.0,1188.0,9291.0,0.0,0.0,0.0,0.0,0.0,0.0,0.0,0.0,0.0,349.0,0.0,0.0,0.0,0.0,3.0
2019-12-06T06:00:00.0,0.0,1314.0,0.0,1180.0,11887.0,0.0,0.0,0.0,0.0,0.0,0.0,0.0,0.0,0.0,348.0,0.0,0.0,0.0,0.0,3.0
2019-12-06T07:00:00.0,0.0,1208.0,0.0,1181.0,14376.0,0.0,0.0,0.0,0.0,0.0,0.0,0.0,0.0,0.0,344.0,0.0,0.0,0.0,0.0,3.0
2019-12-06T08:00:00.0,0.0,1293.0,0.0,1177.0,16306.0,0.0,0.0,0.0,0.0,0.0,0.0,0.0,0.0,0.0,345.0,0.0,0.0,0.0,0.0,3.0
2019-12-06T09:00:00.0,0.0,1253.0,0.0,1186.0,15547.0,0.0,0.0,0.0,0.0,0.0,0.0,0.0,0.0,0.0,347.0,0.0,0.0,0.0,0.0,3.0
2019-12-06T10:00:00.0,0.0,1235.0,0.0,1204.0,15589.0,0.0,0.0,0.0,0.0,0.0,0.0,0.0,0.0,0.0,347.0,0.0,0.0,0.0,0.0,3.0
2019-12-06T11:00:00.0,0.0,1211.0,0.0,1236.0,15681.0,0.0,0.0,0.0,0.0,0.0,0.0,0.0,0.0,0.0,346.0,0.0,0.0,0.0,0.0,3.0
2019-12-06T12:00:00.0,0.0,1152.0,0.0,1231.0,14960.0,0.0,0.0,0.0,0.0,0.0,0.0,0.0,0.0,0.0,348.0,0.0,0.0,0.0,0.0,4.0
2019-12-06T13:00:00.0,0.0,1245.0,0.0,1231.0,14952.0,0.0,0.0,0.0,0.0,0.0,0.0,0.0,0.0,0.0,347.0,0.0,0.0,0.0,0.0,4.0
2019-12-06T14:00:00.0,0.0,1211.0,0.0,1226.0,14985.0,0.0,0.0,0.0,0.0,0.0,0.0,0.0,0.0,0.0,348.0,0.0,0.0,0.0,0.0,4.0
2019-12-06T15:00:00.0,0.0,1241.0,0.0,1225.0,14989.0,0.0,0.0,0.0,0.0,0.0,0.0,0.0,0.0,0.0,350.0,0.0,0.0,0.0,0.0,4.0
2019-12-06T16:00:00.0,0.0,1159.0,0.0,1221.0,15442.0,0.0,0.0,0.0,0.0,0.0,0.0,0.0,0.0,0.0,367.0,0.0,0.0,0.0,0.0,4.0
2019-12-06T17:00:00.0,0.0,1127.0,0.0,1220.0,15777.0,0.0,0.0,0.0,0.0,0.0,0.0,0.0,0.0,0.0,368.0,0.0,0.0,0.0,0.0,4.0
2019-12-06T18:00:00.0,0.0,1149.0,0.0,1243.0,14067.0,0.0,0.0,0.0,0.0,0.0,0.0,0.0,0.0,0.0,343.0,0.0,0.0,0.0,0.0,4.0
2019-12-06T19:00:00.0,0.0,987.0,0.0,1236.0,12618.0,0.0,0.0,0.0,0.0,0.0,0.0,0.0,0.0,0.0,345.0,0.0,0.0,0.0,0.0,4.0
2019-12-06T20:00:00.0,0.0,1023.0,0.0,1233.0,11169.0,0.0,0.0,0.0,0.0,0.0,0.0,0.0,0.0,0.0,343.0,0.0,0.0,0.0,0.0,4.0
2019-12-06T21:00:00.0,0.0,960.0,0.0,1228.0,10592.0,0.0,0.0,0.0,0.0,0.0,0.0,0.0,0.0,0.0,348.0,0.0,0.0,0.0,0.0,3.0
2019-12-06T22:00:00.0,0.0,1000.0,0.0,1225.0,9692.0,0.0,0.0,0.0,0.0,0.0,0.0,0.0,0.0,0.0,348.0,0.0,0.0,0.0,0.0,3.0
2019-12-06T23:00:00.0,0.0,885.0,0.0,1222.0,8673.0,0.0,0.0,0.0,0.0,0.0,0.0,0.0,0.0,0.0,349.0,0.0,0.0,0.0,0.0,3.0
2019-12-07T00:00:00.0,0.0,1037.0,0.0,1196.0,7998.0,0.0,0.0,0.0,0.0,0.0,0.0,0.0,0.0,0.0,343.0,0.0,0.0,0.0,0.0,3.0
2019-12-07T01:00:00.0,0.0,1049.0,0.0,1205.0,8023.0,0.0,0.0,0.0,0.0,0.0,0.0,0.0,0.0,0.0,344.0,0.0,0.0,0.0,0.0,3.0
2019-12-07T02:00:00.0,0.0,1056.0,0.0,1209.0,8086.0,0.0,0.0,0.0,0.0,0.0,0.0,0.0,0.0,0.0,344.0,0.0,0.0,0.0,0.0,3.0
2019-12-07T03:00:00.0,0.0,1035.0,0.0,1211.0,8187.0,0.0,0.0,0.0,0.0,0.0,0.0,0.0,0.0,0.0,347.0,0.0,0.0,0.0,0.0,3.0
2019-12-07T04:00:00.0,0.0,1006.0,0.0,1208.0,7844.0,0.0,0.0,0.0,0.0,0.0,0.0,0.0,0.0,0.0,347.0,0.0,0.0,0.0,0.0,3.0
2019-12-07T05:00:00.0,0.0,1029.0,0.0,1206.0,7930.0,0.0,0.0,0.0,0.0,0.0,0.0,0.0,0.0,0.0,348.0,0.0,0.0,0.0,0.0,3.0
2019-12-07T06:00:00.0,0.0,1033.0,0.0,1199.0,8590.0,0.0,0.0,0.0,0.0,0.0,0.0,0.0,0.0,0.0,335.0,0.0,0.0,0.0,0.0,3.0
2019-12-07T07:00:00.0,0.0,1108.0,0.0,1198.0,9780.0,0.0,0.0,0.0,0.0,0.0,0.0,0.0,0.0,0.0,340.0,0.0,0.0,0.0,0.0,3.0
2019-12-07T08:00:00.0,0.0,1100.0,0.0,1197.0,11016.0,0.0,0.0,0.0,0.0,0.0,0.0,0.0,0.0,0.0,350.0,0.0,0.0,0.0,0.0,3.0
2019-12-07T09:00:00.0,0.0,1097.0,0.0,1193.0,12106.0,0.0,0.0,0.0,0.0,0.0,0.0,0.0,0.0,0.0,344.0,0.0,0.0,0.0,0.0,3.0
2019-12-07T10:00:00.0,0.0,998.0,0.0,1188.0,12772.0,0.0,0.0,0.0,0.0,0.0,0.0,0.0,0.0,0.0,352.0,0.0,0.0,0.0,0.0,3.0
2019-12-07T11:00:00.0,0.0,1018.0,0.0,1181.0,12596.0,0.0,0.0,0.0,0.0,0.0,0.0,0.0,0.0,0.0,354.0,0.0,0.0,0.0,0.0,3.0
2019-12-07T12:00:00.0,0.0,1004.0,0.0,1181.0,12433.0,0.0,0.0,0.0,0.0,0.0,0.0,0.0,0.0,0.0,351.0,0.0,0.0,0.0,0.0,3.0
2019-12-07T13:00:00.0,0.0,965.0,0.0,1177.0,12161.0,0.0,0.0,0.0,0.0,0.0,0.0,0.0,0.0,0.0,353.0,0.0,0.0,0.0,0.0,3.0
2019-12-07T14:00:00.0,0.0,975.0,0.0,1171.0,12449.0,0.0,0.0,0.0,0.0,0.0,0.0,0.0,0.0,0.0,353.0,0.0,0.0,0.0,0.0,3.0
2019-12-07T15:00:00.0,0.0,902.0,0.0,1179.0,13583.0,0.0,0.0,0.0,0.0,0.0,0.0,0.0,0.0,0.0,344.0,0.0,0.0,0.0,0.0,3.0
2019-12-07T16:00:00.0,0.0,880.0,0.0,1179.0,14559.0,0.0,0.0,0.0,0.0,0.0,0.0,0.0,0.0,0.0,354.0,0.0,0.0,0.0,0.0,3.0
2019-12-07T17:00:00.0,0.0,894.0,0.0,1178.0,15804.0,0.0,0.0,0.0,0.0,0.0,0.0,0.0,0.0,0.0,354.0,0.0,0.0,0.0,0.0,3.0
2019-12-07T18:00:00.0,0.0,803.0,0.0,1167.0,16106.0,0.0,0.0,0.0,0.0,0.0,0.0,0.0,0.0,0.0,356.0,0.0,0.0,0.0,0.0,3.0
2019-12-07T19:00:00.0,0.0,758.0,0.0,1162.0,14366.0,0.0,0.0,0.0,0.0,0.0,0.0,0.0,0.0,0.0,354.0,0.0,0.0,0.0,0.0,3.0
2019-12-07T20:00:00.0,0.0,780.0,0.0,1158.0,12108.0,0.0,0.0,0.0,0.0,0.0,0.0,0.0,0.0,0.0,351.0,0.0,0.0,0.0,0.0,3.0
2019-12-07T21:00:00.0,0.0,753.0,0.0,1153.0,11123.0,0.0,0.0,0.0,0.0,0.0,0.0,0.0,0.0,0.0,347.0,0.0,0.0,0.0,0.0,3.0
2019-12-07T22:00:00.0,0.0,903.0,0.0,1139.0,10472.0,0.0,0.0,0.0,0.0,0.0,0.0,0.0,0.0,0.0,344.0,0.0,0.0,0.0,0.0,3.0
2019-12-07T23:00:00.0,0.0,1015.0,0.0,1138.0,8934.0,0.0,0.0,0.0,0.0,0.0,0.0,0.0,0.0,0.0,346.0,0.0,0.0,0.0,0.0,3.0
2019-12-08T00:00:00.0,0.0,1180.0,0.0,1152.0,8138.0,0.0,0.0,0.0,0.0,0.0,0.0,0.0,0.0,0.0,341.0,0.0,0.0,0.0,0.0,3.0
2019-12-08T01:00:00.0,0.0,1202.0,0.0,1149.0,8008.0,0.0,0.0,0.0,0.0,0.0,0.0,0.0,0.0,0.0,345.0,0.0,0.0,0.0,0.0,3.0
2019-12-08T02:00:00.0,0.0,1111.0,0.0,1149.0,7915.0,0.0,0.0,0.0,0.0,0.0,0.0,0.0,0.0,0.0,351.0,0.0,0.0,0.0,0.0,3.0
2019-12-08T03:00:00.0,0.0,969.0,0.0,1151.0,8712.0,0.0,0.0,0.0,0.0,0.0,0.0,0.0,0.0,0.0,349.0,0.0,0.0,0.0,0.0,3.0
2019-12-08T04:00:00.0,0.0,868.0,0.0,1145.0,8841.0,0.0,0.0,0.0,0.0,0.0,0.0,0.0,0.0,0.0,348.0,0.0,0.0,0.0,0.0,3.0
2019-12-08T05:00:00.0,0.0,817.0,0.0,1144.0,9081.0,0.0,0.0,0.0,0.0,0.0,0.0,0.0,0.0,0.0,350.0,0.0,0.0,0.0,0.0,3.0
2019-12-08T06:00:00.0,0.0,843.0,0.0,1150.0,9438.0,0.0,0.0,0.0,0.0,0.0,0.0,0.0,0.0,0.0,349.0,0.0,0.0,0.0,0.0,3.0
2019-12-08T07:00:00.0,0.0,972.0,0.0,1156.0,9949.0,0.0,0.0,0.0,0.0,0.0,0.0,0.0,0.0,0.0,352.0,0.0,0.0,0.0,0.0,3.0
2019-12-08T08:00:00.0,0.0,1160.0,0.0,1164.0,10549.0,0.0,0.0,0.0,0.0,0.0,0.0,0.0,0.0,0.0,352.0,0.0,0.0,0.0,0.0,3.0
2019-12-08T09:00:00.0,0.0,1348.0,0.0,1179.0,11261.0,0.0,0.0,0.0,0.0,0.0,0.0,0.0,0.0,0.0,354.0,0.0,0.0,0.0,0.0,3.0
2019-12-08T10:00:00.0,0.0,1523.0,0.0,1176.0,11722.0,0.0,0.0,0.0,0.0,0.0,0.0,0.0,0.0,0.0,353.0,0.0,0.0,0.0,0.0,3.0
2019-12-08T11:00:00.0,0.0,1535.0,0.0,1187.0,11546.0,0.0,0.0,0.0,0.0,0.0,0.0,0.0,0.0,0.0,352.0,0.0,0.0,0.0,0.0,3.0
2019-12-08T12:00:00.0,0.0,1645.0,0.0,1195.0,11483.0,0.0,0.0,0.0,0.0,0.0,0.0,0.0,0.0,0.0,356.0,0.0,0.0,0.0,0.0,3.0
2019-12-08T13:00:00.0,0.0,1649.0,0.0,1195.0,11340.0,0.0,0.0,0.0,0.0,0.0,0.0,0.0,0.0,0.0,350.0,0.0,0.0,0.0,0.0,3.0
2019-12-08T14:00:00.0,0.0,1607.0,0.0,1199.0,11573.0,0.0,0.0,0.0,0.0,0.0,0.0,0.0,0.0,0.0,350.0,0.0,0.0,0.0,0.0,3.0
2019-12-08T15:00:00.0,0.0,1517.0,0.0,1201.0,12143.0,0.0,0.0,0.0,0.0,0.0,0.0,0.0,0.0,0.0,354.0,0.0,0.0,0.0,0.0,3.0
2019-12-08T16:00:00.0,0.0,1332.0,0.0,1204.0,12756.0,0.0,0.0,0.0,0.0,0.0,0.0,0.0,0.0,0.0,356.0,0.0,0.0,0.0,0.0,3.0
2019-12-08T17:00:00.0,0.0,1328.0,0.0,1204.0,13114.0,0.0,0.0,0.0,0.0,0.0,0.0,0.0,0.0,0.0,350.0,0.0,0.0,0.0,0.0,3.0
2019-12-08T18:00:00.0,0.0,1193.0,0.0,1205.0,12875.0,0.0,0.0,0.0,0.0,0.0,0.0,0.0,0.0,0.0,356.0,0.0,0.0,0.0,0.0,3.0
2019-12-08T19:00:00.0,0.0,1078.0,0.0,1209.0,12365.0,0.0,0.0,0.0,0.0,0.0,0.0,0.0,0.0,0.0,358.0,0.0,0.0,0.0,0.0,3.0
2019-12-08T20:00:00.0,0.0,987.0,0.0,1207.0,11432.0,0.0,0.0,0.0,0.0,0.0,0.0,0.0,0.0,0.0,353.0,0.0,0.0,0.0,0.0,3.0
2019-12-08T21:00:00.0,0.0,976.0,0.0,1207.0,10510.0,0.0,0.0,0.0,0.0,0.0,0.0,0.0,0.0,0.0,353.0,0.0,0.0,0.0,0.0,3.0
2019-12-08T22:00:00.0,0.0,1022.0,0.0,1204.0,9973.0,0.0,0.0,0.0,0.0,0.0,0.0,0.0,0.0,0.0,353.0,0.0,0.0,0.0,0.0,3.0
2019-12-08T23:00:00.0,0.0,928.0,0.0,1205.0,9354.0,0.0,0.0,0.0,0.0,0.0,0.0,0.0,0.0,0.0,346.0,0.0,0.0,0.0,0.0,3.0
2019-12-09T00:00:00.0,0.0,938.0,0.0,1151.0,9676.0,0.0,0.0,0.0,0.0,0.0,0.0,0.0,0.0,0.0,334.0,0.0,0.0,0.0,0.0,3.0
2019-12-09T01:00:00.0,0.0,854.0,0.0,1149.0,9558.0,0.0,0.0,0.0,0.0,0.0,0.0,0.0,0.0,0.0,343.0,0.0,0.0,0.0,0.0,3.0
2019-12-09T02:00:00.0,0.0,801.0,0.0,1148.0,9239.0,0.0,0.0,0.0,0.0,0.0,0.0,0.0,0.0,0.0,342.0,0.0,0.0,0.0,0.0,3.0
2019-12-09T03:00:00.0,0.0,776.0,0.0,1146.0,9086.0,0.0,0.0,0.0,0.0,0.0,0.0,0.0,0.0,0.0,344.0,0.0,0.0,0.0,0.0,3.0
2019-12-09T04:00:00.0,0.0,753.0,0.0,1147.0,9443.0,0.0,0.0,0.0,0.0,0.0,0.0,0.0,0.0,0.0,344.0,0.0,0.0,0.0,0.0,3.0
2019-12-09T05:00:00.0,0.0,829.0,0.0,1146.0,10070.0,0.0,0.0,0.0,0.0,0.0,0.0,0.0,0.0,0.0,345.0,0.0,0.0,0.0,0.0,3.0
2019-12-09T06:00:00.0,0.0,904.0,0.0,1152.0,11228.0,0.0,0.0,0.0,0.0,0.0,0.0,0.0,0.0,0.0,343.0,0.0,0.0,0.0,0.0,3.0
2019-12-09T07:00:00.0,0.0,937.0,0.0,1185.0,14039.0,0.0,0.0,0.0,0.0,0.0,0.0,0.0,0.0,0.0,344.0,0.0,0.0,0.0,0.0,3.0
2019-12-09T08:00:00.0,0.0,858.0,0.0,1223.0,16874.0,0.0,0.0,0.0,0.0,0.0,0.0,0.0,0.0,0.0,339.0,0.0,0.0,0.0,0.0,3.0
2019-12-09T09:00:00.0,0.0,991.0,0.0,1237.0,16618.0,0.0,0.0,0.0,0.0,0.0,0.0,0.0,0.0,0.0,347.0,0.0,0.0,0.0,0.0,3.0
2019-12-09T10:00:00.0,0.0,876.0,0.0,1246.0,16599.0,0.0,0.0,0.0,0.0,0.0,0.0,0.0,0.0,0.0,344.0,0.0,0.0,0.0,0.0,3.0
2019-12-09T11:00:00.0,0.0,875.0,0.0,1269.0,16584.0,0.0,0.0,0.0,0.0,0.0,0.0,0.0,0.0,0.0,342.0,0.0,0.0,0.0,0.0,3.0
2019-12-09T12:00:00.0,0.0,1040.0,0.0,1264.0,16843.0,0.0,0.0,0.0,0.0,0.0,0.0,0.0,0.0,0.0,345.0,0.0,0.0,0.0,0.0,3.0
2019-12-09T13:00:00.0,0.0,1080.0,0.0,1272.0,16651.0,0.0,0.0,0.0,0.0,0.0,0.0,0.0,0.0,0.0,340.0,0.0,0.0,0.0,0.0,3.0
2019-12-09T14:00:00.0,0.0,1152.0,0.0,1268.0,16971.0,0.0,0.0,0.0,0.0,0.0,0.0,0.0,0.0,0.0,336.0,0.0,0.0,0.0,0.0,3.0
2019-12-09T15:00:00.0,0.0,1303.0,0.0,1263.0,16792.0,0.0,0.0,0.0,0.0,0.0,0.0,0.0,0.0,0.0,335.0,0.0,0.0,0.0,0.0,3.0
2019-12-09T16:00:00.0,0.0,1356.0,0.0,1258.0,17639.0,0.0,0.0,0.0,0.0,0.0,0.0,0.0,0.0,0.0,331.0,0.0,0.0,0.0,0.0,3.0
2019-12-09T17:00:00.0,0.0,1342.0,0.0,1252.0,17961.0,0.0,0.0,0.0,0.0,0.0,0.0,0.0,0.0,0.0,330.0,0.0,0.0,0.0,0.0,3.0
2019-12-09T18:00:00.0,0.0,1313.0,0.0,1252.0,16325.0,0.0,0.0,0.0,0.0,0.0,0.0,0.0,0.0,0.0,330.0,0.0,0.0,0.0,0.0,3.0
2019-12-09T19:00:00.0,0.0,1304.0,0.0,1253.0,14637.0,0.0,0.0,0.0,0.0,0.0,0.0,0.0,0.0,0.0,337.0,0.0,0.0,0.0,0.0,3.0
2019-12-09T20:00:00.0,0.0,1287.0,0.0,1250.0,13306.0,0.0,0.0,0.0,0.0,0.0,0.0,0.0,0.0,0.0,337.0,0.0,0.0,0.0,0.0,3.0
2019-12-09T21:00:00.0,0.0,1285.0,0.0,1246.0,12251.0,0.0,0.0,0.0,0.0,0.0,0.0,0.0,0.0,0.0,334.0,0.0,0.0,0.0,0.0,3.0
2019-12-09T22:00:00.0,0.0,1156.0,0.0,1241.0,12015.0,0.0,0.0,0.0,0.0,0.0,0.0,0.0,0.0,0.0,336.0,0.0,0.0,0.0,0.0,3.0
2019-12-09T23:00:00.0,0.0,1040.0,0.0,1239.0,10757.0,0.0,0.0,0.0,0.0,0.0,0.0,0.0,0.0,0.0,335.0,0.0,0.0,0.0,0.0,3.0
2019-12-10T00:00:00.0,0.0,982.0,0.0,1253.0,10500.0,0.0,0.0,0.0,0.0,0.0,0.0,0.0,0.0,0.0,333.0,0.0,0.0,0.0,0.0,3.0
2019-12-10T01:00:00.0,0.0,853.0,0.0,1245.0,10646.0,0.0,0.0,0.0,0.0,0.0,0.0,0.0,0.0,0.0,333.0,0.0,0.0,0.0,0.0,3.0
2019-12-10T02:00:00.0,0.0,608.0,0.0,1244.0,10602.0,0.0,0.0,0.0,0.0,0.0,0.0,0.0,0.0,0.0,335.0,0.0,0.0,0.0,0.0,3.0
2019-12-10T03:00:00.0,0.0,536.0,0.0,1240.0,10823.0,0.0,0.0,0.0,0.0,0.0,0.0,0.0,0.0,0.0,331.0,0.0,0.0,0.0,0.0,3.0
2019-12-10T04:00:00.0,0.0,433.0,0.0,1239.0,11955.0,0.0,0.0,0.0,0.0,0.0,0.0,0.0,0.0,0.0,330.0,0.0,0.0,0.0,0.0,3.0
2019-12-10T05:00:00.0,0.0,389.0,0.0,1235.0,14351.0,0.0,0.0,0.0,0.0,0.0,0.0,0.0,0.0,0.0,326.0,0.0,0.0,0.0,0.0,3.0
2019-12-10T06:00:00.0,0.0,386.0,0.0,1230.0,19116.0,0.0,0.0,0.0,0.0,0.0,0.0,0.0,0.0,0.0,328.0,0.0,0.0,0.0,0.0,3.0
2019-12-10T07:00:00.0,0.0,432.0,0.0,1248.0,22769.0,0.0,0.0,0.0,0.0,0.0,0.0,0.0,0.0,0.0,337.0,0.0,0.0,0.0,0.0,3.0
2019-12-10T08:00:00.0,0.0,507.0,0.0,1250.0,22959.0,0.0,0.0,0.0,0.0,0.0,0.0,0.0,0.0,0.0,353.0,0.0,0.0,0.0,0.0,3.0
2019-12-10T09:00:00.0,0.0,636.0,0.0,1247.0,22823.0,0.0,0.0,0.0,0.0,0.0,0.0,0.0,0.0,0.0,342.0,0.0,0.0,0.0,0.0,3.0
2019-12-10T10:00:00.0,0.0,789.0,0.0,1243.0,22314.0,0.0,0.0,0.0,0.0,0.0,0.0,0.0,0.0,0.0,342.0,0.0,0.0,0.0,0.0,3.0
2019-12-10T11:00:00.0,0.0,910.0,0.0,1245.0,21612.0,0.0,0.0,0.0,0.0,0.0,0.0,0.0,0.0,0.0,344.0,0.0,0.0,0.0,0.0,3.0
2019-12-10T12:00:00.0,0.0,1224.0,0.0,1242.0,22001.0,0.0,0.0,0.0,0.0,0.0,0.0,0.0,0.0,0.0,341.0,0.0,0.0,0.0,0.0,3.0
2019-12-10T13:00:00.0,0.0,1353.0,0.0,1238.0,21491.0,0.0,0.0,0.0,0.0,0.0,0.0,0.0,0.0,0.0,341.0,0.0,0.0,0.0,0.0,3.0
2019-12-10T14:00:00.0,0.0,1574.0,0.0,1235.0,21401.0,0.0,0.0,0.0,0.0,0.0,0.0,0.0,0.0,0.0,343.0,0.0,0.0,0.0,0.0,3.0
2019-12-10T15:00:00.0,0.0,1628.0,0.0,1233.0,21723.0,0.0,0.0,0.0,0.0,0.0,0.0,0.0,0.0,0.0,341.0,0.0,0.0,0.0,0.0,3.0
2019-12-10T16:00:00.0,0.0,1624.0,0.0,1233.0,21267.0,0.0,0.0,0.0,0.0,0.0,0.0,0.0,0.0,0.0,332.0,0.0,0.0,0.0,0.0,3.0
2019-12-10T17:00:00.0,0.0,1771.0,0.0,1237.0,19958.0,0.0,0.0,0.0,0.0,0.0,0.0,0.0,0.0,0.0,345.0,0.0,0.0,0.0,0.0,3.0
2019-12-10T18:00:00.0,0.0,1848.0,0.0,1239.0,17862.0,0.0,0.0,0.0,0.0,0.0,0.0,0.0,0.0,0.0,348.0,0.0,0.0,0.0,0.0,3.0
2019-12-10T19:00:00.0,0.0,1784.0,0.0,1243.0,15444.0,0.0,0.0,0.0,0.0,0.0,0.0,0.0,0.0,0.0,349.0,0.0,0.0,0.0,0.0,3.0
2019-12-10T20:00:00.0,0.0,1715.0,0.0,1245.0,12965.0,0.0,0.0,0.0,0.0,0.0,0.0,0.0,0.0,0.0,347.0,0.0,0.0,0.0,0.0,3.0
2019-12-10T21:00:00.0,0.0,1685.0,0.0,1252.0,11889.0,0.0,0.0,0.0,0.0,0.0,0.0,0.0,0.0,0.0,345.0,0.0,0.0,0.0,0.0,3.0
2019-12-10T22:00:00.0,0.0,1672.0,0.0,1256.0,10903.0,0.0,0.0,0.0,0.0,0.0,0.0,0.0,0.0,0.0,347.0,0.0,0.0,0.0,0.0,3.0
2019-12-10T23:00:00.0,0.0,1696.0,0.0,1260.0,9669.0,0.0,0.0,0.0,0.0,0.0,0.0,0.0,0.0,0.0,348.0,0.0,0.0,0.0,0.0,3.0
2019-12-11T00:00:00.0,0.0,1714.0,0.0,1252.0,8518.0,0.0,0.0,0.0,0.0,0.0,0.0,0.0,0.0,0.0,349.0,0.0,0.0,0.0,0.0,3.0
2019-12-11T01:00:00.0,0.0,1635.0,0.0,1261.0,8293.0,0.0,0.0,0.0,0.0,0.0,0.0,0.0,0.0,0.0,351.0,0.0,0.0,0.0,0.0,3.0
2019-12-11T02:00:00.0,0.0,1597.0,0.0,1269.0,8119.0,0.0,0.0,0.0,0.0,0.0,0.0,0.0,0.0,0.0,350.0,0.0,0.0,0.0,0.0,3.0
2019-12-11T03:00:00.0,0.0,1496.0,0.0,1273.0,8280.0,0.0,0.0,0.0,0.0,0.0,0.0,0.0,0.0,0.0,351.0,0.0,0.0,0.0,0.0,3.0
2019-12-11T04:00:00.0,0.0,1618.0,0.0,1279.0,8551.0,0.0,0.0,0.0,0.0,0.0,0.0,0.0,0.0,0.0,348.0,0.0,0.0,0.0,0.0,3.0
2019-12-11T05:00:00.0,0.0,1694.0,0.0,1280.0,9837.0,0.0,0.0,0.0,0.0,0.0,0.0,0.0,0.0,0.0,349.0,0.0,0.0,0.0,0.0,3.0
2019-12-11T06:00:00.0,0.0,1714.0,0.0,1281.0,11474.0,0.0,0.0,0.0,0.0,0.0,0.0,0.0,0.0,0.0,352.0,0.0,0.0,0.0,0.0,3.0
2019-12-11T07:00:00.0,0.0,1423.0,0.0,1274.0,14848.0,0.0,0.0,0.0,0.0,0.0,0.0,0.0,0.0,0.0,352.0,0.0,0.0,0.0,0.0,3.0
2019-12-11T08:00:00.0,0.0,1477.0,0.0,1265.0,16621.0,0.0,0.0,0.0,0.0,0.0,0.0,0.0,0.0,0.0,351.0,0.0,0.0,0.0,0.0,3.0
2019-12-11T09:00:00.0,0.0,1390.0,0.0,1262.0,17238.0,0.0,0.0,0.0,0.0,0.0,0.0,0.0,0.0,0.0,353.0,0.0,0.0,0.0,0.0,3.0
2019-12-11T10:00:00.0,0.0,1413.0,0.0,1267.0,17617.0,0.0,0.0,0.0,0.0,0.0,0.0,0.0,0.0,0.0,355.0,0.0,0.0,0.0,0.0,3.0
2019-12-11T11:00:00.0,0.0,1428.0,0.0,1280.0,17762.0,0.0,0.0,0.0,0.0,0.0,0.0,0.0,0.0,0.0,354.0,0.0,0.0,0.0,0.0,3.0
2019-12-11T12:00:00.0,0.0,1388.0,0.0,1284.0,18465.0,0.0,0.0,0.0,0.0,0.0,0.0,0.0,0.0,0.0,353.0,0.0,0.0,0.0,0.0,3.0
2019-12-11T13:00:00.0,0.0,1375.0,0.0,1288.0,18088.0,0.0,0.0,0.0,0.0,0.0,0.0,0.0,0.0,0.0,351.0,0.0,0.0,0.0,0.0,3.0
2019-12-11T14:00:00.0,0.0,1402.0,0.0,1286.0,18237.0,0.0,0.0,0.0,0.0,0.0,0.0,0.0,0.0,0.0,351.0,0.0,0.0,0.0,0.0,3.0
2019-12-11T15:00:00.0,0.0,1443.0,0.0,1289.0,18807.0,0.0,0.0,0.0,0.0,0.0,0.0,0.0,0.0,0.0,347.0,0.0,0.0,0.0,0.0,3.0
2019-12-11T16:00:00.0,0.0,1475.0,0.0,1285.0,19375.0,0.0,0.0,0.0,0.0,0.0,0.0,0.0,0.0,0.0,351.0,0.0,0.0,0.0,0.0,3.0
2019-12-11T17:00:00.0,0.0,1555.0,0.0,1282.0,19442.0,0.0,0.0,0.0,0.0,0.0,0.0,0.0,0.0,0.0,349.0,0.0,0.0,0.0,0.0,3.0
2019-12-11T18:00:00.0,0.0,1668.0,0.0,1279.0,19049.0,0.0,0.0,0.0,0.0,0.0,0.0,0.0,0.0,0.0,351.0,0.0,0.0,0.0,0.0,3.0
2019-12-11T19:00:00.0,0.0,1719.0,0.0,1274.0,17922.0,0.0,0.0,0.0,0.0,0.0,0.0,0.0,0.0,0.0,347.0,0.0,0.0,0.0,0.0,3.0
2019-12-11T20:00:00.0,0.0,1787.0,0.0,1270.0,16602.0,0.0,0.0,0.0,0.0,0.0,0.0,0.0,0.0,0.0,349.0,0.0,0.0,0.0,0.0,3.0
2019-12-11T21:00:00.0,0.0,1796.0,0.0,1272.0,15649.0,0.0,0.0,0.0,0.0,0.0,0.0,0.0,0.0,0.0,350.0,0.0,0.0,0.0,0.0,3.0
2019-12-11T22:00:00.0,0.0,1841.0,0.0,1273.0,14063.0,0.0,0.0,0.0,0.0,0.0,0.0,0.0,0.0,0.0,348.0,0.0,0.0,0.0,0.0,3.0
2019-12-11T23:00:00.0,0.0,1819.0,0.0,1269.0,12466.0,0.0,0.0,0.0,0.0,0.0,0.0,0.0,0.0,0.0,348.0,0.0,0.0,0.0,0.0,3.0
2019-12-12T00:00:00.0,0.0,1727.0,0.0,1300.0,11555.0,0.0,0.0,0.0,0.0,0.0,0.0,0.0,0.0,0.0,350.0,0.0,0.0,0.0,0.0,3.0
2019-12-12T01:00:00.0,0.0,1752.0,0.0,1307.0,10942.0,0.0,0.0,0.0,0.0,0.0,0.0,0.0,0.0,0.0,350.0,0.0,0.0,0.0,0.0,3.0
2019-12-12T02:00:00.0,0.0,1705.0,0.0,1293.0,10257.0,0.0,0.0,0.0,0.0,0.0,0.0,0.0,0.0,0.0,350.0,0.0,0.0,0.0,0.0,3.0
2019-12-12T03:00:00.0,0.0,1607.0,0.0,1291.0,9952.0,0.0,0.0,0.0,0.0,0.0,0.0,0.0,0.0,0.0,345.0,0.0,0.0,0.0,0.0,3.0
2019-12-12T04:00:00.0,0.0,1622.0,0.0,1291.0,10748.0,0.0,0.0,0.0,0.0,0.0,0.0,0.0,0.0,0.0,347.0,0.0,0.0,0.0,0.0,3.0
2019-12-12T05:00:00.0,0.0,1503.0,0.0,1287.0,13069.0,0.0,0.0,0.0,0.0,0.0,0.0,0.0,0.0,0.0,351.0,0.0,0.0,0.0,0.0,3.0
2019-12-12T06:00:00.0,0.0,1478.0,0.0,1289.0,16901.0,0.0,0.0,0.0,0.0,0.0,0.0,0.0,0.0,0.0,352.0,0.0,0.0,0.0,0.0,3.0
2019-12-12T07:00:00.0,0.0,1389.0,0.0,1289.0,19097.0,0.0,0.0,0.0,0.0,0.0,0.0,0.0,0.0,0.0,350.0,0.0,0.0,0.0,0.0,3.0
2019-12-12T08:00:00.0,0.0,1336.0,0.0,1292.0,19782.0,0.0,0.0,0.0,0.0,0.0,0.0,0.0,0.0,0.0,349.0,0.0,0.0,0.0,0.0,3.0
2019-12-12T09:00:00.0,0.0,1285.0,0.0,1285.0,20041.0,0.0,0.0,0.0,0.0,0.0,0.0,0.0,0.0,0.0,344.0,0.0,0.0,0.0,0.0,3.0
2019-12-12T10:00:00.0,0.0,1267.0,0.0,1297.0,20022.0,0.0,0.0,0.0,0.0,0.0,0.0,0.0,0.0,0.0,351.0,0.0,0.0,0.0,0.0,3.0
2019-12-12T11:00:00.0,0.0,1211.0,0.0,1302.0,19552.0,0.0,0.0,0.0,0.0,0.0,0.0,0.0,0.0,0.0,350.0,0.0,0.0,0.0,0.0,3.0
2019-12-12T12:00:00.0,0.0,1239.0,0.0,1310.0,19390.0,0.0,0.0,0.0,0.0,0.0,0.0,0.0,0.0,0.0,353.0,0.0,0.0,0.0,0.0,3.0
2019-12-12T13:00:00.0,0.0,1246.0,0.0,1313.0,19684.0,0.0,0.0,0.0,0.0,0.0,0.0,0.0,0.0,0.0,353.0,0.0,0.0,0.0,0.0,3.0
2019-12-12T14:00:00.0,0.0,1239.0,0.0,1311.0,20136.0,0.0,0.0,0.0,0.0,0.0,0.0,0.0,0.0,0.0,351.0,0.0,0.0,0.0,0.0,3.0
2019-12-12T15:00:00.0,0.0,1234.0,0.0,1303.0,20540.0,0.0,0.0,0.0,0.0,0.0,0.0,0.0,0.0,0.0,351.0,0.0,0.0,0.0,0.0,3.0
2019-12-12T16:00:00.0,0.0,1281.0,0.0,1303.0,20574.0,0.0,0.0,0.0,0.0,0.0,0.0,0.0,0.0,0.0,353.0,0.0,0.0,0.0,0.0,3.0
2019-12-12T17:00:00.0,0.0,1308.0,0.0,1302.0,20307.0,0.0,0.0,0.0,0.0,0.0,0.0,0.0,0.0,0.0,350.0,0.0,0.0,0.0,0.0,3.0
2019-12-12T18:00:00.0,0.0,1284.0,0.0,1299.0,19865.0,0.0,0.0,0.0,0.0,0.0,0.0,0.0,0.0,0.0,352.0,0.0,0.0,0.0,0.0,3.0
2019-12-12T19:00:00.0,0.0,1275.0,0.0,1298.0,17436.0,0.0,0.0,0.0,0.0,0.0,0.0,0.0,0.0,0.0,355.0,0.0,0.0,0.0,0.0,3.0
2019-12-12T20:00:00.0,0.0,1270.0,0.0,1296.0,15407.0,0.0,0.0,0.0,0.0,0.0,0.0,0.0,0.0,0.0,350.0,0.0,0.0,0.0,0.0,3.0
2019-12-12T21:00:00.0,0.0,1260.0,0.0,1292.0,13742.0,0.0,0.0,0.0,0.0,0.0,0.0,0.0,0.0,0.0,351.0,0.0,0.0,0.0,0.0,3.0
2019-12-12T22:00:00.0,0.0,1264.0,0.0,1288.0,12265.0,0.0,0.0,0.0,0.0,0.0,0.0,0.0,0.0,0.0,353.0,0.0,0.0,0.0,0.0,3.0
2019-12-12T23:00:00.0,0.0,1245.0,0.0,1286.0,10938.0,0.0,0.0,0.0,0.0,0.0,0.0,0.0,0.0,0.0,350.0,0.0,0.0,0.0,0.0,3.0
2019-12-13T00:00:00.0,0.0,1285.0,0.0,1261.0,10516.0,0.0,0.0,0.0,0.0,0.0,0.0,0.0,0.0,0.0,352.0,0.0,0.0,0.0,0.0,3.0
2019-12-13T01:00:00.0,0.0,1284.0,0.0,1261.0,10004.0,0.0,0.0,0.0,0.0,0.0,0.0,0.0,0.0,0.0,352.0,0.0,0.0,0.0,0.0,3.0
2019-12-13T02:00:00.0,0.0,1284.0,0.0,1254.0,9444.0,0.0,0.0,0.0,0.0,0.0,0.0,0.0,0.0,0.0,351.0,0.0,0.0,0.0,0.0,3.0
2019-12-13T03:00:00.0,0.0,1249.0,0.0,1252.0,9721.0,0.0,0.0,0.0,0.0,0.0,0.0,0.0,0.0,0.0,352.0,0.0,0.0,0.0,0.0,3.0
2019-12-13T04:00:00.0,0.0,1225.0,0.0,1248.0,10104.0,0.0,0.0,0.0,0.0,0.0,0.0,0.0,0.0,0.0,354.0,0.0,0.0,0.0,0.0,3.0
2019-12-13T05:00:00.0,0.0,1211.0,0.0,1244.0,11511.0,0.0,0.0,0.0,0.0,0.0,0.0,0.0,0.0,0.0,347.0,0.0,0.0,0.0,0.0,3.0
2019-12-13T06:00:00.0,0.0,1183.0,0.0,1246.0,13608.0,0.0,0.0,0.0,0.0,0.0,0.0,0.0,0.0,0.0,350.0,0.0,0.0,0.0,0.0,3.0
2019-12-13T07:00:00.0,0.0,1184.0,0.0,1243.0,17830.0,0.0,0.0,0.0,0.0,0.0,0.0,0.0,0.0,0.0,351.0,0.0,0.0,0.0,0.0,3.0
2019-12-13T08:00:00.0,0.0,1202.0,0.0,1247.0,19277.0,0.0,0.0,0.0,0.0,0.0,0.0,0.0,0.0,0.0,352.0,0.0,0.0,0.0,0.0,3.0
2019-12-13T09:00:00.0,0.0,1235.0,0.0,1248.0,19593.0,0.0,0.0,0.0,0.0,0.0,0.0,0.0,0.0,0.0,351.0,0.0,0.0,0.0,0.0,3.0
2019-12-13T10:00:00.0,0.0,1251.0,0.0,1244.0,19475.0,0.0,0.0,0.0,0.0,0.0,0.0,0.0,0.0,0.0,348.0,0.0,0.0,0.0,0.0,3.0
2019-12-13T11:00:00.0,0.0,1269.0,0.0,1254.0,19084.0,0.0,0.0,0.0,0.0,0.0,0.0,0.0,0.0,0.0,351.0,0.0,0.0,0.0,0.0,3.0
2019-12-13T12:00:00.0,0.0,1244.0,0.0,1259.0,19443.0,0.0,0.0,0.0,0.0,0.0,0.0,0.0,0.0,0.0,350.0,0.0,0.0,0.0,0.0,3.0
2019-12-13T13:00:00.0,0.0,1224.0,0.0,1253.0,19222.0,0.0,0.0,0.0,0.0,0.0,0.0,0.0,0.0,0.0,349.0,0.0,0.0,0.0,0.0,3.0
2019-12-13T14:00:00.0,0.0,1249.0,0.0,1252.0,19026.0,0.0,0.0,0.0,0.0,0.0,0.0,0.0,0.0,0.0,342.0,0.0,0.0,0.0,0.0,3.0
2019-12-13T15:00:00.0,0.0,1262.0,0.0,1251.0,19284.0,0.0,0.0,0.0,0.0,0.0,0.0,0.0,0.0,0.0,351.0,0.0,0.0,0.0,0.0,3.0
2019-12-13T16:00:00.0,0.0,1318.0,0.0,1254.0,19640.0,0.0,0.0,0.0,0.0,0.0,0.0,0.0,0.0,0.0,353.0,0.0,0.0,0.0,0.0,3.0
2019-12-13T17:00:00.0,0.0,1385.0,0.0,1246.0,19862.0,0.0,0.0,0.0,0.0,0.0,0.0,0.0,0.0,0.0,349.0,0.0,0.0,0.0,0.0,3.0
2019-12-13T18:00:00.0,0.0,1415.0,0.0,1239.0,19346.0,0.0,0.0,0.0,0.0,0.0,0.0,0.0,0.0,0.0,352.0,0.0,0.0,0.0,0.0,3.0
2019-12-13T19:00:00.0,0.0,1435.0,0.0,1226.0,18238.0,0.0,0.0,0.0,0.0,0.0,0.0,0.0,0.0,0.0,351.0,0.0,0.0,0.0,0.0,3.0
2019-12-13T20:00:00.0,0.0,1441.0,0.0,1224.0,16296.0,0.0,0.0,0.0,0.0,0.0,0.0,0.0,0.0,0.0,353.0,0.0,0.0,0.0,0.0,3.0
2019-12-13T21:00:00.0,0.0,1447.0,0.0,1222.0,14403.0,0.0,0.0,0.0,0.0,0.0,0.0,0.0,0.0,0.0,356.0,0.0,0.0,0.0,0.0,3.0
2019-12-13T22:00:00.0,0.0,1452.0,0.0,1214.0,13014.0,0.0,0.0,0.0,0.0,0.0,0.0,0.0,0.0,0.0,351.0,0.0,0.0,0.0,0.0,3.0
2019-12-13T23:00:00.0,0.0,1467.0,0.0,1208.0,11901.0,0.0,0.0,0.0,0.0,0.0,0.0,0.0,0.0,0.0,352.0,0.0,0.0,0.0,0.0,3.0
2019-12-14T00:00:00.0,0.0,1531.0,0.0,1162.0,10081.0,0.0,0.0,0.0,0.0,0.0,0.0,0.0,0.0,0.0,354.0,0.0,0.0,0.0,0.0,3.0
2019-12-14T01:00:00.0,0.0,1529.0,0.0,1153.0,9031.0,0.0,0.0,0.0,0.0,0.0,0.0,0.0,0.0,0.0,357.0,0.0,0.0,0.0,0.0,3.0
2019-12-14T02:00:00.0,0.0,1538.0,0.0,1149.0,8286.0,0.0,0.0,0.0,0.0,0.0,0.0,0.0,0.0,0.0,360.0,0.0,0.0,0.0,0.0,3.0
2019-12-14T03:00:00.0,0.0,1536.0,0.0,1147.0,8257.0,0.0,0.0,0.0,0.0,0.0,0.0,0.0,0.0,0.0,358.0,0.0,0.0,0.0,0.0,3.0
2019-12-14T04:00:00.0,0.0,1538.0,0.0,1146.0,8218.0,0.0,0.0,0.0,0.0,0.0,0.0,0.0,0.0,0.0,355.0,0.0,0.0,0.0,0.0,3.0
2019-12-14T05:00:00.0,0.0,1559.0,0.0,1143.0,8631.0,0.0,0.0,0.0,0.0,0.0,0.0,0.0,0.0,0.0,355.0,0.0,0.0,0.0,0.0,3.0
2019-12-14T06:00:00.0,0.0,1563.0,0.0,1141.0,9412.0,0.0,0.0,0.0,0.0,0.0,0.0,0.0,0.0,0.0,357.0,0.0,0.0,0.0,0.0,3.0
2019-12-14T07:00:00.0,0.0,1543.0,0.0,1141.0,10114.0,0.0,0.0,0.0,0.0,0.0,0.0,0.0,0.0,0.0,348.0,0.0,0.0,0.0,0.0,3.0
2019-12-14T08:00:00.0,0.0,1533.0,0.0,1142.0,11310.0,0.0,0.0,0.0,0.0,0.0,0.0,0.0,0.0,0.0,354.0,0.0,0.0,0.0,0.0,3.0
2019-12-14T09:00:00.0,0.0,1492.0,0.0,1145.0,12213.0,0.0,0.0,0.0,0.0,0.0,0.0,0.0,0.0,0.0,355.0,0.0,0.0,0.0,0.0,3.0
2019-12-14T10:00:00.0,0.0,1473.0,0.0,1144.0,12550.0,0.0,0.0,0.0,0.0,0.0,0.0,0.0,0.0,0.0,356.0,0.0,0.0,0.0,0.0,3.0
2019-12-14T11:00:00.0,0.0,1465.0,0.0,1143.0,12449.0,0.0,0.0,0.0,0.0,0.0,0.0,0.0,0.0,0.0,353.0,0.0,0.0,0.0,0.0,3.0
2019-12-14T12:00:00.0,0.0,1469.0,0.0,1143.0,12602.0,0.0,0.0,0.0,0.0,0.0,0.0,0.0,0.0,0.0,351.0,0.0,0.0,0.0,0.0,3.0
2019-12-14T13:00:00.0,0.0,1462.0,0.0,1141.0,12902.0,0.0,0.0,0.0,0.0,0.0,0.0,0.0,0.0,0.0,355.0,0.0,0.0,0.0,0.0,8.0
2019-12-14T14:00:00.0,0.0,1433.0,0.0,1141.0,12570.0,0.0,0.0,0.0,0.0,0.0,0.0,0.0,0.0,0.0,353.0,0.0,0.0,0.0,0.0,3.0
2019-12-14T15:00:00.0,0.0,1410.0,0.0,1142.0,13054.0,0.0,0.0,0.0,0.0,0.0,0.0,0.0,0.0,0.0,354.0,0.0,0.0,0.0,0.0,3.0
2019-12-14T16:00:00.0,0.0,1395.0,0.0,1143.0,13823.0,0.0,0.0,0.0,0.0,0.0,0.0,0.0,0.0,0.0,348.0,0.0,0.0,0.0,0.0,3.0
2019-12-14T17:00:00.0,0.0,1455.0,0.0,1143.0,14033.0,0.0,0.0,0.0,0.0,0.0,0.0,0.0,0.0,0.0,357.0,0.0,0.0,0.0,0.0,3.0
2019-12-14T18:00:00.0,0.0,1417.0,0.0,1138.0,13589.0,0.0,0.0,0.0,0.0,0.0,0.0,0.0,0.0,0.0,357.0,0.0,0.0,0.0,0.0,3.0
2019-12-14T19:00:00.0,0.0,1391.0,0.0,1142.0,13287.0,0.0,0.0,0.0,0.0,0.0,0.0,0.0,0.0,0.0,355.0,0.0,0.0,0.0,0.0,3.0
2019-12-14T20:00:00.0,0.0,1335.0,0.0,1140.0,12624.0,0.0,0.0,0.0,0.0,0.0,0.0,0.0,0.0,0.0,360.0,0.0,0.0,0.0,0.0,3.0
2019-12-14T21:00:00.0,0.0,1294.0,0.0,1138.0,11411.0,0.0,0.0,0.0,0.0,0.0,0.0,0.0,0.0,0.0,356.0,0.0,0.0,0.0,0.0,3.0
2019-12-14T22:00:00.0,0.0,1260.0,0.0,1138.0,10583.0,0.0,0.0,0.0,0.0,0.0,0.0,0.0,0.0,0.0,359.0,0.0,0.0,0.0,0.0,3.0
2019-12-14T23:00:00.0,0.0,1263.0,0.0,1135.0,9514.0,0.0,0.0,0.0,0.0,0.0,0.0,0.0,0.0,0.0,358.0,0.0,0.0,0.0,0.0,3.0
2019-12-15T00:00:00.0,0.0,1125.0,0.0,1114.0,9345.0,0.0,0.0,0.0,0.0,0.0,0.0,0.0,0.0,0.0,359.0,0.0,0.0,0.0,0.0,3.0
2019-12-15T01:00:00.0,0.0,1057.0,0.0,1094.0,9032.0,0.0,0.0,0.0,0.0,0.0,0.0,0.0,0.0,0.0,359.0,0.0,0.0,0.0,0.0,3.0
2019-12-15T02:00:00.0,0.0,1026.0,0.0,1099.0,8941.0,0.0,0.0,0.0,0.0,0.0,0.0,0.0,0.0,0.0,360.0,0.0,0.0,0.0,0.0,3.0
2019-12-15T03:00:00.0,0.0,1021.0,0.0,1093.0,9017.0,0.0,0.0,0.0,0.0,0.0,0.0,0.0,0.0,0.0,360.0,0.0,0.0,0.0,0.0,3.0
2019-12-15T04:00:00.0,0.0,1017.0,0.0,1095.0,9186.0,0.0,0.0,0.0,0.0,0.0,0.0,0.0,0.0,0.0,362.0,0.0,0.0,0.0,0.0,3.0
2019-12-15T05:00:00.0,0.0,983.0,0.0,1095.0,9067.0,0.0,0.0,0.0,0.0,0.0,0.0,0.0,0.0,0.0,361.0,0.0,0.0,0.0,0.0,3.0
2019-12-15T06:00:00.0,0.0,949.0,0.0,1094.0,9297.0,0.0,0.0,0.0,0.0,0.0,0.0,0.0,0.0,0.0,361.0,0.0,0.0,0.0,0.0,3.0
2019-12-15T07:00:00.0,0.0,918.0,0.0,1093.0,9708.0,0.0,0.0,0.0,0.0,0.0,0.0,0.0,0.0,0.0,360.0,0.0,0.0,0.0,0.0,3.0
2019-12-15T08:00:00.0,0.0,908.0,0.0,1097.0,10729.0,0.0,0.0,0.0,0.0,0.0,0.0,0.0,0.0,0.0,363.0,0.0,0.0,0.0,0.0,3.0
2019-12-15T09:00:00.0,0.0,895.0,0.0,1102.0,11572.0,0.0,0.0,0.0,0.0,0.0,0.0,0.0,0.0,0.0,350.0,0.0,0.0,0.0,0.0,3.0
2019-12-15T10:00:00.0,0.0,882.0,0.0,1100.0,12124.0,0.0,0.0,0.0,0.0,0.0,0.0,0.0,0.0,0.0,357.0,0.0,0.0,0.0,0.0,3.0
2019-12-15T11:00:00.0,0.0,871.0,0.0,1100.0,12249.0,0.0,0.0,0.0,0.0,0.0,0.0,0.0,0.0,0.0,360.0,0.0,0.0,0.0,0.0,3.0
2019-12-15T12:00:00.0,0.0,843.0,0.0,1094.0,12267.0,0.0,0.0,0.0,0.0,0.0,0.0,0.0,0.0,0.0,360.0,0.0,0.0,0.0,0.0,3.0
2019-12-15T13:00:00.0,0.0,838.0,0.0,1098.0,12546.0,0.0,0.0,0.0,0.0,0.0,0.0,0.0,0.0,0.0,358.0,0.0,0.0,0.0,0.0,3.0
2019-12-15T14:00:00.0,0.0,802.0,0.0,1098.0,13120.0,0.0,0.0,0.0,0.0,0.0,0.0,0.0,0.0,0.0,358.0,0.0,0.0,0.0,0.0,3.0
2019-12-15T15:00:00.0,0.0,754.0,0.0,1098.0,13404.0,0.0,0.0,0.0,0.0,0.0,0.0,0.0,0.0,0.0,359.0,0.0,0.0,0.0,0.0,3.0
2019-12-15T16:00:00.0,0.0,768.0,0.0,1098.0,13474.0,0.0,0.0,0.0,0.0,0.0,0.0,0.0,0.0,0.0,359.0,0.0,0.0,0.0,0.0,3.0
2019-12-15T17:00:00.0,0.0,790.0,0.0,1100.0,13795.0,0.0,0.0,0.0,0.0,0.0,0.0,0.0,0.0,0.0,356.0,0.0,0.0,0.0,0.0,3.0
2019-12-15T18:00:00.0,0.0,781.0,0.0,1098.0,13751.0,0.0,0.0,0.0,0.0,0.0,0.0,0.0,0.0,0.0,358.0,0.0,0.0,0.0,0.0,3.0
2019-12-15T19:00:00.0,0.0,742.0,0.0,1100.0,13372.0,0.0,0.0,0.0,0.0,0.0,0.0,0.0,0.0,0.0,358.0,0.0,0.0,0.0,0.0,3.0
2019-12-15T20:00:00.0,0.0,727.0,0.0,1098.0,13086.0,0.0,0.0,0.0,0.0,0.0,0.0,0.0,0.0,0.0,359.0,0.0,0.0,0.0,0.0,3.0
2019-12-15T21:00:00.0,0.0,799.0,0.0,1096.0,12433.0,0.0,0.0,0.0,0.0,0.0,0.0,0.0,0.0,0.0,358.0,0.0,0.0,0.0,0.0,3.0
2019-12-15T22:00:00.0,0.0,762.0,0.0,1094.0,11573.0,0.0,0.0,0.0,0.0,0.0,0.0,0.0,0.0,0.0,358.0,0.0,0.0,0.0,0.0,3.0
2019-12-15T23:00:00.0,0.0,721.0,0.0,1094.0,10927.0,0.0,0.0,0.0,0.0,0.0,0.0,0.0,0.0,0.0,358.0,0.0,0.0,0.0,0.0,3.0
2019-12-16T00:00:00.0,0.0,691.0,0.0,1108.0,10467.0,0.0,0.0,0.0,0.0,0.0,0.0,0.0,0.0,0.0,359.0,0.0,0.0,0.0,0.0,3.0
2019-12-16T01:00:00.0,0.0,658.0,0.0,1105.0,10086.0,0.0,0.0,0.0,0.0,0.0,0.0,0.0,0.0,0.0,359.0,0.0,0.0,0.0,0.0,3.0
2019-12-16T02:00:00.0,0.0,616.0,0.0,1107.0,10227.0,0.0,0.0,0.0,0.0,0.0,0.0,0.0,0.0,0.0,362.0,0.0,0.0,0.0,0.0,3.0
2019-12-16T03:00:00.0,0.0,592.0,0.0,1109.0,10649.0,0.0,0.0,0.0,0.0,0.0,0.0,0.0,0.0,0.0,360.0,0.0,0.0,0.0,0.0,3.0
2019-12-16T04:00:00.0,0.0,534.0,0.0,1119.0,10841.0,0.0,0.0,0.0,0.0,0.0,0.0,0.0,0.0,0.0,359.0,0.0,0.0,0.0,0.0,3.0
2019-12-16T05:00:00.0,0.0,470.0,0.0,1120.0,12179.0,0.0,0.0,0.0,0.0,0.0,0.0,0.0,0.0,0.0,359.0,0.0,0.0,0.0,0.0,3.0
2019-12-16T06:00:00.0,0.0,414.0,0.0,1116.0,15594.0,0.0,0.0,0.0,0.0,0.0,0.0,0.0,0.0,0.0,359.0,0.0,0.0,0.0,0.0,3.0
2019-12-16T07:00:00.0,0.0,385.0,0.0,1124.0,19611.0,0.0,0.0,0.0,0.0,0.0,0.0,0.0,0.0,0.0,358.0,0.0,0.0,0.0,0.0,3.0
2019-12-16T08:00:00.0,0.0,360.0,0.0,1140.0,20802.0,0.0,0.0,0.0,0.0,0.0,0.0,0.0,0.0,0.0,358.0,0.0,0.0,0.0,0.0,3.0
2019-12-16T09:00:00.0,0.0,371.0,0.0,1142.0,20401.0,0.0,0.0,0.0,0.0,0.0,0.0,0.0,0.0,0.0,358.0,0.0,0.0,0.0,0.0,3.0
2019-12-16T10:00:00.0,0.0,382.0,0.0,1148.0,20467.0,0.0,0.0,0.0,0.0,0.0,0.0,0.0,0.0,0.0,355.0,0.0,0.0,0.0,0.0,3.0
2019-12-16T11:00:00.0,0.0,372.0,0.0,1155.0,20814.0,0.0,0.0,0.0,0.0,0.0,0.0,0.0,0.0,0.0,356.0,0.0,0.0,0.0,0.0,3.0
2019-12-16T12:00:00.0,0.0,367.0,0.0,1157.0,21517.0,0.0,0.0,0.0,0.0,0.0,0.0,0.0,0.0,0.0,359.0,0.0,0.0,0.0,0.0,3.0
2019-12-16T13:00:00.0,0.0,360.0,0.0,1158.0,21733.0,0.0,0.0,0.0,0.0,0.0,0.0,0.0,0.0,0.0,355.0,0.0,0.0,0.0,0.0,3.0
2019-12-16T14:00:00.0,0.0,347.0,0.0,1156.0,21761.0,0.0,0.0,0.0,0.0,0.0,0.0,0.0,0.0,0.0,347.0,0.0,0.0,0.0,0.0,3.0
2019-12-16T15:00:00.0,0.0,382.0,0.0,1154.0,21914.0,0.0,0.0,0.0,0.0,0.0,0.0,0.0,0.0,0.0,314.0,0.0,0.0,0.0,0.0,3.0
2019-12-16T16:00:00.0,0.0,409.0,0.0,1155.0,22211.0,0.0,0.0,0.0,0.0,0.0,0.0,0.0,0.0,0.0,309.0,0.0,0.0,0.0,0.0,19.0
2019-12-16T17:00:00.0,0.0,442.0,0.0,1154.0,22109.0,0.0,0.0,0.0,0.0,0.0,0.0,0.0,0.0,0.0,316.0,0.0,0.0,0.0,0.0,19.0
2019-12-16T18:00:00.0,0.0,464.0,0.0,1153.0,21506.0,0.0,0.0,0.0,0.0,0.0,0.0,0.0,0.0,0.0,318.0,0.0,0.0,0.0,0.0,20.0
2019-12-16T19:00:00.0,0.0,486.0,0.0,1153.0,20782.0,0.0,0.0,0.0,0.0,0.0,0.0,0.0,0.0,0.0,314.0,0.0,0.0,0.0,0.0,20.0
2019-12-16T20:00:00.0,0.0,516.0,0.0,1152.0,19838.0,0.0,0.0,0.0,0.0,0.0,0.0,0.0,0.0,0.0,313.0,0.0,0.0,0.0,0.0,19.0
2019-12-16T21:00:00.0,0.0,526.0,0.0,1151.0,18258.0,0.0,0.0,0.0,0.0,0.0,0.0,0.0,0.0,0.0,306.0,0.0,0.0,0.0,0.0,17.0
2019-12-16T22:00:00.0,0.0,577.0,0.0,1145.0,15963.0,0.0,0.0,0.0,0.0,0.0,0.0,0.0,0.0,0.0,308.0,0.0,0.0,0.0,0.0,16.0
2019-12-16T23:00:00.0,0.0,618.0,0.0,1144.0,13769.0,0.0,0.0,0.0,0.0,0.0,0.0,0.0,0.0,0.0,309.0,0.0,0.0,0.0,0.0,16.0
2019-12-17T00:00:00.0,0.0,634.0,0.0,1119.0,12618.0,0.0,0.0,0.0,0.0,0.0,0.0,0.0,0.0,0.0,327.0,0.0,0.0,0.0,0.0,15.0
2019-12-17T01:00:00.0,0.0,653.0,0.0,1116.0,12043.0,0.0,0.0,0.0,0.0,0.0,0.0,0.0,0.0,0.0,331.0,0.0,0.0,0.0,0.0,14.0
2019-12-17T02:00:00.0,0.0,686.0,0.0,1117.0,11645.0,0.0,0.0,0.0,0.0,0.0,0.0,0.0,0.0,0.0,333.0,0.0,0.0,0.0,0.0,14.0
2019-12-17T03:00:00.0,0.0,705.0,0.0,1116.0,11620.0,0.0,0.0,0.0,0.0,0.0,0.0,0.0,0.0,0.0,352.0,0.0,0.0,0.0,0.0,13.0
2019-12-17T04:00:00.0,0.0,721.0,0.0,1116.0,11711.0,0.0,0.0,0.0,0.0,0.0,0.0,0.0,0.0,0.0,326.0,0.0,0.0,0.0,0.0,13.0
2019-12-17T05:00:00.0,0.0,709.0,0.0,1139.0,13578.0,0.0,0.0,0.0,0.0,0.0,0.0,0.0,0.0,0.0,322.0,0.0,0.0,0.0,0.0,12.0
2019-12-17T06:00:00.0,0.0,687.0,0.0,1151.0,16308.0,0.0,0.0,0.0,0.0,0.0,0.0,0.0,0.0,0.0,324.0,0.0,0.0,0.0,0.0,12.0
2019-12-17T07:00:00.0,0.0,668.0,0.0,1166.0,20124.0,0.0,0.0,0.0,0.0,0.0,0.0,0.0,0.0,0.0,336.0,0.0,0.0,0.0,0.0,12.0
2019-12-17T08:00:00.0,0.0,630.0,0.0,1169.0,21710.0,0.0,0.0,0.0,0.0,0.0,0.0,0.0,0.0,0.0,324.0,0.0,0.0,0.0,0.0,12.0
2019-12-17T09:00:00.0,0.0,564.0,0.0,1173.0,21066.0,0.0,0.0,0.0,0.0,0.0,0.0,0.0,0.0,0.0,319.0,0.0,0.0,0.0,0.0,13.0
2019-12-17T10:00:00.0,0.0,510.0,0.0,1158.0,20263.0,0.0,0.0,0.0,0.0,0.0,0.0,0.0,0.0,0.0,318.0,0.0,0.0,0.0,0.0,12.0
2019-12-17T11:00:00.0,0.0,449.0,0.0,1155.0,19692.0,0.0,0.0,0.0,0.0,0.0,0.0,0.0,0.0,0.0,327.0,0.0,0.0,0.0,0.0,13.0
2019-12-17T12:00:00.0,0.0,391.0,0.0,1158.0,19197.0,0.0,0.0,0.0,0.0,0.0,0.0,0.0,0.0,0.0,329.0,0.0,0.0,0.0,0.0,15.0
2019-12-17T13:00:00.0,0.0,342.0,0.0,1159.0,19315.0,0.0,0.0,0.0,0.0,0.0,0.0,0.0,0.0,0.0,330.0,0.0,0.0,0.0,0.0,14.0
2019-12-17T14:00:00.0,0.0,318.0,0.0,1174.0,20188.0,0.0,0.0,0.0,0.0,0.0,0.0,0.0,0.0,0.0,347.0,0.0,0.0,0.0,0.0,16.0
2019-12-17T15:00:00.0,0.0,242.0,0.0,1172.0,21487.0,0.0,0.0,0.0,0.0,0.0,0.0,0.0,0.0,0.0,340.0,0.0,0.0,0.0,0.0,16.0
2019-12-17T16:00:00.0,0.0,295.0,0.0,1176.0,21768.0,0.0,0.0,0.0,0.0,0.0,0.0,0.0,0.0,0.0,332.0,0.0,0.0,0.0,0.0,16.0
2019-12-17T17:00:00.0,0.0,247.0,0.0,1178.0,21426.0,0.0,0.0,0.0,0.0,0.0,0.0,0.0,0.0,0.0,334.0,0.0,0.0,0.0,0.0,16.0
2019-12-17T18:00:00.0,0.0,298.0,0.0,1175.0,19396.0,0.0,0.0,0.0,0.0,0.0,0.0,0.0,0.0,0.0,337.0,0.0,0.0,0.0,0.0,16.0
2019-12-17T19:00:00.0,0.0,305.0,0.0,1173.0,17739.0,0.0,0.0,0.0,0.0,0.0,0.0,0.0,0.0,0.0,333.0,0.0,0.0,0.0,0.0,15.0
2019-12-17T20:00:00.0,0.0,232.0,0.0,1169.0,15743.0,0.0,0.0,0.0,0.0,0.0,0.0,0.0,0.0,0.0,332.0,0.0,0.0,0.0,0.0,14.0
2019-12-17T21:00:00.0,0.0,254.0,0.0,1165.0,15001.0,0.0,0.0,0.0,0.0,0.0,0.0,0.0,0.0,0.0,332.0,0.0,0.0,0.0,0.0,13.0
2019-12-17T22:00:00.0,0.0,231.0,0.0,1164.0,13856.0,0.0,0.0,0.0,0.0,0.0,0.0,0.0,0.0,0.0,340.0,0.0,0.0,0.0,0.0,13.0
2019-12-17T23:00:00.0,0.0,224.0,0.0,1160.0,12532.0,0.0,0.0,0.0,0.0,0.0,0.0,0.0,0.0,0.0,341.0,0.0,0.0,0.0,0.0,13.0
2019-12-18T00:00:00.0,0.0,151.0,0.0,1165.0,11883.0,0.0,0.0,0.0,0.0,0.0,0.0,0.0,0.0,0.0,347.0,0.0,0.0,0.0,0.0,12.0
2019-12-18T01:00:00.0,0.0,162.0,0.0,1163.0,11315.0,0.0,0.0,0.0,0.0,0.0,0.0,0.0,0.0,0.0,347.0,0.0,0.0,0.0,0.0,11.0
2019-12-18T02:00:00.0,0.0,145.0,0.0,1163.0,10917.0,0.0,0.0,0.0,0.0,0.0,0.0,0.0,0.0,0.0,345.0,0.0,0.0,0.0,0.0,10.0
2019-12-18T03:00:00.0,0.0,154.0,0.0,1167.0,11107.0,0.0,0.0,0.0,0.0,0.0,0.0,0.0,0.0,0.0,345.0,0.0,0.0,0.0,0.0,9.0
2019-12-18T04:00:00.0,0.0,166.0,0.0,1167.0,11833.0,0.0,0.0,0.0,0.0,0.0,0.0,0.0,0.0,0.0,346.0,0.0,0.0,0.0,0.0,9.0
2019-12-18T05:00:00.0,0.0,168.0,0.0,1170.0,12922.0,0.0,0.0,0.0,0.0,0.0,0.0,0.0,0.0,0.0,348.0,0.0,0.0,0.0,0.0,8.0
2019-12-18T06:00:00.0,0.0,162.0,0.0,1168.0,15483.0,0.0,0.0,0.0,0.0,0.0,0.0,0.0,0.0,0.0,346.0,0.0,0.0,0.0,0.0,8.0
2019-12-18T07:00:00.0,0.0,146.0,0.0,1170.0,20172.0,0.0,0.0,0.0,0.0,0.0,0.0,0.0,0.0,0.0,347.0,0.0,0.0,0.0,0.0,8.0
2019-12-18T08:00:00.0,0.0,145.0,0.0,1176.0,21598.0,0.0,0.0,0.0,0.0,0.0,0.0,0.0,0.0,0.0,347.0,0.0,0.0,0.0,0.0,8.0
2019-12-18T09:00:00.0,0.0,172.0,0.0,1179.0,21412.0,0.0,0.0,0.0,0.0,0.0,0.0,0.0,0.0,0.0,350.0,0.0,0.0,0.0,0.0,5.0
2019-12-18T10:00:00.0,0.0,219.0,0.0,1177.0,21137.0,0.0,0.0,0.0,0.0,0.0,0.0,0.0,0.0,0.0,353.0,0.0,0.0,0.0,0.0,6.0
2019-12-18T11:00:00.0,0.0,246.0,0.0,1174.0,20681.0,0.0,0.0,0.0,0.0,0.0,0.0,0.0,0.0,0.0,354.0,0.0,0.0,0.0,0.0,6.0
2019-12-18T12:00:00.0,0.0,294.0,0.0,1173.0,20075.0,0.0,0.0,0.0,0.0,0.0,0.0,0.0,0.0,0.0,353.0,0.0,0.0,0.0,0.0,6.0
2019-12-18T13:00:00.0,0.0,300.0,0.0,1174.0,19526.0,0.0,0.0,0.0,0.0,0.0,0.0,0.0,0.0,0.0,355.0,0.0,0.0,0.0,0.0,7.0
2019-12-18T14:00:00.0,0.0,292.0,0.0,1177.0,19625.0,0.0,0.0,0.0,0.0,0.0,0.0,0.0,0.0,0.0,354.0,0.0,0.0,0.0,0.0,8.0
2019-12-18T15:00:00.0,0.0,294.0,0.0,1177.0,20372.0,0.0,0.0,0.0,0.0,0.0,0.0,0.0,0.0,0.0,351.0,0.0,0.0,0.0,0.0,9.0
2019-12-18T16:00:00.0,0.0,300.0,0.0,1176.0,20813.0,0.0,0.0,0.0,0.0,0.0,0.0,0.0,0.0,0.0,341.0,0.0,0.0,0.0,0.0,9.0
2019-12-18T17:00:00.0,0.0,265.0,0.0,1175.0,20921.0,0.0,0.0,0.0,0.0,0.0,0.0,0.0,0.0,0.0,349.0,0.0,0.0,0.0,0.0,9.0
2019-12-18T18:00:00.0,0.0,257.0,0.0,1174.0,20549.0,0.0,0.0,0.0,0.0,0.0,0.0,0.0,0.0,0.0,355.0,0.0,0.0,0.0,0.0,12.0
2019-12-18T19:00:00.0,0.0,349.0,0.0,1175.0,19975.0,0.0,0.0,0.0,0.0,0.0,0.0,0.0,0.0,0.0,354.0,0.0,0.0,0.0,0.0,13.0
2019-12-18T20:00:00.0,0.0,433.0,0.0,1174.0,18681.0,0.0,0.0,0.0,0.0,0.0,0.0,0.0,0.0,0.0,355.0,0.0,0.0,0.0,0.0,14.0
2019-12-18T21:00:00.0,0.0,427.0,0.0,1172.0,16049.0,0.0,0.0,0.0,0.0,0.0,0.0,0.0,0.0,0.0,351.0,0.0,0.0,0.0,0.0,13.0
2019-12-18T22:00:00.0,0.0,563.0,0.0,1172.0,13713.0,0.0,0.0,0.0,0.0,0.0,0.0,0.0,0.0,0.0,352.0,0.0,0.0,0.0,0.0,14.0
2019-12-18T23:00:00.0,0.0,626.0,0.0,1163.0,12007.0,0.0,0.0,0.0,0.0,0.0,0.0,0.0,0.0,0.0,351.0,0.0,0.0,0.0,0.0,14.0
2019-12-19T00:00:00.0,0.0,628.0,0.0,1166.0,11316.0,0.0,0.0,0.0,0.0,0.0,0.0,0.0,0.0,0.0,354.0,0.0,0.0,0.0,0.0,17.0
2019-12-19T01:00:00.0,0.0,630.0,0.0,1166.0,10811.0,0.0,0.0,0.0,0.0,0.0,0.0,0.0,0.0,0.0,354.0,0.0,0.0,0.0,0.0,14.0
2019-12-19T02:00:00.0,0.0,704.0,0.0,1166.0,10796.0,0.0,0.0,0.0,0.0,0.0,0.0,0.0,0.0,0.0,352.0,0.0,0.0,0.0,0.0,14.0
2019-12-19T03:00:00.0,0.0,670.0,0.0,1165.0,10810.0,0.0,0.0,0.0,0.0,0.0,0.0,0.0,0.0,0.0,347.0,0.0,0.0,0.0,0.0,14.0
2019-12-19T04:00:00.0,0.0,752.0,0.0,1164.0,11262.0,0.0,0.0,0.0,0.0,0.0,0.0,0.0,0.0,0.0,351.0,0.0,0.0,0.0,0.0,13.0
2019-12-19T05:00:00.0,0.0,810.0,0.0,1164.0,12247.0,0.0,0.0,0.0,0.0,0.0,0.0,0.0,0.0,0.0,344.0,0.0,0.0,0.0,0.0,12.0
2019-12-19T06:00:00.0,0.0,794.0,0.0,1164.0,14070.0,0.0,0.0,0.0,0.0,0.0,0.0,0.0,0.0,0.0,351.0,0.0,0.0,0.0,0.0,12.0
2019-12-19T07:00:00.0,0.0,837.0,0.0,1165.0,17969.0,0.0,0.0,0.0,0.0,0.0,0.0,0.0,0.0,0.0,350.0,0.0,0.0,0.0,0.0,12.0
2019-12-19T08:00:00.0,0.0,827.0,0.0,1164.0,19772.0,0.0,0.0,0.0,0.0,0.0,0.0,0.0,0.0,0.0,355.0,0.0,0.0,0.0,0.0,13.0
2019-12-19T09:00:00.0,0.0,897.0,0.0,1165.0,19158.0,0.0,0.0,0.0,0.0,0.0,0.0,0.0,0.0,0.0,349.0,0.0,0.0,0.0,0.0,14.0
2019-12-19T10:00:00.0,0.0,879.0,0.0,1164.0,17700.0,0.0,0.0,0.0,0.0,0.0,0.0,0.0,0.0,0.0,355.0,0.0,0.0,0.0,0.0,15.0
2019-12-19T11:00:00.0,0.0,909.0,0.0,1162.0,16692.0,0.0,0.0,0.0,0.0,0.0,0.0,0.0,0.0,0.0,353.0,0.0,0.0,0.0,0.0,14.0
2019-12-19T12:00:00.0,0.0,919.0,0.0,1164.0,16285.0,0.0,0.0,0.0,0.0,0.0,0.0,0.0,0.0,0.0,352.0,0.0,0.0,0.0,0.0,15.0
2019-12-19T13:00:00.0,0.0,1055.0,0.0,1163.0,16400.0,0.0,0.0,0.0,0.0,0.0,0.0,0.0,0.0,0.0,358.0,0.0,0.0,0.0,0.0,16.0
2019-12-19T14:00:00.0,0.0,1059.0,0.0,1167.0,17496.0,0.0,0.0,0.0,0.0,0.0,0.0,0.0,0.0,0.0,360.0,0.0,0.0,0.0,0.0,16.0
2019-12-19T15:00:00.0,0.0,1036.0,0.0,1167.0,18840.0,0.0,0.0,0.0,0.0,0.0,0.0,0.0,0.0,0.0,361.0,0.0,0.0,0.0,0.0,16.0
2019-12-19T16:00:00.0,0.0,1088.0,0.0,1171.0,19575.0,0.0,0.0,0.0,0.0,0.0,0.0,0.0,0.0,0.0,368.0,0.0,0.0,0.0,0.0,16.0
2019-12-19T17:00:00.0,0.0,1123.0,0.0,1184.0,19370.0,0.0,0.0,0.0,0.0,0.0,0.0,0.0,0.0,0.0,368.0,0.0,0.0,0.0,0.0,17.0
2019-12-19T18:00:00.0,0.0,1081.0,0.0,1188.0,18182.0,0.0,0.0,0.0,0.0,0.0,0.0,0.0,0.0,0.0,370.0,0.0,0.0,0.0,0.0,17.0
2019-12-19T19:00:00.0,0.0,1083.0,0.0,1191.0,16692.0,0.0,0.0,0.0,0.0,0.0,0.0,0.0,0.0,0.0,366.0,0.0,0.0,0.0,0.0,17.0
2019-12-19T20:00:00.0,0.0,1103.0,0.0,1195.0,13814.0,0.0,0.0,0.0,0.0,0.0,0.0,0.0,0.0,0.0,368.0,0.0,0.0,0.0,0.0,32.0
2019-12-19T21:00:00.0,0.0,967.0,0.0,1200.0,12354.0,0.0,0.0,0.0,0.0,0.0,0.0,0.0,0.0,0.0,367.0,0.0,0.0,0.0,0.0,30.0
2019-12-19T22:00:00.0,0.0,966.0,0.0,1203.0,11938.0,0.0,0.0,0.0,0.0,0.0,0.0,0.0,0.0,0.0,369.0,0.0,0.0,0.0,0.0,29.0
2019-12-19T23:00:00.0,0.0,848.0,0.0,1207.0,10968.0,0.0,0.0,0.0,0.0,0.0,0.0,0.0,0.0,0.0,366.0,0.0,0.0,0.0,0.0,27.0
2019-12-20T00:00:00.0,0.0,802.0,0.0,1178.0,10414.0,0.0,0.0,0.0,0.0,0.0,0.0,0.0,0.0,0.0,364.0,0.0,0.0,0.0,0.0,25.0
2019-12-20T01:00:00.0,0.0,818.0,0.0,1169.0,10120.0,0.0,0.0,0.0,0.0,0.0,0.0,0.0,0.0,0.0,366.0,0.0,0.0,0.0,0.0,30.0
2019-12-20T02:00:00.0,0.0,827.0,0.0,1165.0,9833.0,0.0,0.0,0.0,0.0,0.0,0.0,0.0,0.0,0.0,365.0,0.0,0.0,0.0,0.0,31.0
2019-12-20T03:00:00.0,0.0,921.0,0.0,1162.0,9530.0,0.0,0.0,0.0,0.0,0.0,0.0,0.0,0.0,0.0,372.0,0.0,0.0,0.0,0.0,34.0
2019-12-20T04:00:00.0,0.0,921.0,0.0,1165.0,10338.0,0.0,0.0,0.0,0.0,0.0,0.0,0.0,0.0,0.0,368.0,0.0,0.0,0.0,0.0,33.0
2019-12-20T05:00:00.0,0.0,968.0,0.0,1171.0,11136.0,0.0,0.0,0.0,0.0,0.0,0.0,0.0,0.0,0.0,372.0,0.0,0.0,0.0,0.0,34.0
2019-12-20T06:00:00.0,0.0,1060.0,0.0,1173.0,12520.0,0.0,0.0,0.0,0.0,0.0,0.0,0.0,0.0,0.0,369.0,0.0,0.0,0.0,0.0,36.0
2019-12-20T07:00:00.0,0.0,1200.0,0.0,1182.0,15090.0,0.0,0.0,0.0,0.0,0.0,0.0,0.0,0.0,0.0,372.0,0.0,0.0,0.0,0.0,36.0
2019-12-20T08:00:00.0,0.0,1283.0,0.0,1185.0,16340.0,0.0,0.0,0.0,0.0,0.0,0.0,0.0,0.0,0.0,371.0,0.0,0.0,0.0,0.0,35.0
2019-12-20T09:00:00.0,0.0,1310.0,0.0,1187.0,16232.0,0.0,0.0,0.0,0.0,0.0,0.0,0.0,0.0,0.0,370.0,0.0,0.0,0.0,0.0,34.0
2019-12-20T10:00:00.0,0.0,1252.0,0.0,1193.0,15809.0,0.0,0.0,0.0,0.0,0.0,0.0,0.0,0.0,0.0,369.0,0.0,0.0,0.0,0.0,36.0
2019-12-20T11:00:00.0,0.0,1261.0,0.0,1197.0,15633.0,0.0,0.0,0.0,0.0,0.0,0.0,0.0,0.0,0.0,371.0,0.0,0.0,0.0,0.0,36.0
2019-12-20T12:00:00.0,0.0,1336.0,0.0,1201.0,15387.0,0.0,0.0,0.0,0.0,0.0,0.0,0.0,0.0,0.0,370.0,0.0,0.0,0.0,0.0,35.0
2019-12-20T13:00:00.0,0.0,1283.0,0.0,1195.0,14761.0,0.0,0.0,0.0,0.0,0.0,0.0,0.0,0.0,0.0,367.0,0.0,0.0,0.0,0.0,42.0
2019-12-20T14:00:00.0,0.0,1246.0,0.0,1191.0,14620.0,0.0,0.0,0.0,0.0,0.0,0.0,0.0,0.0,0.0,370.0,0.0,0.0,0.0,0.0,43.0
2019-12-20T15:00:00.0,0.0,1282.0,0.0,1188.0,14826.0,0.0,0.0,0.0,0.0,0.0,0.0,0.0,0.0,0.0,369.0,0.0,0.0,0.0,0.0,48.0
2019-12-20T16:00:00.0,0.0,1296.0,0.0,1187.0,14919.0,0.0,0.0,0.0,0.0,0.0,0.0,0.0,0.0,0.0,372.0,0.0,0.0,0.0,0.0,49.0
2019-12-20T17:00:00.0,0.0,1294.0,0.0,1186.0,14917.0,0.0,0.0,0.0,0.0,0.0,0.0,0.0,0.0,0.0,373.0,0.0,0.0,0.0,0.0,51.0
2019-12-20T18:00:00.0,0.0,1330.0,0.0,1186.0,14692.0,0.0,0.0,0.0,0.0,0.0,0.0,0.0,0.0,0.0,370.0,0.0,0.0,0.0,0.0,52.0
2019-12-20T19:00:00.0,0.0,1327.0,0.0,1189.0,13534.0,0.0,0.0,0.0,0.0,0.0,0.0,0.0,0.0,0.0,378.0,0.0,0.0,0.0,0.0,53.0
2019-12-20T20:00:00.0,0.0,1480.0,0.0,1191.0,11847.0,0.0,0.0,0.0,0.0,0.0,0.0,0.0,0.0,0.0,371.0,0.0,0.0,0.0,0.0,54.0
2019-12-20T21:00:00.0,0.0,1379.0,0.0,1194.0,11101.0,0.0,0.0,0.0,0.0,0.0,0.0,0.0,0.0,0.0,370.0,0.0,0.0,0.0,0.0,49.0
2019-12-20T22:00:00.0,0.0,1422.0,0.0,1198.0,10416.0,0.0,0.0,0.0,0.0,0.0,0.0,0.0,0.0,0.0,370.0,0.0,0.0,0.0,0.0,51.0
2019-12-20T23:00:00.0,0.0,1385.0,0.0,1203.0,9420.0,0.0,0.0,0.0,0.0,0.0,0.0,0.0,0.0,0.0,369.0,0.0,0.0,0.0,0.0,52.0
2019-12-21T00:00:00.0,0.0,1408.0,0.0,1217.0,8577.0,0.0,0.0,0.0,0.0,0.0,0.0,0.0,0.0,0.0,374.0,0.0,0.0,0.0,0.0,50.0
2019-12-21T01:00:00.0,0.0,1398.0,0.0,1204.0,8061.0,0.0,0.0,0.0,0.0,0.0,0.0,0.0,0.0,0.0,367.0,0.0,0.0,0.0,0.0,45.0
2019-12-21T02:00:00.0,0.0,1469.0,0.0,1199.0,7764.0,0.0,0.0,0.0,0.0,0.0,0.0,0.0,0.0,0.0,375.0,0.0,0.0,0.0,0.0,45.0
2019-12-21T03:00:00.0,0.0,1464.0,0.0,1193.0,7803.0,0.0,0.0,0.0,0.0,0.0,0.0,0.0,0.0,0.0,345.0,0.0,0.0,0.0,0.0,44.0
2019-12-21T04:00:00.0,0.0,1443.0,0.0,1195.0,7751.0,0.0,0.0,0.0,0.0,0.0,0.0,0.0,0.0,0.0,154.0,0.0,0.0,0.0,0.0,44.0
2019-12-21T05:00:00.0,0.0,1402.0,0.0,1197.0,7580.0,0.0,0.0,0.0,0.0,0.0,0.0,0.0,0.0,0.0,345.0,0.0,0.0,0.0,0.0,45.0
2019-12-21T06:00:00.0,0.0,1312.0,0.0,1197.0,8164.0,0.0,0.0,0.0,0.0,0.0,0.0,0.0,0.0,0.0,361.0,0.0,0.0,0.0,0.0,47.0
2019-12-21T07:00:00.0,0.0,1250.0,0.0,1197.0,9696.0,0.0,0.0,0.0,0.0,0.0,0.0,0.0,0.0,0.0,363.0,0.0,0.0,0.0,0.0,47.0
2019-12-21T08:00:00.0,0.0,1267.0,0.0,1199.0,10495.0,0.0,0.0,0.0,0.0,0.0,0.0,0.0,0.0,0.0,367.0,0.0,0.0,0.0,0.0,49.0
2019-12-21T09:00:00.0,0.0,1230.0,0.0,1196.0,11813.0,0.0,0.0,0.0,0.0,0.0,0.0,0.0,0.0,0.0,364.0,0.0,0.0,0.0,0.0,48.0
2019-12-21T10:00:00.0,0.0,1172.0,0.0,1194.0,12653.0,0.0,0.0,0.0,0.0,0.0,0.0,0.0,0.0,0.0,361.0,0.0,0.0,0.0,0.0,44.0
2019-12-21T11:00:00.0,0.0,1170.0,0.0,1209.0,12756.0,0.0,0.0,0.0,0.0,0.0,0.0,0.0,0.0,0.0,361.0,0.0,0.0,0.0,0.0,45.0
2019-12-21T12:00:00.0,0.0,1053.0,0.0,1207.0,12407.0,0.0,0.0,0.0,0.0,0.0,0.0,0.0,0.0,0.0,360.0,0.0,0.0,0.0,0.0,44.0
2019-12-21T13:00:00.0,0.0,1071.0,0.0,1206.0,12140.0,0.0,0.0,0.0,0.0,0.0,0.0,0.0,0.0,0.0,362.0,0.0,0.0,0.0,0.0,41.0
2019-12-21T14:00:00.0,0.0,1015.0,0.0,1204.0,13422.0,0.0,0.0,0.0,0.0,0.0,0.0,0.0,0.0,0.0,360.0,0.0,0.0,0.0,0.0,40.0
2019-12-21T15:00:00.0,0.0,941.0,0.0,1203.0,14446.0,0.0,0.0,0.0,0.0,0.0,0.0,0.0,0.0,0.0,359.0,0.0,0.0,0.0,0.0,37.0
2019-12-21T16:00:00.0,0.0,896.0,0.0,1201.0,16223.0,0.0,0.0,0.0,0.0,0.0,0.0,0.0,0.0,0.0,360.0,0.0,0.0,0.0,0.0,33.0
2019-12-21T17:00:00.0,0.0,914.0,0.0,1199.0,16571.0,0.0,0.0,0.0,0.0,0.0,0.0,0.0,0.0,0.0,358.0,0.0,0.0,0.0,0.0,32.0
2019-12-21T18:00:00.0,0.0,895.0,0.0,1195.0,15406.0,0.0,0.0,0.0,0.0,0.0,0.0,0.0,0.0,0.0,359.0,0.0,0.0,0.0,0.0,32.0
2019-12-21T19:00:00.0,0.0,831.0,0.0,1193.0,13815.0,0.0,0.0,0.0,0.0,0.0,0.0,0.0,0.0,0.0,364.0,0.0,0.0,0.0,0.0,28.0
2019-12-21T20:00:00.0,0.0,968.0,0.0,1190.0,11913.0,0.0,0.0,0.0,0.0,0.0,0.0,0.0,0.0,0.0,365.0,0.0,0.0,0.0,0.0,23.0
2019-12-21T21:00:00.0,0.0,879.0,0.0,1184.0,11630.0,0.0,0.0,0.0,0.0,0.0,0.0,0.0,0.0,0.0,363.0,0.0,0.0,0.0,0.0,19.0
2019-12-21T22:00:00.0,0.0,814.0,0.0,1181.0,11028.0,0.0,0.0,0.0,0.0,0.0,0.0,0.0,0.0,0.0,361.0,0.0,0.0,0.0,0.0,18.0
2019-12-21T23:00:00.0,0.0,708.0,0.0,1177.0,10289.0,0.0,0.0,0.0,0.0,0.0,0.0,0.0,0.0,0.0,359.0,0.0,0.0,0.0,0.0,16.0
2019-12-22T00:00:00.0,0.0,732.0,0.0,1191.0,9621.0,0.0,0.0,0.0,0.0,0.0,0.0,0.0,0.0,0.0,367.0,0.0,0.0,0.0,0.0,14.0
2019-12-22T01:00:00.0,0.0,725.0,0.0,1187.0,9195.0,0.0,0.0,0.0,0.0,0.0,0.0,0.0,0.0,0.0,372.0,0.0,0.0,0.0,0.0,12.0
2019-12-22T02:00:00.0,0.0,739.0,0.0,1183.0,8876.0,0.0,0.0,0.0,0.0,0.0,0.0,0.0,0.0,0.0,370.0,0.0,0.0,0.0,0.0,12.0
2019-12-22T03:00:00.0,0.0,702.0,0.0,1179.0,8747.0,0.0,0.0,0.0,0.0,0.0,0.0,0.0,0.0,0.0,372.0,0.0,0.0,0.0,0.0,14.0
2019-12-22T04:00:00.0,0.0,606.0,0.0,1175.0,8763.0,0.0,0.0,0.0,0.0,0.0,0.0,0.0,0.0,0.0,370.0,0.0,0.0,0.0,0.0,14.0
2019-12-22T05:00:00.0,0.0,607.0,0.0,1171.0,8723.0,0.0,0.0,0.0,0.0,0.0,0.0,0.0,0.0,0.0,374.0,0.0,0.0,0.0,0.0,14.0
2019-12-22T06:00:00.0,0.0,646.0,0.0,1166.0,9066.0,0.0,0.0,0.0,0.0,0.0,0.0,0.0,0.0,0.0,376.0,0.0,0.0,0.0,0.0,18.0
2019-12-22T07:00:00.0,0.0,626.0,0.0,1162.0,9789.0,0.0,0.0,0.0,0.0,0.0,0.0,0.0,0.0,0.0,373.0,0.0,0.0,0.0,0.0,17.0
2019-12-22T08:00:00.0,0.0,606.0,0.0,1156.0,10847.0,0.0,0.0,0.0,0.0,0.0,0.0,0.0,0.0,0.0,375.0,0.0,0.0,0.0,0.0,17.0
2019-12-22T09:00:00.0,0.0,589.0,0.0,1151.0,12107.0,0.0,0.0,0.0,0.0,0.0,0.0,0.0,0.0,0.0,371.0,0.0,0.0,0.0,0.0,17.0
2019-12-22T10:00:00.0,0.0,571.0,0.0,1147.0,13424.0,0.0,0.0,0.0,0.0,0.0,0.0,0.0,0.0,0.0,377.0,0.0,0.0,0.0,0.0,17.0
2019-12-22T11:00:00.0,0.0,622.0,0.0,1145.0,14518.0,0.0,0.0,0.0,0.0,0.0,0.0,0.0,0.0,0.0,373.0,0.0,0.0,0.0,0.0,19.0
2019-12-22T12:00:00.0,0.0,558.0,0.0,1143.0,14132.0,0.0,0.0,0.0,0.0,0.0,0.0,0.0,0.0,0.0,375.0,0.0,0.0,0.0,0.0,19.0
2019-12-22T13:00:00.0,0.0,567.0,0.0,1139.0,13177.0,0.0,0.0,0.0,0.0,0.0,0.0,0.0,0.0,0.0,374.0,0.0,0.0,0.0,0.0,19.0
2019-12-22T14:00:00.0,0.0,547.0,0.0,1137.0,13430.0,0.0,0.0,0.0,0.0,0.0,0.0,0.0,0.0,0.0,372.0,0.0,0.0,0.0,0.0,20.0
2019-12-22T15:00:00.0,0.0,553.0,0.0,1136.0,14263.0,0.0,0.0,0.0,0.0,0.0,0.0,0.0,0.0,0.0,372.0,0.0,0.0,0.0,0.0,18.0
2019-12-22T16:00:00.0,0.0,587.0,0.0,1132.0,15774.0,0.0,0.0,0.0,0.0,0.0,0.0,0.0,0.0,0.0,367.0,0.0,0.0,0.0,0.0,17.0
2019-12-22T17:00:00.0,0.0,544.0,0.0,1132.0,16586.0,0.0,0.0,0.0,0.0,0.0,0.0,0.0,0.0,0.0,373.0,0.0,0.0,0.0,0.0,17.0
2019-12-22T18:00:00.0,0.0,563.0,0.0,1130.0,15639.0,0.0,0.0,0.0,0.0,0.0,0.0,0.0,0.0,0.0,373.0,0.0,0.0,0.0,0.0,17.0
2019-12-22T19:00:00.0,0.0,537.0,0.0,1127.0,13610.0,0.0,0.0,0.0,0.0,0.0,0.0,0.0,0.0,0.0,370.0,0.0,0.0,0.0,0.0,16.0
2019-12-22T20:00:00.0,0.0,542.0,0.0,1124.0,12094.0,0.0,0.0,0.0,0.0,0.0,0.0,0.0,0.0,0.0,368.0,0.0,0.0,0.0,0.0,16.0
2019-12-22T21:00:00.0,0.0,536.0,0.0,1122.0,11447.0,0.0,0.0,0.0,0.0,0.0,0.0,0.0,0.0,0.0,370.0,0.0,0.0,0.0,0.0,15.0
2019-12-22T22:00:00.0,0.0,519.0,0.0,1120.0,10847.0,0.0,0.0,0.0,0.0,0.0,0.0,0.0,0.0,0.0,373.0,0.0,0.0,0.0,0.0,14.0
2019-12-22T23:00:00.0,0.0,520.0,0.0,1119.0,10030.0,0.0,0.0,0.0,0.0,0.0,0.0,0.0,0.0,0.0,373.0,0.0,0.0,0.0,0.0,13.0
2019-12-23T00:00:00.0,0.0,649.0,0.0,1105.0,9343.0,0.0,0.0,0.0,0.0,0.0,0.0,0.0,0.0,0.0,371.0,0.0,0.0,0.0,0.0,13.0
2019-12-23T01:00:00.0,0.0,643.0,0.0,1102.0,9156.0,0.0,0.0,0.0,0.0,0.0,0.0,0.0,0.0,0.0,372.0,0.0,0.0,0.0,0.0,12.0
2019-12-23T02:00:00.0,0.0,599.0,0.0,1101.0,8962.0,0.0,0.0,0.0,0.0,0.0,0.0,0.0,0.0,0.0,377.0,0.0,0.0,0.0,0.0,12.0
2019-12-23T03:00:00.0,0.0,578.0,0.0,1099.0,8896.0,0.0,0.0,0.0,0.0,0.0,0.0,0.0,0.0,0.0,364.0,0.0,0.0,0.0,0.0,12.0
2019-12-23T04:00:00.0,0.0,582.0,0.0,1100.0,9518.0,0.0,0.0,0.0,0.0,0.0,0.0,0.0,0.0,0.0,366.0,0.0,0.0,0.0,0.0,11.0
2019-12-23T05:00:00.0,0.0,563.0,0.0,1099.0,10369.0,0.0,0.0,0.0,0.0,0.0,0.0,0.0,0.0,0.0,372.0,0.0,0.0,0.0,0.0,11.0
2019-12-23T06:00:00.0,0.0,615.0,0.0,1094.0,11517.0,0.0,0.0,0.0,0.0,0.0,0.0,0.0,0.0,0.0,372.0,0.0,0.0,0.0,0.0,11.0
2019-12-23T07:00:00.0,0.0,589.0,0.0,1110.0,13159.0,0.0,0.0,0.0,0.0,0.0,0.0,0.0,0.0,0.0,376.0,0.0,0.0,0.0,0.0,10.0
2019-12-23T08:00:00.0,0.0,549.0,0.0,1123.0,15025.0,0.0,0.0,0.0,0.0,0.0,0.0,0.0,0.0,0.0,374.0,0.0,0.0,0.0,0.0,11.0
2019-12-23T09:00:00.0,0.0,521.0,0.0,1130.0,15629.0,0.0,0.0,0.0,0.0,0.0,0.0,0.0,0.0,0.0,369.0,0.0,0.0,0.0,0.0,11.0
2019-12-23T10:00:00.0,0.0,485.0,0.0,1134.0,15408.0,0.0,0.0,0.0,0.0,0.0,0.0,0.0,0.0,0.0,371.0,0.0,0.0,0.0,0.0,10.0
2019-12-23T11:00:00.0,0.0,461.0,0.0,1127.0,15205.0,0.0,0.0,0.0,0.0,0.0,0.0,0.0,0.0,0.0,371.0,0.0,0.0,0.0,0.0,4.0
2019-12-23T12:00:00.0,0.0,468.0,0.0,1126.0,15055.0,0.0,0.0,0.0,0.0,0.0,0.0,0.0,0.0,0.0,369.0,0.0,0.0,0.0,0.0,4.0
2019-12-23T13:00:00.0,0.0,475.0,0.0,1125.0,14861.0,0.0,0.0,0.0,0.0,0.0,0.0,0.0,0.0,0.0,369.0,0.0,0.0,0.0,0.0,5.0
2019-12-23T14:00:00.0,0.0,430.0,0.0,1125.0,14764.0,0.0,0.0,0.0,0.0,0.0,0.0,0.0,0.0,0.0,369.0,0.0,0.0,0.0,0.0,5.0
2019-12-23T15:00:00.0,0.0,350.0,0.0,1124.0,15629.0,0.0,0.0,0.0,0.0,0.0,0.0,0.0,0.0,0.0,367.0,0.0,0.0,0.0,0.0,5.0
2019-12-23T16:00:00.0,0.0,382.0,0.0,1123.0,17083.0,0.0,0.0,0.0,0.0,0.0,0.0,0.0,0.0,0.0,365.0,0.0,0.0,0.0,0.0,5.0
2019-12-23T17:00:00.0,0.0,320.0,0.0,1122.0,18601.0,0.0,0.0,0.0,0.0,0.0,0.0,0.0,0.0,0.0,370.0,0.0,0.0,0.0,0.0,5.0
2019-12-23T18:00:00.0,0.0,295.0,0.0,1119.0,18540.0,0.0,0.0,0.0,0.0,0.0,0.0,0.0,0.0,0.0,367.0,0.0,0.0,0.0,0.0,5.0
2019-12-23T19:00:00.0,0.0,264.0,0.0,1116.0,16212.0,0.0,0.0,0.0,0.0,0.0,0.0,0.0,0.0,0.0,368.0,0.0,0.0,0.0,0.0,5.0
2019-12-23T20:00:00.0,0.0,275.0,0.0,1114.0,14136.0,0.0,0.0,0.0,0.0,0.0,0.0,0.0,0.0,0.0,360.0,0.0,0.0,0.0,0.0,5.0
2019-12-23T21:00:00.0,0.0,250.0,0.0,1111.0,12500.0,0.0,0.0,0.0,0.0,0.0,0.0,0.0,0.0,0.0,368.0,0.0,0.0,0.0,0.0,5.0
2019-12-23T22:00:00.0,0.0,228.0,0.0,1108.0,11460.0,0.0,0.0,0.0,0.0,0.0,0.0,0.0,0.0,0.0,368.0,0.0,0.0,0.0,0.0,6.0
2019-12-23T23:00:00.0,0.0,272.0,0.0,1107.0,10839.0,0.0,0.0,0.0,0.0,0.0,0.0,0.0,0.0,0.0,369.0,0.0,0.0,0.0,0.0,5.0
2019-12-24T00:00:00.0,0.0,222.0,0.0,1089.0,11028.0,0.0,0.0,0.0,0.0,0.0,0.0,0.0,0.0,0.0,368.0,0.0,0.0,0.0,0.0,5.0
2019-12-24T01:00:00.0,0.0,216.0,0.0,1089.0,10278.0,0.0,0.0,0.0,0.0,0.0,0.0,0.0,0.0,0.0,372.0,0.0,0.0,0.0,0.0,5.0
2019-12-24T02:00:00.0,0.0,251.0,0.0,1088.0,9225.0,0.0,0.0,0.0,0.0,0.0,0.0,0.0,0.0,0.0,374.0,0.0,0.0,0.0,0.0,5.0
2019-12-24T03:00:00.0,0.0,276.0,0.0,1087.0,9227.0,0.0,0.0,0.0,0.0,0.0,0.0,0.0,0.0,0.0,366.0,0.0,0.0,0.0,0.0,5.0
2019-12-24T04:00:00.0,0.0,309.0,0.0,1086.0,9719.0,0.0,0.0,0.0,0.0,0.0,0.0,0.0,0.0,0.0,365.0,0.0,0.0,0.0,0.0,5.0
2019-12-24T05:00:00.0,0.0,273.0,0.0,1086.0,10646.0,0.0,0.0,0.0,0.0,0.0,0.0,0.0,0.0,0.0,369.0,0.0,0.0,0.0,0.0,4.0
2019-12-24T06:00:00.0,0.0,279.0,0.0,1085.0,11207.0,0.0,0.0,0.0,0.0,0.0,0.0,0.0,0.0,0.0,366.0,0.0,0.0,0.0,0.0,4.0
2019-12-24T07:00:00.0,0.0,303.0,0.0,1085.0,11790.0,0.0,0.0,0.0,0.0,0.0,0.0,0.0,0.0,0.0,364.0,0.0,0.0,0.0,0.0,4.0
2019-12-24T08:00:00.0,0.0,350.0,0.0,1086.0,12506.0,0.0,0.0,0.0,0.0,0.0,0.0,0.0,0.0,0.0,363.0,0.0,0.0,0.0,0.0,4.0
2019-12-24T09:00:00.0,0.0,351.0,0.0,1086.0,13761.0,0.0,0.0,0.0,0.0,0.0,0.0,0.0,0.0,0.0,365.0,0.0,0.0,0.0,0.0,4.0
2019-12-24T10:00:00.0,0.0,340.0,0.0,1090.0,13195.0,0.0,0.0,0.0,0.0,0.0,0.0,0.0,0.0,0.0,365.0,0.0,0.0,0.0,0.0,4.0
2019-12-24T11:00:00.0,0.0,321.0,0.0,1088.0,13456.0,0.0,0.0,0.0,0.0,0.0,0.0,0.0,0.0,0.0,366.0,0.0,0.0,0.0,0.0,4.0
2019-12-24T12:00:00.0,0.0,349.0,0.0,1089.0,13965.0,0.0,0.0,0.0,0.0,0.0,0.0,0.0,0.0,0.0,366.0,0.0,0.0,0.0,0.0,4.0
2019-12-24T13:00:00.0,0.0,339.0,0.0,1088.0,14132.0,0.0,0.0,0.0,0.0,0.0,0.0,0.0,0.0,0.0,367.0,0.0,0.0,0.0,0.0,4.0
2019-12-24T14:00:00.0,0.0,341.0,0.0,1088.0,14398.0,0.0,0.0,0.0,0.0,0.0,0.0,0.0,0.0,0.0,357.0,0.0,0.0,0.0,0.0,4.0
2019-12-24T15:00:00.0,0.0,306.0,0.0,1085.0,15389.0,0.0,0.0,0.0,0.0,0.0,0.0,0.0,0.0,0.0,371.0,0.0,0.0,0.0,0.0,4.0
2019-12-24T16:00:00.0,0.0,233.0,0.0,1084.0,16114.0,0.0,0.0,0.0,0.0,0.0,0.0,0.0,0.0,0.0,369.0,0.0,0.0,0.0,0.0,4.0
2019-12-24T17:00:00.0,0.0,300.0,0.0,1082.0,16349.0,0.0,0.0,0.0,0.0,0.0,0.0,0.0,0.0,0.0,368.0,0.0,0.0,0.0,0.0,4.0
2019-12-24T18:00:00.0,0.0,203.0,0.0,1083.0,13913.0,0.0,0.0,0.0,0.0,0.0,0.0,0.0,0.0,0.0,368.0,0.0,0.0,0.0,0.0,4.0
2019-12-24T19:00:00.0,0.0,164.0,0.0,1082.0,11640.0,0.0,0.0,0.0,0.0,0.0,0.0,0.0,0.0,0.0,366.0,0.0,0.0,0.0,0.0,4.0
2019-12-24T20:00:00.0,0.0,125.0,0.0,1080.0,11199.0,0.0,0.0,0.0,0.0,0.0,0.0,0.0,0.0,0.0,364.0,0.0,0.0,0.0,0.0,4.0
2019-12-24T21:00:00.0,0.0,116.0,0.0,1080.0,11076.0,0.0,0.0,0.0,0.0,0.0,0.0,0.0,0.0,0.0,361.0,0.0,0.0,0.0,0.0,4.0
2019-12-24T22:00:00.0,0.0,92.0,0.0,1079.0,11348.0,0.0,0.0,0.0,0.0,0.0,0.0,0.0,0.0,0.0,367.0,0.0,0.0,0.0,0.0,4.0
2019-12-24T23:00:00.0,0.0,93.0,0.0,1075.0,10974.0,0.0,0.0,0.0,0.0,0.0,0.0,0.0,0.0,0.0,364.0,0.0,0.0,0.0,0.0,4.0
2019-12-25T00:00:00.0,0.0,73.0,0.0,1060.0,10846.0,0.0,0.0,0.0,0.0,0.0,0.0,0.0,0.0,0.0,366.0,0.0,0.0,0.0,0.0,4.0
2019-12-25T01:00:00.0,0.0,101.0,0.0,1061.0,10557.0,0.0,0.0,0.0,0.0,0.0,0.0,0.0,0.0,0.0,366.0,0.0,0.0,0.0,0.0,4.0
2019-12-25T02:00:00.0,0.0,138.0,0.0,1059.0,10044.0,0.0,0.0,0.0,0.0,0.0,0.0,0.0,0.0,0.0,367.0,0.0,0.0,0.0,0.0,4.0
2019-12-25T03:00:00.0,0.0,143.0,0.0,1059.0,9957.0,0.0,0.0,0.0,0.0,0.0,0.0,0.0,0.0,0.0,367.0,0.0,0.0,0.0,0.0,4.0
2019-12-25T04:00:00.0,0.0,149.0,0.0,1057.0,10510.0,0.0,0.0,0.0,0.0,0.0,0.0,0.0,0.0,0.0,367.0,0.0,0.0,0.0,0.0,4.0
2019-12-25T05:00:00.0,0.0,168.0,0.0,1057.0,11296.0,0.0,0.0,0.0,0.0,0.0,0.0,0.0,0.0,0.0,371.0,0.0,0.0,0.0,0.0,4.0
2019-12-25T06:00:00.0,0.0,179.0,0.0,1055.0,11431.0,0.0,0.0,0.0,0.0,0.0,0.0,0.0,0.0,0.0,366.0,0.0,0.0,0.0,0.0,4.0
2019-12-25T07:00:00.0,0.0,197.0,0.0,1056.0,11837.0,0.0,0.0,0.0,0.0,0.0,0.0,0.0,0.0,0.0,368.0,0.0,0.0,0.0,0.0,4.0
2019-12-25T08:00:00.0,0.0,220.0,0.0,1057.0,12312.0,0.0,0.0,0.0,0.0,0.0,0.0,0.0,0.0,0.0,370.0,0.0,0.0,0.0,0.0,4.0
2019-12-25T09:00:00.0,0.0,236.0,0.0,1056.0,13084.0,0.0,0.0,0.0,0.0,0.0,0.0,0.0,0.0,0.0,368.0,0.0,0.0,0.0,0.0,4.0
2019-12-25T10:00:00.0,0.0,241.0,0.0,1051.0,12770.0,0.0,0.0,0.0,0.0,0.0,0.0,0.0,0.0,0.0,371.0,0.0,0.0,0.0,0.0,4.0
2019-12-25T11:00:00.0,0.0,261.0,0.0,1054.0,13274.0,0.0,0.0,0.0,0.0,0.0,0.0,0.0,0.0,0.0,372.0,0.0,0.0,0.0,0.0,4.0
2019-12-25T12:00:00.0,0.0,279.0,0.0,1050.0,13762.0,0.0,0.0,0.0,0.0,0.0,0.0,0.0,0.0,0.0,369.0,0.0,0.0,0.0,0.0,4.0
2019-12-25T13:00:00.0,0.0,319.0,0.0,1053.0,13433.0,0.0,0.0,0.0,0.0,0.0,0.0,0.0,0.0,0.0,366.0,0.0,0.0,0.0,0.0,4.0
2019-12-25T14:00:00.0,0.0,328.0,0.0,1053.0,13445.0,0.0,0.0,0.0,0.0,0.0,0.0,0.0,0.0,0.0,367.0,0.0,0.0,0.0,0.0,4.0
2019-12-25T15:00:00.0,0.0,340.0,0.0,1054.0,14378.0,0.0,0.0,0.0,0.0,0.0,0.0,0.0,0.0,0.0,366.0,0.0,0.0,0.0,0.0,4.0
2019-12-25T16:00:00.0,0.0,346.0,0.0,1053.0,15693.0,0.0,0.0,0.0,0.0,0.0,0.0,0.0,0.0,0.0,369.0,0.0,0.0,0.0,0.0,4.0
2019-12-25T17:00:00.0,0.0,360.0,0.0,1053.0,16152.0,0.0,0.0,0.0,0.0,0.0,0.0,0.0,0.0,0.0,365.0,0.0,0.0,0.0,0.0,4.0
2019-12-25T18:00:00.0,0.0,371.0,0.0,1053.0,15942.0,0.0,0.0,0.0,0.0,0.0,0.0,0.0,0.0,0.0,366.0,0.0,0.0,0.0,0.0,4.0
2019-12-25T19:00:00.0,0.0,368.0,0.0,1053.0,14230.0,0.0,0.0,0.0,0.0,0.0,0.0,0.0,0.0,0.0,366.0,0.0,0.0,0.0,0.0,5.0
2019-12-25T20:00:00.0,0.0,416.0,0.0,1051.0,13496.0,0.0,0.0,0.0,0.0,0.0,0.0,0.0,0.0,0.0,363.0,0.0,0.0,0.0,0.0,5.0
2019-12-25T21:00:00.0,0.0,416.0,0.0,1051.0,12945.0,0.0,0.0,0.0,0.0,0.0,0.0,0.0,0.0,0.0,362.0,0.0,0.0,0.0,0.0,5.0
2019-12-25T22:00:00.0,0.0,381.0,0.0,1047.0,12630.0,0.0,0.0,0.0,0.0,0.0,0.0,0.0,0.0,0.0,368.0,0.0,0.0,0.0,0.0,5.0
2019-12-25T23:00:00.0,0.0,402.0,0.0,1047.0,11654.0,0.0,0.0,0.0,0.0,0.0,0.0,0.0,0.0,0.0,368.0,0.0,0.0,0.0,0.0,5.0
2019-12-26T00:00:00.0,0.0,368.0,0.0,1036.0,10937.0,0.0,0.0,0.0,0.0,0.0,0.0,0.0,0.0,0.0,368.0,0.0,0.0,0.0,0.0,5.0
2019-12-26T01:00:00.0,0.0,399.0,0.0,1035.0,10447.0,0.0,0.0,0.0,0.0,0.0,0.0,0.0,0.0,0.0,368.0,0.0,0.0,0.0,0.0,6.0
2019-12-26T02:00:00.0,0.0,384.0,0.0,1035.0,10084.0,0.0,0.0,0.0,0.0,0.0,0.0,0.0,0.0,0.0,367.0,0.0,0.0,0.0,0.0,6.0
2019-12-26T03:00:00.0,0.0,425.0,0.0,1034.0,10265.0,0.0,0.0,0.0,0.0,0.0,0.0,0.0,0.0,0.0,364.0,0.0,0.0,0.0,0.0,5.0
2019-12-26T04:00:00.0,0.0,395.0,0.0,1034.0,10369.0,0.0,0.0,0.0,0.0,0.0,0.0,0.0,0.0,0.0,363.0,0.0,0.0,0.0,0.0,3.0
2019-12-26T05:00:00.0,0.0,336.0,0.0,1032.0,11395.0,0.0,0.0,0.0,0.0,0.0,0.0,0.0,0.0,0.0,365.0,0.0,0.0,0.0,0.0,2.0
2019-12-26T06:00:00.0,0.0,338.0,0.0,1031.0,11930.0,0.0,0.0,0.0,0.0,0.0,0.0,0.0,0.0,0.0,361.0,0.0,0.0,0.0,0.0,3.0
2019-12-26T07:00:00.0,0.0,229.0,0.0,1032.0,12416.0,0.0,0.0,0.0,0.0,0.0,0.0,0.0,0.0,0.0,367.0,0.0,0.0,0.0,0.0,2.0
2019-12-26T08:00:00.0,0.0,193.0,0.0,1032.0,13351.0,0.0,0.0,0.0,0.0,0.0,0.0,0.0,0.0,0.0,370.0,0.0,0.0,0.0,0.0,3.0
2019-12-26T09:00:00.0,0.0,209.0,0.0,1030.0,14581.0,0.0,0.0,0.0,0.0,0.0,0.0,0.0,0.0,0.0,360.0,0.0,0.0,0.0,0.0,3.0
2019-12-26T10:00:00.0,0.0,203.0,0.0,1033.0,14688.0,0.0,0.0,0.0,0.0,0.0,0.0,0.0,0.0,0.0,360.0,0.0,0.0,0.0,0.0,3.0
2019-12-26T11:00:00.0,0.0,188.0,0.0,1032.0,15646.0,0.0,0.0,0.0,0.0,0.0,0.0,0.0,0.0,0.0,361.0,0.0,0.0,0.0,0.0,2.0
2019-12-26T12:00:00.0,0.0,217.0,0.0,1031.0,15745.0,0.0,0.0,0.0,0.0,0.0,0.0,0.0,0.0,0.0,357.0,0.0,0.0,0.0,0.0,2.0
2019-12-26T13:00:00.0,0.0,153.0,0.0,1030.0,15651.0,0.0,0.0,0.0,0.0,0.0,0.0,0.0,0.0,0.0,359.0,0.0,0.0,0.0,0.0,3.0
2019-12-26T14:00:00.0,0.0,178.0,0.0,1026.0,16700.0,0.0,0.0,0.0,0.0,0.0,0.0,0.0,0.0,0.0,361.0,0.0,0.0,0.0,0.0,2.0
2019-12-26T15:00:00.0,0.0,171.0,0.0,1033.0,18546.0,0.0,0.0,0.0,0.0,0.0,0.0,0.0,0.0,0.0,356.0,0.0,0.0,0.0,0.0,2.0
2019-12-26T16:00:00.0,0.0,164.0,0.0,1033.0,19284.0,0.0,0.0,0.0,0.0,0.0,0.0,0.0,0.0,0.0,372.0,0.0,0.0,0.0,0.0,2.0
2019-12-26T17:00:00.0,0.0,189.0,0.0,1033.0,19961.0,0.0,0.0,0.0,0.0,0.0,0.0,0.0,0.0,0.0,371.0,0.0,0.0,0.0,0.0,0.0
2019-12-26T18:00:00.0,0.0,193.0,0.0,1033.0,19674.0,0.0,0.0,0.0,0.0,0.0,0.0,0.0,0.0,0.0,372.0,0.0,0.0,0.0,0.0,0.0
2019-12-26T19:00:00.0,0.0,162.0,0.0,1033.0,18183.0,0.0,0.0,0.0,0.0,0.0,0.0,0.0,0.0,0.0,373.0,0.0,0.0,0.0,0.0,0.0
2019-12-26T20:00:00.0,0.0,183.0,0.0,1032.0,15887.0,0.0,0.0,0.0,0.0,0.0,0.0,0.0,0.0,0.0,368.0,0.0,0.0,0.0,0.0,1.0
2019-12-26T21:00:00.0,0.0,240.0,0.0,1028.0,14432.0,0.0,0.0,0.0,0.0,0.0,0.0,0.0,0.0,0.0,369.0,0.0,0.0,0.0,0.0,1.0
2019-12-26T22:00:00.0,0.0,254.0,0.0,1028.0,13762.0,0.0,0.0,0.0,0.0,0.0,0.0,0.0,0.0,0.0,367.0,0.0,0.0,0.0,0.0,1.0
2019-12-26T23:00:00.0,0.0,265.0,0.0,1027.0,12074.0,0.0,0.0,0.0,0.0,0.0,0.0,0.0,0.0,0.0,361.0,0.0,0.0,0.0,0.0,1.0
2019-12-27T00:00:00.0,0.0,217.0,0.0,1014.0,11789.0,0.0,0.0,0.0,0.0,0.0,0.0,0.0,0.0,0.0,365.0,0.0,0.0,0.0,0.0,1.0
2019-12-27T01:00:00.0,0.0,242.0,0.0,1014.0,11368.0,0.0,0.0,0.0,0.0,0.0,0.0,0.0,0.0,0.0,365.0,0.0,0.0,0.0,0.0,1.0
2019-12-27T02:00:00.0,0.0,238.0,0.0,1015.0,10928.0,0.0,0.0,0.0,0.0,0.0,0.0,0.0,0.0,0.0,365.0,0.0,0.0,0.0,0.0,1.0
2019-12-27T03:00:00.0,0.0,250.0,0.0,1014.0,10961.0,0.0,0.0,0.0,0.0,0.0,0.0,0.0,0.0,0.0,366.0,0.0,0.0,0.0,0.0,1.0
2019-12-27T04:00:00.0,0.0,280.0,0.0,1015.0,11699.0,0.0,0.0,0.0,0.0,0.0,0.0,0.0,0.0,0.0,363.0,0.0,0.0,0.0,0.0,1.0
2019-12-27T05:00:00.0,0.0,396.0,0.0,1018.0,12555.0,0.0,0.0,0.0,0.0,0.0,0.0,0.0,0.0,0.0,366.0,0.0,0.0,0.0,0.0,1.0
2019-12-27T06:00:00.0,0.0,392.0,0.0,1018.0,13785.0,0.0,0.0,0.0,0.0,0.0,0.0,0.0,0.0,0.0,368.0,0.0,0.0,0.0,0.0,2.0
2019-12-27T07:00:00.0,0.0,373.0,0.0,1022.0,16978.0,0.0,0.0,0.0,0.0,0.0,0.0,0.0,0.0,0.0,367.0,0.0,0.0,0.0,0.0,2.0
2019-12-27T08:00:00.0,0.0,429.0,0.0,1020.0,18682.0,0.0,0.0,0.0,0.0,0.0,0.0,0.0,0.0,0.0,367.0,0.0,0.0,0.0,0.0,18.0
2019-12-27T09:00:00.0,0.0,520.0,0.0,1031.0,19613.0,0.0,0.0,0.0,0.0,0.0,0.0,0.0,0.0,0.0,359.0,0.0,0.0,0.0,0.0,22.0
2019-12-27T10:00:00.0,0.0,625.0,0.0,1030.0,19916.0,0.0,0.0,0.0,0.0,0.0,0.0,0.0,0.0,0.0,364.0,0.0,0.0,0.0,0.0,26.0
2019-12-27T11:00:00.0,0.0,745.0,0.0,1026.0,20547.0,0.0,0.0,0.0,0.0,0.0,0.0,0.0,0.0,0.0,359.0,0.0,0.0,0.0,0.0,30.0
2019-12-27T12:00:00.0,0.0,813.0,0.0,1028.0,20719.0,0.0,0.0,0.0,0.0,0.0,0.0,0.0,0.0,0.0,365.0,0.0,0.0,0.0,0.0,37.0
2019-12-27T13:00:00.0,0.0,926.0,0.0,1028.0,20877.0,0.0,0.0,0.0,0.0,0.0,0.0,0.0,0.0,0.0,358.0,0.0,0.0,0.0,0.0,40.0
2019-12-27T14:00:00.0,0.0,906.0,0.0,1027.0,21585.0,0.0,0.0,0.0,0.0,0.0,0.0,0.0,0.0,0.0,360.0,0.0,0.0,0.0,0.0,44.0
2019-12-27T15:00:00.0,0.0,872.0,0.0,1026.0,22011.0,0.0,0.0,0.0,0.0,0.0,0.0,0.0,0.0,0.0,359.0,0.0,0.0,0.0,0.0,47.0
2019-12-27T16:00:00.0,0.0,1059.0,0.0,1027.0,21979.0,0.0,0.0,0.0,0.0,0.0,0.0,0.0,0.0,0.0,357.0,0.0,0.0,0.0,0.0,49.0
2019-12-27T17:00:00.0,0.0,1015.0,0.0,1028.0,21840.0,0.0,0.0,0.0,0.0,0.0,0.0,0.0,0.0,0.0,359.0,0.0,0.0,0.0,0.0,50.0
2019-12-27T18:00:00.0,0.0,1072.0,0.0,1028.0,21612.0,0.0,0.0,0.0,0.0,0.0,0.0,0.0,0.0,0.0,357.0,0.0,0.0,0.0,0.0,52.0
2019-12-27T19:00:00.0,0.0,1133.0,0.0,1028.0,20928.0,0.0,0.0,0.0,0.0,0.0,0.0,0.0,0.0,0.0,367.0,0.0,0.0,0.0,0.0,52.0
2019-12-27T20:00:00.0,0.0,1074.0,0.0,1027.0,19223.0,0.0,0.0,0.0,0.0,0.0,0.0,0.0,0.0,0.0,368.0,0.0,0.0,0.0,0.0,53.0
2019-12-27T21:00:00.0,0.0,1157.0,0.0,1025.0,16675.0,0.0,0.0,0.0,0.0,0.0,0.0,0.0,0.0,0.0,371.0,0.0,0.0,0.0,0.0,52.0
2019-12-27T22:00:00.0,0.0,1256.0,0.0,1022.0,14765.0,0.0,0.0,0.0,0.0,0.0,0.0,0.0,0.0,0.0,368.0,0.0,0.0,0.0,0.0,50.0
2019-12-27T23:00:00.0,0.0,1314.0,0.0,1017.0,12436.0,0.0,0.0,0.0,0.0,0.0,0.0,0.0,0.0,0.0,368.0,0.0,0.0,0.0,0.0,49.0
2019-12-28T00:00:00.0,0.0,1303.0,0.0,992.0,12195.0,0.0,0.0,0.0,0.0,0.0,0.0,0.0,0.0,0.0,365.0,0.0,0.0,0.0,0.0,42.0
2019-12-28T01:00:00.0,0.0,1263.0,0.0,979.0,11724.0,0.0,0.0,0.0,0.0,0.0,0.0,0.0,0.0,0.0,367.0,0.0,0.0,0.0,0.0,41.0
2019-12-28T02:00:00.0,0.0,1279.0,0.0,973.0,10894.0,0.0,0.0,0.0,0.0,0.0,0.0,0.0,0.0,0.0,367.0,0.0,0.0,0.0,0.0,40.0
2019-12-28T03:00:00.0,0.0,1399.0,0.0,968.0,10489.0,0.0,0.0,0.0,0.0,0.0,0.0,0.0,0.0,0.0,366.0,0.0,0.0,0.0,0.0,40.0
2019-12-28T04:00:00.0,0.0,1474.0,0.0,967.0,10175.0,0.0,0.0,0.0,0.0,0.0,0.0,0.0,0.0,0.0,357.0,0.0,0.0,0.0,0.0,42.0
2019-12-28T05:00:00.0,0.0,1651.0,0.0,969.0,10099.0,0.0,0.0,0.0,0.0,0.0,0.0,0.0,0.0,0.0,364.0,0.0,0.0,0.0,0.0,42.0
2019-12-28T06:00:00.0,0.0,1450.0,0.0,971.0,10680.0,0.0,0.0,0.0,0.0,0.0,0.0,0.0,0.0,0.0,360.0,0.0,0.0,0.0,0.0,43.0
2019-12-28T07:00:00.0,0.0,1410.0,0.0,972.0,11913.0,0.0,0.0,0.0,0.0,0.0,0.0,0.0,0.0,0.0,365.0,0.0,0.0,0.0,0.0,43.0
2019-12-28T08:00:00.0,0.0,1421.0,0.0,976.0,13953.0,0.0,0.0,0.0,0.0,0.0,0.0,0.0,0.0,0.0,365.0,0.0,0.0,0.0,0.0,43.0
2019-12-28T09:00:00.0,0.0,1329.0,0.0,978.0,16609.0,0.0,0.0,0.0,0.0,0.0,0.0,0.0,0.0,0.0,365.0,0.0,0.0,0.0,0.0,43.0
2019-12-28T10:00:00.0,0.0,1364.0,0.0,983.0,17339.0,0.0,0.0,0.0,0.0,0.0,0.0,0.0,0.0,0.0,370.0,0.0,0.0,0.0,0.0,44.0
2019-12-28T11:00:00.0,0.0,1330.0,0.0,986.0,15852.0,0.0,0.0,0.0,0.0,0.0,0.0,0.0,0.0,0.0,372.0,0.0,0.0,0.0,0.0,43.0
2019-12-28T12:00:00.0,0.0,1271.0,0.0,988.0,14676.0,0.0,0.0,0.0,0.0,0.0,0.0,0.0,0.0,0.0,367.0,0.0,0.0,0.0,0.0,44.0
2019-12-28T13:00:00.0,0.0,1191.0,0.0,988.0,14594.0,0.0,0.0,0.0,0.0,0.0,0.0,0.0,0.0,0.0,372.0,0.0,0.0,0.0,0.0,45.0
2019-12-28T14:00:00.0,0.0,1342.0,0.0,991.0,15476.0,0.0,0.0,0.0,0.0,0.0,0.0,0.0,0.0,0.0,374.0,0.0,0.0,0.0,0.0,45.0
2019-12-28T15:00:00.0,0.0,1395.0,0.0,994.0,17524.0,0.0,0.0,0.0,0.0,0.0,0.0,0.0,0.0,0.0,375.0,0.0,0.0,0.0,0.0,44.0
2019-12-28T16:00:00.0,0.0,1380.0,0.0,997.0,18597.0,0.0,0.0,0.0,0.0,0.0,0.0,0.0,0.0,0.0,372.0,0.0,0.0,0.0,0.0,42.0
2019-12-28T17:00:00.0,0.0,1592.0,0.0,1002.0,18548.0,0.0,0.0,0.0,0.0,0.0,0.0,0.0,0.0,0.0,370.0,0.0,0.0,0.0,0.0,42.0
2019-12-28T18:00:00.0,0.0,1660.0,0.0,1005.0,17615.0,0.0,0.0,0.0,0.0,0.0,0.0,0.0,0.0,0.0,367.0,0.0,0.0,0.0,0.0,42.0
2019-12-28T19:00:00.0,0.0,1594.0,0.0,1008.0,16443.0,0.0,0.0,0.0,0.0,0.0,0.0,0.0,0.0,0.0,370.0,0.0,0.0,0.0,0.0,40.0
2019-12-28T20:00:00.0,0.0,1710.0,0.0,1011.0,14924.0,0.0,0.0,0.0,0.0,0.0,0.0,0.0,0.0,0.0,371.0,0.0,0.0,0.0,0.0,41.0
2019-12-28T21:00:00.0,0.0,1662.0,0.0,1010.0,13523.0,0.0,0.0,0.0,0.0,0.0,0.0,0.0,0.0,0.0,373.0,0.0,0.0,0.0,0.0,41.0
2019-12-28T22:00:00.0,0.0,1674.0,0.0,1014.0,12425.0,0.0,0.0,0.0,0.0,0.0,0.0,0.0,0.0,0.0,373.0,0.0,0.0,0.0,0.0,40.0
2019-12-28T23:00:00.0,0.0,1706.0,0.0,1016.0,10546.0,0.0,0.0,0.0,0.0,0.0,0.0,0.0,0.0,0.0,375.0,0.0,0.0,0.0,0.0,40.0
2019-12-29T00:00:00.0,0.0,1579.0,0.0,1017.0,10258.0,0.0,0.0,0.0,0.0,0.0,0.0,0.0,0.0,0.0,372.0,0.0,0.0,0.0,0.0,39.0
2019-12-29T01:00:00.0,0.0,1496.0,0.0,1012.0,9898.0,0.0,0.0,0.0,0.0,0.0,0.0,0.0,0.0,0.0,375.0,0.0,0.0,0.0,0.0,41.0
2019-12-29T02:00:00.0,0.0,1537.0,0.0,1011.0,9621.0,0.0,0.0,0.0,0.0,0.0,0.0,0.0,0.0,0.0,376.0,0.0,0.0,0.0,0.0,41.0
2019-12-29T03:00:00.0,0.0,1591.0,0.0,1011.0,8812.0,0.0,0.0,0.0,0.0,0.0,0.0,0.0,0.0,0.0,378.0,0.0,0.0,0.0,0.0,42.0
2019-12-29T04:00:00.0,0.0,1604.0,0.0,1018.0,8546.0,0.0,0.0,0.0,0.0,0.0,0.0,0.0,0.0,0.0,372.0,0.0,0.0,0.0,0.0,42.0
2019-12-29T05:00:00.0,0.0,1627.0,0.0,1030.0,8400.0,0.0,0.0,0.0,0.0,0.0,0.0,0.0,0.0,0.0,376.0,0.0,0.0,0.0,0.0,41.0
2019-12-29T06:00:00.0,0.0,1597.0,0.0,1044.0,8421.0,0.0,0.0,0.0,0.0,0.0,0.0,0.0,0.0,0.0,377.0,0.0,0.0,0.0,0.0,41.0
2019-12-29T07:00:00.0,0.0,1541.0,0.0,1055.0,8108.0,0.0,0.0,0.0,0.0,0.0,0.0,0.0,0.0,0.0,373.0,0.0,0.0,0.0,0.0,41.0
2019-12-29T08:00:00.0,0.0,1507.0,0.0,1067.0,8132.0,0.0,0.0,0.0,0.0,0.0,0.0,0.0,0.0,0.0,372.0,0.0,0.0,0.0,0.0,41.0
2019-12-29T09:00:00.0,0.0,1553.0,0.0,1080.0,9566.0,0.0,0.0,0.0,0.0,0.0,0.0,0.0,0.0,0.0,373.0,0.0,0.0,0.0,0.0,41.0
2019-12-29T10:00:00.0,0.0,1440.0,0.0,1106.0,10175.0,0.0,0.0,0.0,0.0,0.0,0.0,0.0,0.0,0.0,373.0,0.0,0.0,0.0,0.0,41.0
2019-12-29T11:00:00.0,0.0,1456.0,0.0,1126.0,10286.0,0.0,0.0,0.0,0.0,0.0,0.0,0.0,0.0,0.0,374.0,0.0,0.0,0.0,0.0,41.0
2019-12-29T12:00:00.0,0.0,1575.0,0.0,1145.0,10571.0,0.0,0.0,0.0,0.0,0.0,0.0,0.0,0.0,0.0,373.0,0.0,0.0,0.0,0.0,43.0
2019-12-29T13:00:00.0,0.0,1587.0,0.0,1159.0,9863.0,0.0,0.0,0.0,0.0,0.0,0.0,0.0,0.0,0.0,377.0,0.0,0.0,0.0,0.0,43.0
2019-12-29T14:00:00.0,0.0,1660.0,0.0,1172.0,10524.0,0.0,0.0,0.0,0.0,0.0,0.0,0.0,0.0,0.0,371.0,0.0,0.0,0.0,0.0,44.0
2019-12-29T15:00:00.0,0.0,1642.0,0.0,1175.0,11534.0,0.0,0.0,0.0,0.0,0.0,0.0,0.0,0.0,0.0,375.0,0.0,0.0,0.0,0.0,46.0
2019-12-29T16:00:00.0,0.0,1626.0,0.0,1193.0,11613.0,0.0,0.0,0.0,0.0,0.0,0.0,0.0,0.0,0.0,377.0,0.0,0.0,0.0,0.0,46.0
2019-12-29T17:00:00.0,0.0,1639.0,0.0,1201.0,11707.0,0.0,0.0,0.0,0.0,0.0,0.0,0.0,0.0,0.0,374.0,0.0,0.0,0.0,0.0,48.0
2019-12-29T18:00:00.0,0.0,1610.0,0.0,1203.0,11086.0,0.0,0.0,0.0,0.0,0.0,0.0,0.0,0.0,0.0,376.0,0.0,0.0,0.0,0.0,48.0
2019-12-29T19:00:00.0,0.0,1625.0,0.0,1205.0,10644.0,0.0,0.0,0.0,0.0,0.0,0.0,0.0,0.0,0.0,378.0,0.0,0.0,0.0,0.0,48.0
2019-12-29T20:00:00.0,0.0,1649.0,0.0,1213.0,10147.0,0.0,0.0,0.0,0.0,0.0,0.0,0.0,0.0,0.0,372.0,0.0,0.0,0.0,0.0,48.0
2019-12-29T21:00:00.0,0.0,1647.0,0.0,1217.0,9456.0,0.0,0.0,0.0,0.0,0.0,0.0,0.0,0.0,0.0,377.0,0.0,0.0,0.0,0.0,48.0
2019-12-29T22:00:00.0,0.0,1689.0,0.0,1224.0,8849.0,0.0,0.0,0.0,0.0,0.0,0.0,0.0,0.0,0.0,362.0,0.0,0.0,0.0,0.0,48.0
2019-12-29T23:00:00.0,0.0,1662.0,0.0,1221.0,8365.0,0.0,0.0,0.0,0.0,0.0,0.0,0.0,0.0,0.0,359.0,0.0,0.0,0.0,0.0,48.0
2019-12-30T00:00:00.0,0.0,1608.0,0.0,1258.0,7958.0,0.0,0.0,0.0,0.0,0.0,0.0,0.0,0.0,0.0,359.0,0.0,0.0,0.0,0.0,49.0
2019-12-30T01:00:00.0,0.0,1617.0,0.0,1263.0,7829.0,0.0,0.0,0.0,0.0,0.0,0.0,0.0,0.0,0.0,361.0,0.0,0.0,0.0,0.0,49.0
2019-12-30T02:00:00.0,0.0,1617.0,0.0,1263.0,7691.0,0.0,0.0,0.0,0.0,0.0,0.0,0.0,0.0,0.0,366.0,0.0,0.0,0.0,0.0,49.0
2019-12-30T03:00:00.0,0.0,1632.0,0.0,1262.0,7614.0,0.0,0.0,0.0,0.0,0.0,0.0,0.0,0.0,0.0,371.0,0.0,0.0,0.0,0.0,49.0
2019-12-30T04:00:00.0,0.0,1665.0,0.0,1264.0,7507.0,0.0,0.0,0.0,0.0,0.0,0.0,0.0,0.0,0.0,371.0,0.0,0.0,0.0,0.0,49.0
2019-12-30T05:00:00.0,0.0,1655.0,0.0,1266.0,7844.0,0.0,0.0,0.0,0.0,0.0,0.0,0.0,0.0,0.0,372.0,0.0,0.0,0.0,0.0,48.0
2019-12-30T06:00:00.0,0.0,1716.0,0.0,1258.0,8414.0,0.0,0.0,0.0,0.0,0.0,0.0,0.0,0.0,0.0,373.0,0.0,0.0,0.0,0.0,49.0
2019-12-30T07:00:00.0,0.0,1691.0,0.0,1270.0,9814.0,0.0,0.0,0.0,0.0,0.0,0.0,0.0,0.0,0.0,376.0,0.0,0.0,0.0,0.0,49.0
2019-12-30T08:00:00.0,0.0,1571.0,0.0,1283.0,11446.0,0.0,0.0,0.0,0.0,0.0,0.0,0.0,0.0,0.0,375.0,0.0,0.0,0.0,0.0,49.0
2019-12-30T09:00:00.0,0.0,1550.0,0.0,1293.0,11518.0,0.0,0.0,0.0,0.0,0.0,0.0,0.0,0.0,0.0,375.0,0.0,0.0,0.0,0.0,49.0
2019-12-30T10:00:00.0,0.0,1538.0,0.0,1304.0,10680.0,0.0,0.0,0.0,0.0,0.0,0.0,0.0,0.0,0.0,371.0,0.0,0.0,0.0,0.0,49.0
2019-12-30T11:00:00.0,0.0,1522.0,0.0,1307.0,10821.0,0.0,0.0,0.0,0.0,0.0,0.0,0.0,0.0,0.0,372.0,0.0,0.0,0.0,0.0,48.0
2019-12-30T12:00:00.0,0.0,1499.0,0.0,1318.0,10970.0,0.0,0.0,0.0,0.0,0.0,0.0,0.0,0.0,0.0,373.0,0.0,0.0,0.0,0.0,48.0
2019-12-30T13:00:00.0,0.0,1568.0,0.0,1314.0,10709.0,0.0,0.0,0.0,0.0,0.0,0.0,0.0,0.0,0.0,375.0,0.0,0.0,0.0,0.0,47.0
2019-12-30T14:00:00.0,0.0,1640.0,0.0,1309.0,11402.0,0.0,0.0,0.0,0.0,0.0,0.0,0.0,0.0,0.0,375.0,0.0,0.0,0.0,0.0,42.0
2019-12-30T15:00:00.0,0.0,1668.0,0.0,1308.0,12506.0,0.0,0.0,0.0,0.0,0.0,0.0,0.0,0.0,0.0,369.0,0.0,0.0,0.0,0.0,42.0
2019-12-30T16:00:00.0,0.0,1648.0,0.0,1308.0,12741.0,0.0,0.0,0.0,0.0,0.0,0.0,0.0,0.0,0.0,357.0,0.0,0.0,0.0,0.0,41.0
2019-12-30T17:00:00.0,0.0,1643.0,0.0,1311.0,12899.0,0.0,0.0,0.0,0.0,0.0,0.0,0.0,0.0,0.0,371.0,0.0,0.0,0.0,0.0,40.0
2019-12-30T18:00:00.0,0.0,1583.0,0.0,1310.0,12881.0,0.0,0.0,0.0,0.0,0.0,0.0,0.0,0.0,0.0,366.0,0.0,0.0,0.0,0.0,38.0
2019-12-30T19:00:00.0,0.0,1581.0,0.0,1308.0,10878.0,0.0,0.0,0.0,0.0,0.0,0.0,0.0,0.0,0.0,367.0,0.0,0.0,0.0,0.0,38.0
2019-12-30T20:00:00.0,0.0,1588.0,0.0,1297.0,9837.0,0.0,0.0,0.0,0.0,0.0,0.0,0.0,0.0,0.0,367.0,0.0,0.0,0.0,0.0,38.0
2019-12-30T21:00:00.0,0.0,1546.0,0.0,1293.0,9176.0,0.0,0.0,0.0,0.0,0.0,0.0,0.0,0.0,0.0,372.0,0.0,0.0,0.0,0.0,40.0
2019-12-30T22:00:00.0,0.0,1567.0,0.0,1294.0,8827.0,0.0,0.0,0.0,0.0,0.0,0.0,0.0,0.0,0.0,371.0,0.0,0.0,0.0,0.0,42.0
2019-12-30T23:00:00.0,0.0,1590.0,0.0,1293.0,8187.0,0.0,0.0,0.0,0.0,0.0,0.0,0.0,0.0,0.0,373.0,0.0,0.0,0.0,0.0,43.0
2019-12-31T00:00:00.0,0.0,1604.0,0.0,1372.0,8054.0,0.0,0.0,0.0,0.0,0.0,0.0,0.0,0.0,0.0,371.0,0.0,0.0,0.0,0.0,45.0
2019-12-31T01:00:00.0,0.0,1642.0,0.0,1380.0,7902.0,0.0,0.0,0.0,0.0,0.0,0.0,0.0,0.0,0.0,372.0,0.0,0.0,0.0,0.0,44.0
2019-12-31T02:00:00.0,0.0,1684.0,0.0,1385.0,7707.0,0.0,0.0,0.0,0.0,0.0,0.0,0.0,0.0,0.0,373.0,0.0,0.0,0.0,0.0,42.0
2019-12-31T03:00:00.0,0.0,1636.0,0.0,1389.0,7682.0,0.0,0.0,0.0,0.0,0.0,0.0,0.0,0.0,0.0,370.0,0.0,0.0,0.0,0.0,40.0
2019-12-31T04:00:00.0,0.0,1661.0,0.0,1385.0,7974.0,0.0,0.0,0.0,0.0,0.0,0.0,0.0,0.0,0.0,367.0,0.0,0.0,0.0,0.0,36.0
2019-12-31T05:00:00.0,0.0,1638.0,0.0,1387.0,8515.0,0.0,0.0,0.0,0.0,0.0,0.0,0.0,0.0,0.0,374.0,0.0,0.0,0.0,0.0,31.0
2019-12-31T06:00:00.0,0.0,1610.0,0.0,1387.0,9104.0,0.0,0.0,0.0,0.0,0.0,0.0,0.0,0.0,0.0,372.0,0.0,0.0,0.0,0.0,26.0
2019-12-31T07:00:00.0,0.0,1771.0,0.0,1387.0,10124.0,0.0,0.0,0.0,0.0,0.0,0.0,0.0,0.0,0.0,373.0,0.0,0.0,0.0,0.0,24.0
2019-12-31T08:00:00.0,0.0,1685.0,0.0,1379.0,11525.0,0.0,0.0,0.0,0.0,0.0,0.0,0.0,0.0,0.0,375.0,0.0,0.0,0.0,0.0,23.0
2019-12-31T09:00:00.0,0.0,1630.0,0.0,1375.0,12519.0,0.0,0.0,0.0,0.0,0.0,0.0,0.0,0.0,0.0,375.0,0.0,0.0,0.0,0.0,24.0
2019-12-31T10:00:00.0,0.0,1594.0,0.0,1382.0,12264.0,0.0,0.0,0.0,0.0,0.0,0.0,0.0,0.0,0.0,378.0,0.0,0.0,0.0,0.0,29.0
2019-12-31T11:00:00.0,0.0,1563.0,0.0,1379.0,12320.0,0.0,0.0,0.0,0.0,0.0,0.0,0.0,0.0,0.0,375.0,0.0,0.0,0.0,0.0,33.0
2019-12-31T12:00:00.0,0.0,1574.0,0.0,1381.0,13119.0,0.0,0.0,0.0,0.0,0.0,0.0,0.0,0.0,0.0,375.0,0.0,0.0,0.0,0.0,38.0
2019-12-31T13:00:00.0,0.0,1501.0,0.0,1372.0,13439.0,0.0,0.0,0.0,0.0,0.0,0.0,0.0,0.0,0.0,378.0,0.0,0.0,0.0,0.0,41.0
2019-12-31T14:00:00.0,0.0,1432.0,0.0,1369.0,14414.0,0.0,0.0,0.0,0.0,0.0,0.0,0.0,0.0,0.0,376.0,0.0,0.0,0.0,0.0,42.0
2019-12-31T15:00:00.0,0.0,1420.0,0.0,1365.0,15646.0,0.0,0.0,0.0,0.0,0.0,0.0,0.0,0.0,0.0,377.0,0.0,0.0,0.0,0.0,42.0
2019-12-31T16:00:00.0,0.0,1357.0,0.0,1359.0,16607.0,0.0,0.0,0.0,0.0,0.0,0.0,0.0,0.0,0.0,376.0,0.0,0.0,0.0,0.0,43.0
2019-12-31T17:00:00.0,0.0,1389.0,0.0,1360.0,17227.0,0.0,0.0,0.0,0.0,0.0,0.0,0.0,0.0,0.0,377.0,0.0,0.0,0.0,0.0,44.0
2019-12-31T18:00:00.0,0.0,1345.0,0.0,1355.0,16350.0,0.0,0.0,0.0,0.0,0.0,0.0,0.0,0.0,0.0,376.0,0.0,0.0,0.0,0.0,45.0
2019-12-31T19:00:00.0,0.0,1386.0,0.0,1351.0,14753.0,0.0,0.0,0.0,0.0,0.0,0.0,0.0,0.0,0.0,376.0,0.0,0.0,0.0,0.0,45.0
2019-12-31T20:00:00.0,0.0,1446.0,0.0,1349.0,13683.0,0.0,0.0,0.0,0.0,0.0,0.0,0.0,0.0,0.0,373.0,0.0,0.0,0.0,0.0,46.0
2019-12-31T21:00:00.0,0.0,1516.0,0.0,1347.0,13371.0,0.0,0.0,0.0,0.0,0.0,0.0,0.0,0.0,0.0,371.0,0.0,0.0,0.0,0.0,46.0
2019-12-31T22:00:00.0,0.0,1508.0,0.0,1345.0,13480.0,0.0,0.0,0.0,0.0,0.0,0.0,0.0,0.0,0.0,373.0,0.0,0.0,0.0,0.0,45.0
2019-12-31T23:00:00.0,0.0,1466.0,0.0,1341.0,12842.0,0.0,0.0,0.0,0.0,0.0,0.0,0.0,0.0,0.0,372.0,0.0,0.0,0.0,0.0,47.0
